50 70 30 15 25
4
4
5
5
5
3
3
4
1
3
3
2
3
1
3
4
5
2
1
1
2
5
4
4
4
3
5
4
2
4
1
3
3
5
3
2
1
2
5
2
1
5
4
5
1
5
3
3
1
1
4
5
3
4
3
4
2
3
2
5
3
4
3
1
1
4
4
2
2
5
0 5 5 5 1 3 4 5 5 3 5 2 4 1 4 1 4 1 4 1 4 3 2 1 1 2 2 2 5 3 1 2 5 4 4 2 5 3 4 2 2 2 3 5 4 2 5 4 3 3 2 5 4 5 2 3 2 2 5 3 2 3 2 4 2 2 4 2 4 3
3 0 4 1 4 3 5 4 3 4 4 3 2 3 5 2 1 4 4 4 3 4 4 4 5 4 1 3 2 2 3 5 3 4 4 1 3 2 5 1 3 4 4 4 4 1 2 2 1 3 4 4 2 5 2 1 5 3 1 2 5 1 4 1 1 5 2 3 1 1
1 2 0 3 4 2 1 1 1 3 2 3 1 4 4 3 2 5 1 1 3 2 1 3 3 3 3 3 2 5 4 3 4 2 4 4 4 4 3 4 5 1 5 3 3 5 5 1 1 4 3 3 2 2 2 3 2 2 5 4 4 5 1 3 2 4 1 1 4 4
2 2 5 0 4 4 1 4 2 2 4 2 4 5 4 4 5 5 5 3 3 4 5 5 4 5 3 4 5 4 3 4 2 1 3 4 1 3 2 3 3 3 5 5 5 3 3 5 1 2 3 3 5 3 1 4 5 4 4 5 2 1 5 1 5 5 5 5 3 2
2 2 2 4 0 4 4 1 1 4 3 3 1 5 3 2 2 5 2 5 5 1 2 3 4 4 5 1 2 2 4 3 5 1 1 1 2 2 5 1 1 1 3 3 2 1 5 3 3 3 3 3 1 2 3 3 5 3 5 4 1 3 1 5 3 3 4 2 1 3
3 5 2 2 1 0 2 4 2 3 3 1 5 5 5 5 4 5 4 2 5 1 2 4 3 2 1 4 2 3 2 3 2 3 1 4 2 3 2 1 5 5 2 5 1 2 3 1 2 3 3 5 3 4 2 2 2 5 3 5 2 4 4 2 3 3 4 3 2 4
3 5 1 4 1 4 0 4 1 4 1 1 3 1 5 3 2 2 3 5 2 3 5 3 1 2 1 2 5 3 1 1 5 3 5 4 1 2 4 4 5 1 1 4 2 3 3 1 1 4 2 1 2 2 3 2 1 5 3 2 2 4 5 5 4 3 2 4 1 4
3 4 1 3 2 3 2 0 5 2 3 2 4 2 5 4 2 4 5 4 3 1 5 4 2 3 3 5 4 2 5 1 2 2 5 4 2 3 3 4 1 4 1 3 4 1 5 1 3 4 4 2 4 5 3 4 4 4 2 5 3 4 3 3 5 2 4 1 4 3
5 1 1 3 5 5 5 1 0 1 5 1 4 2 3 3 3 2 3 4 1 2 2 5 1 3 2 4 4 2 3 1 3 5 2 1 2 4 2 5 4 1 2 1 2 4 2 3 3 1 1 1 3 4 5 2 5 3 1 1 5 4 2 5 5 1 4 5 1 1
1 1 3 3 2 2 2 1 2 0 1 4 5 3 5 4 3 3 1 2 4 2 3 2 1 5 2 3 4 2 3 3 4 3 4 5 1 4 5 5 3 1 1 4 3 5 4 2 3 2 4 4 5 3 3 5 3 2 4 1 5 3 5 3 3 3 5 5 4 1
2 2 1 2 4 5 4 4 2 2 0 1 1 1 3 3 1 5 3 5 1 4 5 1 2 5 2 5 5 1 3 3 2 2 2 5 3 1 4 5 4 5 5 4 1 5 5 4 2 4 5 3 2 1 5 1 5 2 3 4 5 1 1 3 5 4 5 2 2 5
4 4 4 3 1 3 3 4 4 2 2 0 1 2 1 5 4 5 5 4 1 4 3 3 3 2 4 4 1 3 5 4 4 2 4 5 5 2 5 1 4 4 2 5 4 5 4 5 1 4 2 4 3 4 5 3 4 1 3 3 3 2 1 5 4 5 1 5 1 1
3 1 1 1 5 2 1 2 1 2 1 4 0 2 2 3 3 3 5 5 1 3 4 2 4 3 2 3 1 5 3 2 5 3 5 2 4 4 3 3 1 5 2 1 2 4 5 1 2 5 4 4 4 4 4 1 1 4 3 3 1 1 3 4 2 5 1 4 4 1
1 3 3 5 5 1 1 3 5 4 1 4 4 0 2 5 2 4 4 5 5 4 2 2 1 3 5 2 5 2 3 5 5 5 4 5 3 2 5 4 4 2 1 3 1 2 3 3 4 5 1 3 1 2 1 1 2 2 1 4 4 4 2 3 5 5 1 5 3 4
1 4 5 1 1 3 4 4 3 5 3 2 5 3 0 4 1 3 5 1 4 4 1 5 2 3 2 4 3 1 5 2 5 1 3 1 2 3 2 4 1 5 4 3 3 1 5 3 2 3 5 3 3 3 1 5 5 1 4 3 5 2 3 5 3 5 4 4 3 3
3 2 1 3 3 5 1 5 2 2 2 4 1 2 2 0 4 4 2 1 4 2 1 4 5 5 1 1 5 2 3 4 4 1 1 3 5 2 5 4 4 2 1 4 3 5 5 4 4 2 5 3 3 2 5 2 5 4 1 3 4 3 5 3 2 4 1 2 1 1
4 5 1 3 3 5 1 3 2 5 4 3 3 2 1 5 0 5 5 5 5 5 3 1 2 4 5 2 1 4 2 2 5 5 5 5 3 5 2 2 2 1 1 2 2 3 3 2 1 3 1 2 1 2 5 2 2 2 2 2 3 4 2 5 3 4 3 4 2 2
1 2 3 1 1 3 1 3 5 2 3 3 4 1 4 2 3 0 4 4 1 1 4 2 5 2 1 2 2 5 1 4 1 4 5 1 2 2 3 4 1 3 5 3 2 5 1 3 1 2 5 3 2 5 1 1 3 1 3 5 5 4 3 3 2 3 5 3 4 2
4 4 1 4 2 3 3 2 2 1 3 2 4 4 1 2 3 5 0 2 1 2 4 2 5 3 1 1 3 3 1 3 3 5 1 1 3 5 5 1 5 2 3 1 5 3 5 5 2 3 5 1 2 5 3 2 1 2 2 5 3 5 3 4 3 5 2 5 1 3
2 1 2 4 1 4 3 5 5 1 2 3 3 3 2 1 5 2 5 0 3 5 3 1 5 1 4 4 4 1 1 4 2 1 3 5 3 3 2 3 1 3 4 1 3 5 4 1 1 1 2 3 2 3 3 3 1 3 3 1 4 1 4 3 2 5 5 3 1 5
3 3 4 4 3 3 1 2 5 3 2 2 4 1 2 5 5 5 5 5 0 3 2 3 3 2 1 5 1 4 2 5 2 1 5 2 2 5 2 1 5 5 2 4 3 4 4 5 1 1 2 5 4 2 1 4 1 1 1 4 2 2 5 5 4 4 4 5 4 4
1 3 1 5 1 1 4 2 4 5 5 2 4 2 4 4 5 2 2 5 1 0 1 3 4 1 3 3 5 4 5 2 3 5 3 4 1 5 3 3 4 2 5 2 3 1 2 3 4 5 2 5 1 1 1 2 1 2 3 3 4 1 2 2 5 2 5 4 1 4
3 1 2 1 5 4 5 2 4 4 5 5 5 1 1 4 3 5 2 3 3 1 0 1 2 2 2 3 3 4 1 3 2 5 4 3 3 4 1 5 5 4 4 5 2 1 3 2 4 3 2 2 4 5 5 2 2 2 1 3 4 3 1 1 2 1 4 1 4 4
1 4 4 1 5 2 4 1 3 3 5 5 2 5 2 4 4 3 4 4 2 1 1 0 3 4 5 1 1 3 5 3 5 1 2 5 5 5 2 1 3 4 1 2 3 3 1 5 4 5 2 4 4 2 4 5 4 3 1 4 5 5 3 1 5 4 5 1 3 4
4 5 4 4 4 1 3 4 5 1 3 1 3 5 4 1 3 3 5 3 3 1 3 3 0 5 2 3 1 5 1 4 5 1 2 5 2 1 2 2 1 1 3 3 4 5 5 2 4 3 4 4 1 4 5 1 5 2 2 1 2 2 5 4 1 2 2 5 4 5
2 5 1 2 3 1 5 5 5 3 1 4 5 3 1 2 5 2 5 3 5 2 1 4 3 0 5 5 2 2 3 5 2 5 5 5 3 2 2 4 3 2 4 2 1 1 2 5 5 5 1 5 4 1 1 5 2 4 5 5 1 3 2 1 4 1 1 2 2 2
2 3 3 2 3 3 2 1 4 5 3 4 2 2 3 3 4 2 1 5 5 1 1 3 5 2 0 2 5 2 1 2 3 1 4 2 4 1 2 1 2 2 1 4 1 2 5 1 1 4 4 2 4 3 4 2 4 1 4 1 5 3 4 4 2 4 5 1 2 2
3 2 3 2 2 4 2 4 2 4 3 4 4 4 4 3 1 4 5 4 4 5 2 5 4 4 3 0 4 4 5 3 3 1 1 2 1 4 4 5 5 1 5 2 5 2 1 3 4 4 2 1 5 1 1 5 1 5 4 2 2 1 4 1 5 1 4 4 2 2
4 1 1 4 2 3 5 3 3 4 3 4 1 3 3 2 2 3 3 5 3 5 1 1 5 1 3 2 0 5 1 5 3 2 5 4 5 3 5 2 2 1 3 2 4 4 2 3 1 2 5 3 1 1 2 4 1 3 4 2 1 2 1 4 4 5 1 1 1 5
3 2 3 2 1 4 5 5 3 2 5 1 1 5 4 5 3 5 2 4 3 4 1 3 2 5 4 4 3 0 3 3 1 4 3 1 1 5 4 1 3 2 4 5 1 5 3 1 1 1 5 1 3 5 3 1 1 1 4 5 4 1 2 3 1 2 5 3 4 1
1 1 2 4 3 1 2 5 2 5 3 2 3 1 1 1 3 5 3 4 4 1 5 3 4 2 2 2 2 3 0 5 4 2 3 4 4 5 2 3 4 3 3 5 3 5 5 5 2 4 1 5 1 1 2 2 4 4 3 4 4 4 2 1 5 3 4 2 4 2
3 3 2 3 1 4 2 5 1 2 4 3 3 3 3 5 4 2 5 4 1 4 3 3 1 5 3 5 1 2 3 0 2 3 1 4 1 4 4 4 1 3 2 4 2 3 5 5 2 1 2 3 5 3 1 1 4 1 5 2 2 3 3 1 4 3 3 2 5 4
5 2 4 1 2 4 3 5 3 1 3 4 4 2 4 4 2 3 3 2 2 1 5 2 4 1 2 3 2 3 5 5 0 2 5 1 1 4 3 5 4 2 1 4 3 5 5 2 1 3 1 5 1 4 4 3 3 1 1 5 4 5 1 1 3 4 1 2 1 3
4 3 2 2 5 4 5 4 1 4 5 5 1 3 5 1 5 5 1 2 2 3 2 5 5 5 4 3 3 1 3 2 4 0 5 3 1 3 3 5 2 3 3 1 1 2 1 1 3 3 3 1 2 3 4 3 4 2 3 5 3 5 2 2 1 5 5 4 4 4
1 5 2 4 1 2 5 5 5 2 5 1 1 5 3 1 4 2 1 4 1 5 5 2 1 5 2 4 3 1 5 2 1 1 0 2 1 1 2 5 5 1 4 3 3 4 3 2 3 5 4 5 2 2 3 3 5 2 5 3 4 5 5 1 4 1 1 3 5 4
5 2 5 5 2 4 2 4 5 1 1 2 4 3 5 5 2 4 3 1 1 1 1 2 4 2 2 2 2 2 5 5 4 4 5 0 1 2 3 5 4 4 1 1 3 3 5 5 4 2 2 2 4 3 4 4 2 3 5 1 1 1 1 2 5 5 4 1 1 2
3 1 5 5 5 1 3 1 2 4 3 5 4 2 1 5 3 4 1 5 4 5 3 1 4 5 3 2 5 5 2 2 1 2 4 2 0 2 2 2 4 4 5 2 2 2 4 3 3 5 3 4 1 2 1 5 4 5 1 4 1 1 5 2 3 5 5 2 3 5
4 4 4 2 4 5 1 2 4 5 5 5 1 5 4 1 4 5 4 2 5 5 4 5 3 2 5 1 3 5 2 4 4 3 4 1 3 0 1 5 5 4 3 1 2 4 2 5 2 2 4 2 4 5 1 3 3 3 3 2 4 1 3 2 2 2 5 4 1 3
3 1 4 3 4 1 4 4 5 3 4 1 1 2 4 3 4 2 5 4 3 3 3 1 1 2 1 1 2 3 3 4 5 2 1 1 2 5 0 1 2 5 1 3 1 3 3 3 5 1 4 3 4 1 1 4 1 4 1 4 4 5 3 3 2 2 3 5 4 5
2 3 5 4 1 4 4 4 2 1 5 4 2 2 1 3 5 1 3 4 2 2 1 2 2 1 1 1 2 1 5 1 5 1 4 5 3 3 5 0 5 5 2 1 2 5 1 3 2 1 1 5 3 5 3 1 1 2 4 2 3 4 2 1 4 1 5 5 3 5
1 5 1 4 5 3 2 5 1 1 4 5 3 5 5 2 1 5 1 3 3 3 1 2 4 4 2 2 2 5 1 4 4 2 2 4 3 1 1 4 0 1 5 5 2 5 4 5 5 4 4 2 1 5 5 5 4 4 1 5 5 2 1 3 1 5 5 2 5 3
1 5 5 1 4 2 1 2 1 4 2 3 1 2 3 3 4 1 4 4 5 5 2 4 3 2 1 3 4 5 5 1 5 4 5 1 2 4 2 5 1 0 5 3 4 1 3 4 4 4 1 4 3 3 2 3 5 4 3 4 2 3 3 5 4 5 4 5 5 5
4 4 5 1 2 4 3 2 5 1 2 2 3 3 4 1 3 5 2 4 4 2 1 1 3 3 2 3 2 3 5 2 1 3 1 1 1 1 2 2 2 5 0 4 5 1 5 2 1 5 5 3 4 2 1 3 5 4 4 5 3 5 4 4 3 5 5 5 5 3
1 2 3 2 3 4 5 1 2 4 2 3 1 1 3 2 3 3 3 1 1 2 1 1 3 1 3 3 3 3 4 1 2 5 2 4 5 4 5 3 2 4 2 0 4 2 3 2 5 3 1 1 5 5 1 4 2 5 5 3 4 5 3 5 2 1 5 2 5 4
2 3 4 4 5 4 2 1 4 2 3 4 4 2 2 3 2 2 2 2 2 3 3 2 5 4 1 1 1 3 2 2 1 4 5 3 5 3 1 2 2 4 2 2 0 2 3 4 1 3 2 5 2 2 5 4 2 5 2 2 4 3 3 4 4 4 4 1 4 4
1 4 1 4 1 2 3 5 5 1 4 3 3 2 2 3 2 5 5 1 1 2 5 5 1 4 1 2 4 4 4 3 2 1 2 1 3 2 1 2 2 4 1 1 2 0 3 5 4 3 5 5 3 4 5 4 2 5 1 3 1 2 4 5 4 5 1 1 2 4
1 2 3 5 1 3 3 4 5 4 4 5 2 1 2 5 2 2 5 2 5 1 2 4 3 2 1 2 4 2 3 3 4 1 3 3 1 4 3 1 5 4 5 2 5 3 0 2 5 1 4 4 2 1 3 1 2 5 3 2 5 1 3 2 2 5 5 3 4 1
4 5 2 4 4 3 4 5 5 3 2 5 1 5 4 1 3 3 4 3 4 4 1 3 1 4 4 2 1 2 2 4 4 5 1 3 3 4 2 1 2 3 1 3 1 1 2 0 3 1 3 4 3 2 2 3 1 2 5 5 1 2 5 1 1 2 4 3 3 1
4 5 5 1 2 1 2 2 3 1 1 1 1 4 1 1 5 4 2 3 4 1 5 1 5 3 5 4 3 2 4 3 4 2 4 1 2 3 3 5 2 3 2 4 4 3 1 5 0 4 3 5 5 5 4 1 1 5 1 3 3 2 2 2 2 4 4 5 2 4
3 3 1 4 2 3 3 1 3 5 4 3 3 4 3 2 1 1 4 3 1 5 5 1 4 3 1 5 1 3 2 4 3 4 3 2 4 4 2 3 1 3 4 3 3 4 5 4 4 0 2 5 5 1 3 4 1 1 5 3 3 1 5 3 1 2 2 3 3 4
5 2 2 5 1 4 5 1 4 3 3 5 5 2 5 3 4 3 1 2 3 2 2 5 4 4 5 5 4 1 4 5 5 5 3 3 3 3 4 4 5 4 4 1 1 4 2 1 5 1 0 2 2 5 1 2 3 2 2 1 4 4 5 4 3 5 5 4 3 3
3 5 3 4 3 1 4 1 3 2 3 5 1 2 4 2 1 2 4 4 4 2 4 5 2 1 4 3 4 4 3 1 5 3 3 1 4 4 4 4 1 2 1 2 2 5 4 3 2 2 3 0 4 2 3 1 4 1 3 1 5 1 2 3 4 5 3 2 1 4
2 3 4 4 5 2 1 3 2 5 4 1 1 2 4 3 2 1 4 5 4 4 3 2 3 2 3 1 1 2 5 1 2 5 2 4 3 2 1 3 3 5 4 5 1 4 4 1 4 2 5 3 0 2 4 4 4 1 1 5 5 2 4 1 4 4 1 5 1 3
3 4 3 3 4 2 1 2 4 4 4 5 1 5 1 1 2 2 3 2 3 1 3 3 3 1 5 4 4 3 2 3 1 3 2 5 4 5 4 2 5 5 5 5 5 4 4 2 5 4 3 4 5 0 5 4 2 2 2 3 1 3 4 4 1 2 2 4 2 2
1 1 1 5 5 5 1 4 3 5 2 1 2 1 1 2 2 5 2 3 4 2 3 4 5 3 3 2 1 5 4 3 2 4 2 2 4 2 2 3 4 3 4 5 4 3 1 1 2 3 2 2 2 5 0 5 5 4 2 5 3 3 5 2 1 4 5 4 1 4
2 2 1 2 2 1 4 3 5 1 3 4 4 4 4 1 1 2 5 1 2 3 5 4 5 1 1 2 3 5 2 4 4 2 1 3 2 1 2 3 2 2 5 1 2 1 1 3 4 5 2 5 5 1 1 0 2 5 4 3 2 5 1 1 3 1 3 5 3 1
1 2 2 4 2 4 4 1 1 5 1 4 5 3 2 5 4 2 5 5 1 2 1 3 5 1 4 5 4 4 1 1 4 2 2 5 4 1 4 4 5 5 4 5 5 4 2 3 1 3 3 1 2 1 4 2 0 4 5 3 1 2 2 2 3 5 2 5 2 3
4 2 5 4 5 4 2 4 4 3 3 4 2 5 4 4 5 2 2 2 3 4 4 3 1 1 3 1 3 4 3 3 1 3 3 5 1 3 5 1 2 2 1 4 1 4 2 3 1 4 1 3 1 1 5 3 5 0 2 5 3 5 3 5 3 5 1 3 4 5
5 3 2 1 1 5 2 3 1 5 2 1 4 1 3 1 3 5 4 1 2 2 2 4 2 4 2 5 5 4 2 3 4 2 2 4 4 1 1 5 2 1 2 1 4 5 5 4 2 1 4 2 2 5 5 2 4 4 0 4 4 3 4 2 2 1 1 2 4 2
5 4 3 1 5 1 3 5 4 3 4 3 2 3 2 2 4 4 4 5 5 2 1 1 3 1 2 3 3 2 5 3 5 3 4 3 4 5 3 4 1 5 3 4 4 2 3 1 5 2 1 3 5 5 5 1 2 4 1 0 2 5 3 1 4 2 5 5 2 4
5 2 3 5 5 5 5 2 2 3 1 4 2 2 2 5 3 4 1 3 1 3 2 4 2 4 5 5 5 4 5 4 5 5 2 3 1 5 3 1 4 4 2 5 5 5 4 5 3 3 4 3 1 4 3 3 3 3 3 4 0 5 4 3 3 2 5 2 1 3
1 3 2 3 5 5 2 5 2 2 4 1 2 5 2 2 4 4 3 4 4 4 1 1 1 1 5 5 3 1 2 4 1 1 5 2 5 4 1 2 4 1 1 4 1 1 1 4 5 3 4 5 2 5 3 4 2 2 1 2 2 0 5 5 3 2 5 2 1 1
4 2 4 3 2 3 4 3 5 3 3 1 2 1 3 2 4 1 1 3 2 1 4 3 5 3 2 2 4 4 3 2 3 5 4 2 4 1 5 2 4 2 3 4 1 1 2 4 5 2 5 5 2 3 3 5 5 5 1 3 2 2 0 5 4 3 4 2 3 2
1 2 1 3 1 3 3 1 1 5 4 2 1 1 3 2 3 2 4 2 2 3 3 3 2 1 2 4 5 5 4 4 1 4 3 2 1 3 2 1 3 5 1 3 4 4 3 5 2 4 4 3 5 5 3 1 5 3 2 1 3 3 5 0 4 1 5 5 1 4
1 2 4 3 2 1 5 3 1 1 1 4 2 1 1 1 4 1 3 5 2 3 3 2 3 5 5 2 2 2 2 1 3 3 4 1 1 2 4 3 4 1 4 3 3 4 1 4 4 3 3 1 4 2 5 5 5 5 4 4 2 4 1 4 0 3 1 4 3 5
3 2 1 3 1 4 1 5 4 5 3 3 3 4 1 2 5 5 3 4 1 1 3 3 2 3 3 1 4 4 5 3 1 2 1 3 1 4 4 1 5 4 2 2 3 3 4 4 4 3 2 5 5 1 4 5 2 1 3 2 1 1 1 2 4 0 1 5 1 3
3 3 4 2 1 4 3 1 3 3 3 2 5 2 3 2 4 3 5 5 1 2 5 1 1 2 5 2 1 3 4 4 1 5 2 2 2 2 4 3 2 3 2 5 4 4 1 3 2 1 3 2 2 3 4 1 2 1 3 4 3 4 5 5 4 4 0 1 2 2
4 1 5 1 1 3 1 1 1 3 2 2 3 3 3 1 1 5 4 1 3 3 3 2 4 1 4 3 1 3 5 3 2 5 3 5 1 3 3 4 3 5 2 2 2 3 2 1 4 3 3 5 3 1 5 1 2 4 2 1 1 5 2 2 4 4 3 0 2 1
5 2 4 1 4 1 4 4 5 3 2 4 3 5 5 2 5 1 4 3 4 4 3 5 1 4 1 4 1 1 1 2 4 3 2 4 3 2 5 4 2 2 4 5 3 2 1 1 3 4 1 5 1 3 5 4 2 1 2 4 4 3 4 1 2 2 5 5 0 2
3 3 3 1 4 4 5 4 3 5 1 2 5 1 1 1 2 5 2 3 3 5 3 5 4 3 5 2 2 4 2 3 1 2 4 4 5 5 2 3 2 3 3 5 5 4 5 5 4 1 5 5 5 2 3 4 2 5 4 1 1 2 4 5 3 1 4 5 4 0
70 2 27 42 21 4 6 38 12 53 45 4 29 60 2 4 61 67 59 69 47 34 37 39 14 39 43 67 66 54 9 61 18 26 28 2 5 37 34 17 62 4 59 38 24 67 44 62 59 44
34 56 60 37 50 45 27 49 14 59 3 36 28 27 10 59 9 24 39 68 19 44 36 13 34 63 27 51 25 40 37 41 13 55 25 66 4 51 2 28 34 39 21 24 38 61 27 63 60 69
57 43 10 58 42 57 16 64 48 22 5 43 47 47 61 39 58 55 70 35 58 63 47 15 24 12 10 32 28 70 54 7 31 54 4 37 35 52 25 25 23 19 20 22 14 47 24 26 66 29
30 57 26 6 30 11 64 36 65 56 22 27 50 31 68 63 25 53 24 53 40 48 31 6 59 1 2 2 70 62 23 66 30 45 17 19 52 28 11 52 53 17 31 70 35 50 58 31 33 28
20 67 43 39 62 51 29 34 30 16 36 50 34 8 65 46 18 11 30 7 53 58 48 61 57 3 28 66 63 24 1 25 12 9 60 39 43 16 42 61 22 67 3 63 54 33 68 24 15 34
54 7 42 11 26 9 13 15 4 55 43 68 64 65 33 38 54 7 4 54 25 43 54 46 28 52 12 29 44 7 48 44 59 2 10 46 3 31 60 20 66 11 22 34 68 5 5 68 68 39
66 70 7 24 60 60 61 37 10 2 27 42 32 58 15 53 40 58 12 67 45 12 51 36 17 48 47 24 64 33 3 5 15 36 67 32 20 27 67 56 43 62 25 16 9 21 59 55 35 7
6 16 46 35 44 23 15 65 70 3 52 61 53 49 17 56 55 18 42 11 34 39 20 20 12 8 24 38 49 44 60 69 66 19 8 43 70 46 68 22 36 59 13 21 39 31 25 49 49 57
36 46 5 33 65 29 25 16 42 63 70 55 40 15 49 62 42 22 21 2 62 9 9 11 19 35 53 20 21 38 16 53 1 59 36 35 63 53 29 62 27 51 5 41 32 1 53 60 22 27
51 11 47 65 22 17 44 59 37 29 60 39 51 48 53 1 45 17 55 8 3 50 44 38 37 38 45 26 41 61 22 19 56 60 70 24 62 47 61 10 68 45 61 26 37 64 43 16 29 38
9 38 49 67 58 65 68 24 66 7 32 17 5 5 38 52 47 61 8 16 8 15 39 60 23 60 35 1 15 59 45 16 35 18 57 50 59 12 53 12 64 65 42 17 60 34 66 9 39 26
48 23 24 13 11 20 35 22 33 45 20 2 24 59 60 37 22 3 68 9 57 51 45 62 9 22 11 30 18 47 63 11 67 48 22 13 39 48 26 24 42 22 69 69 10 13 47 20 55 2
40 53 56 17 38 55 32 40 35 14 7 9 67 11 39 58 29 35 32 24 24 17 15 68 55 14 56 65 40 3 68 67 11 52 51 63 37 61 38 23 1 60 64 43 58 11 52 37 10 55
21 22 30 15 33 30 49 7 69 68 35 57 56 56 13 31 44 51 41 42 29 5 16 23 54 15 16 3 31 67 14 36 14 35 40 10 51 7 51 35 12 1 67 56 1 59 45 34 41 51
62 35 19 3 70 21 34 63 27 11 44 54 9 1 55 27 1 29 56 43 70 4 25 5 45 66 52 68 24 51 69 51 29 50 30 65 67 23 1 14 50 18 44 30 25 18 3 40 67 63
43 18 44 27 14 31 65 52 11 8 0 44 17 68 62 45 48 45 16 34 16 16 12 66 35 43 0 10 34 55 31 2 42 58 69 4 9 20 39 26 57 69 17 33 55 60 31 14 24 58
60 63 1 16 1 43 54 70 17 50 0 58 59 35 7 0 15 23 23 12 17 29 69 22 68 68 0 61 61 58 62 12 54 30 64 34 46 14 3 8 65 34 27 19 28 30 41 48 48 47
10 8 63 5 15 35 41 10 8 37 0 6 4 51 30 0 56 21 0 31 7 21 24 0 58 37 0 37 0 6 24 49 25 0 58 31 57 43 56 2 30 0 10 59 48 58 49 28 0 5
5 0 39 51 0 47 1 62 47 18 0 0 13 53 8 0 51 56 0 28 0 64 14 0 51 4 0 13 0 41 70 70 50 0 5 22 38 32 0 11 0 0 48 1 59 70 17 47 0 36
61 0 0 56 0 33 42 45 1 34 0 0 37 39 22 0 0 5 0 57 0 53 46 0 32 62 0 39 0 0 15 32 16 0 15 0 64 64 0 0 0 0 0 13 63 63 57 50 0 54
0 0 0 4 0 0 45 0 28 0 0 0 69 28 21 0 0 28 0 45 0 36 28 0 64 46 0 7 0 0 57 15 41 0 49 0 33 65 0 0 0 0 0 0 6 4 54 38 0 48
0 0 0 1 0 0 46 0 0 0 0 0 57 2 4 0 0 34 0 0 0 57 30 0 47 29 0 57 0 0 39 26 47 0 50 0 1 3 0 0 0 0 0 0 57 7 51 36 0 0
0 0 0 38 0 0 0 0 0 0 0 0 10 29 59 0 0 9 0 0 0 61 1 0 18 56 0 59 0 0 26 23 10 0 55 0 0 2 0 0 0 0 0 0 47 10 29 0 0 0
0 0 0 12 0 0 0 0 0 0 0 0 0 0 11 0 0 0 0 0 0 25 35 0 26 67 0 0 0 0 10 0 20 0 38 0 0 0 0 0 0 0 0 0 52 27 0 0 0 0
0 0 0 54 0 0 0 0 0 0 0 0 0 0 54 0 0 0 0 0 0 0 0 0 0 10 0 0 0 0 0 0 63 0 0 0 0 0 0 0 0 0 0 0 26 0 0 0 0 0
0 0 0 0 0 0 0 0 0 0 0 0 0 0 0 0 0 0 0 0 0 0 0 0 0 0 0 0 0 0 0 0 0 0 0 0 0 0 0 0 0 0 0 0 0 0 0 0 0 0
0 0 0 0 0 0 0 0 0 0 0 0 0 0 0 0 0 0 0 0 0 0 0 0 0 0 0 0 0 0 0 0 0 0 0 0 0 0 0 0 0 0 0 0 0 0 0 0 0 0
0 0 0 0 0 0 0 0 0 0 0 0 0 0 0 0 0 0 0 0 0 0 0 0 0 0 0 0 0 0 0 0 0 0 0 0 0 0 0 0 0 0 0 0 0 0 0 0 0 0
0 0 0 0 0 0 0 0 0 0 0 0 0 0 0 0 0 0 0 0 0 0 0 0 0 0 0 0 0 0 0 0 0 0 0 0 0 0 0 0 0 0 0 0 0 0 0 0 0 0
0 0 0 0 0 0 0 0 0 0 0 0 0 0 0 0 0 0 0 0 0 0 0 0 0 0 0 0 0 0 0 0 0 0 0 0 0 0 0 0 0 0 0 0 0 0 0 0 0 0
