50 70 30 15 25
5
3
1
2
2
1
2
2
4
2
1
1
2
4
1
2
5
2
3
3
1
3
2
5
1
5
3
2
3
1
2
2
4
3
2
5
5
5
4
5
2
5
1
4
1
5
5
1
3
3
2
1
2
4
4
2
1
3
5
3
2
1
5
4
4
4
2
2
2
2
0 4 4 2 3 5 2 3 2 5 1 5 5 4 1 5 4 3 1 3 3 5 4 3 1 5 5 4 1 3 3 5 5 2 4 3 1 3 2 3 3 1 2 5 1 5 4 3 3 2 5 4 3 5 5 2 3 3 5 5 5 5 4 2 1 2 5 1 4 4
4 0 1 1 3 5 2 5 2 4 2 5 5 2 4 5 1 2 3 1 1 5 5 2 3 5 1 3 2 1 2 4 3 1 5 5 3 1 1 5 2 1 4 2 3 4 4 5 5 5 2 5 5 5 1 4 4 3 3 3 1 4 5 3 4 3 5 1 1 2
3 4 0 3 5 5 5 4 1 2 5 2 1 4 4 2 5 2 4 2 5 3 3 4 5 2 2 5 2 4 3 4 2 1 1 4 3 3 4 2 4 3 1 4 1 3 2 3 3 5 3 3 4 5 3 2 1 1 3 2 2 4 2 4 4 2 5 2 1 2
4 4 5 0 2 1 1 5 5 3 1 1 3 3 2 3 5 3 5 4 4 1 3 2 3 2 5 1 4 4 1 3 1 4 3 1 2 3 3 5 1 5 3 3 1 3 4 3 5 2 1 2 1 5 1 2 3 1 4 5 3 2 5 2 1 1 3 4 4 1
1 4 1 2 0 1 2 2 4 1 5 3 4 5 1 2 1 2 4 5 2 4 5 3 5 5 3 3 3 1 1 1 1 1 2 2 2 3 1 1 4 2 2 1 1 4 2 4 5 4 2 3 3 3 1 4 1 3 2 2 1 5 1 5 3 1 1 5 5 1
3 1 4 1 2 0 1 5 5 1 3 4 2 4 1 5 5 3 1 1 4 1 3 3 1 3 1 4 3 1 5 5 2 5 5 2 1 4 1 3 1 1 1 3 1 3 4 4 5 4 3 4 3 1 1 1 3 3 4 1 4 1 2 5 5 4 5 5 3 1
4 4 4 2 2 1 0 1 4 5 3 4 2 1 4 1 3 1 4 2 3 4 3 5 4 4 2 1 3 4 1 1 4 2 3 3 2 1 5 5 5 3 1 3 2 3 3 5 1 3 3 5 3 2 1 5 4 2 2 4 1 3 4 1 5 4 2 5 2 5
1 1 2 4 2 1 2 0 5 1 3 4 3 5 3 4 1 3 4 5 2 3 2 3 2 5 5 1 1 5 1 1 1 3 5 1 4 2 3 5 3 4 4 4 2 3 2 5 2 4 5 2 3 1 4 3 2 5 3 1 1 4 3 2 2 5 3 3 3 1
3 3 1 4 4 4 5 5 0 5 3 5 1 4 5 5 1 4 5 4 5 5 3 3 1 2 3 5 3 5 5 2 4 4 2 5 1 2 5 2 1 3 5 4 4 3 2 1 5 2 1 5 5 5 2 2 1 5 4 1 2 2 2 2 4 4 2 4 5 1
5 2 2 5 4 2 2 3 3 0 4 4 2 1 5 4 1 4 2 1 4 3 1 2 2 5 1 2 3 4 2 4 5 5 5 5 4 2 4 2 3 4 3 5 5 1 1 1 5 2 5 5 1 4 2 5 4 2 1 4 4 3 5 5 1 2 2 1 3 5
2 2 2 5 1 4 2 3 1 1 0 4 2 1 4 3 3 3 2 4 5 4 3 1 2 5 3 2 5 3 3 4 5 2 4 5 5 5 1 4 5 3 1 3 1 2 4 2 1 1 2 2 2 5 5 2 2 3 3 3 2 4 2 3 2 5 5 3 5 2
5 1 2 4 4 4 1 4 2 1 3 0 1 3 3 5 2 4 5 2 2 2 5 3 2 2 5 3 1 5 1 4 2 2 4 2 2 2 5 1 5 4 5 3 2 2 4 3 1 4 2 2 4 1 2 3 5 3 5 5 1 4 3 4 5 5 5 3 2 5
2 5 1 5 2 4 2 3 5 2 4 3 0 4 4 4 1 1 1 5 1 1 2 1 1 3 4 4 1 5 5 1 5 4 3 1 3 3 2 2 4 1 2 1 2 2 5 1 3 1 2 1 2 3 4 4 5 3 5 1 4 1 2 1 5 2 3 3 4 4
1 5 5 2 3 4 3 1 2 2 5 1 2 0 2 1 2 2 3 2 4 5 5 5 1 2 1 1 5 1 4 2 1 2 2 1 5 2 4 2 3 3 4 3 1 5 3 3 3 2 4 2 5 5 1 4 1 3 5 5 5 2 2 5 3 5 4 3 5 2
1 3 1 5 4 4 1 3 2 1 2 3 3 3 0 1 4 4 5 1 3 3 1 5 3 1 4 3 3 2 5 3 2 1 1 5 5 3 5 1 1 4 2 4 1 4 2 4 1 4 5 3 3 4 5 2 4 2 1 5 2 1 4 5 4 3 1 3 2 5
1 5 4 4 3 3 3 3 4 2 4 4 2 5 2 0 3 4 1 2 1 4 2 4 1 2 2 4 5 5 1 5 4 1 1 3 3 1 3 4 3 5 2 3 3 3 4 3 4 2 5 2 3 5 2 3 3 4 2 5 3 1 2 3 3 5 5 2 2 5
1 2 4 5 1 1 2 3 3 3 2 3 2 3 3 3 0 3 3 4 2 3 1 5 4 5 4 5 4 1 5 4 5 1 2 3 4 2 3 2 2 1 1 5 3 2 4 1 2 3 4 5 3 4 4 2 5 3 3 2 4 4 1 3 3 5 3 5 3 3
4 1 5 1 5 2 5 5 2 1 3 1 3 3 3 1 4 0 3 3 2 1 1 3 4 5 2 5 2 5 3 5 3 2 4 2 4 2 2 1 4 3 3 1 1 2 3 4 3 2 2 3 5 1 4 3 2 4 5 4 1 4 5 2 2 3 1 2 1 4
5 2 3 3 2 2 5 5 3 2 3 4 3 4 3 3 1 5 0 1 1 1 4 5 3 5 3 3 4 2 4 4 3 5 3 1 2 5 3 5 2 1 1 1 3 1 4 5 3 4 5 1 2 1 2 3 5 4 1 2 3 4 2 1 1 4 3 5 4 2
2 2 5 1 3 1 3 5 5 2 2 3 2 2 4 2 4 1 1 0 4 2 1 4 1 3 1 1 3 1 1 5 3 3 1 5 2 5 4 2 4 5 5 4 1 3 5 4 4 3 5 3 3 5 4 2 5 4 5 4 3 1 2 2 1 1 5 5 3 5
3 4 4 1 4 1 4 4 1 4 4 2 5 2 5 3 3 5 5 4 0 4 5 2 2 2 5 5 4 3 1 3 2 1 3 4 5 3 4 1 2 3 5 2 4 2 1 2 5 1 3 4 1 3 2 4 1 3 1 1 2 2 4 5 3 2 4 2 4 3
4 3 3 2 3 3 5 4 5 3 4 3 3 2 5 2 2 3 5 2 1 0 3 5 5 3 1 1 5 2 1 5 5 5 2 5 4 5 3 5 1 1 4 2 4 3 5 2 4 4 2 2 3 1 2 1 1 4 2 4 2 2 5 3 4 3 3 5 3 4
2 3 1 3 1 1 3 5 1 1 3 2 5 2 5 3 2 5 1 3 3 5 0 3 3 4 3 4 2 5 4 3 5 1 5 2 4 3 4 2 5 1 5 4 3 4 4 4 4 5 2 5 3 2 5 5 4 3 3 3 4 5 5 4 1 5 5 2 1 2
5 5 5 4 1 2 5 3 1 4 3 4 2 5 3 2 1 2 4 1 3 4 3 0 4 2 4 2 4 2 1 5 5 3 2 1 2 4 5 4 5 4 2 2 1 5 4 1 4 3 3 4 1 3 1 5 1 1 5 2 3 4 3 1 3 5 5 3 4 3
2 2 3 1 5 4 5 2 5 4 4 2 1 2 1 1 2 4 5 1 5 3 2 5 0 3 5 1 1 5 5 4 5 3 2 5 4 5 3 5 4 4 4 1 1 5 2 5 4 1 3 1 3 3 1 2 1 1 4 1 3 5 5 5 3 1 3 3 2 4
4 2 4 3 2 4 1 4 3 4 3 3 2 3 4 1 2 2 2 4 5 3 3 1 3 0 2 1 5 2 4 4 2 5 4 5 4 2 3 3 4 4 5 2 2 1 1 3 5 3 2 3 5 1 5 3 3 3 1 1 2 4 2 5 4 2 5 3 3 3
1 5 1 4 2 4 1 2 4 1 5 1 4 3 1 1 1 4 5 4 2 4 2 1 2 4 0 5 5 1 1 1 3 4 1 4 5 3 5 4 2 4 5 1 3 2 2 2 4 3 1 5 3 5 1 5 5 2 1 4 2 3 2 5 3 2 1 5 3 4
1 3 1 4 2 1 2 4 1 4 1 2 2 4 1 4 4 5 3 4 3 2 4 4 2 1 2 0 3 2 2 2 5 1 5 2 3 1 5 2 5 2 4 3 5 1 4 2 1 2 1 2 1 1 5 2 2 3 3 3 1 1 4 3 5 5 3 5 5 3
1 3 2 2 5 3 3 5 1 1 1 2 2 2 4 3 4 5 3 3 5 1 2 4 1 1 2 1 0 3 1 5 4 3 3 1 2 1 4 2 1 5 5 2 3 2 2 4 1 3 3 2 5 1 3 5 4 5 1 3 2 4 3 3 1 2 4 4 3 3
5 1 1 4 5 3 2 2 5 2 5 2 2 1 3 5 3 4 3 4 1 1 4 2 1 2 5 4 2 0 5 3 2 1 5 1 5 2 1 4 1 4 2 3 3 3 2 4 1 5 1 2 1 4 5 3 5 1 2 1 5 2 1 5 4 3 4 1 2 2
3 4 2 2 2 4 5 4 1 5 5 3 2 2 2 1 5 1 3 2 3 1 2 4 4 3 2 3 5 2 0 1 3 5 1 2 3 1 2 2 5 1 5 2 5 2 2 1 5 5 1 2 3 1 4 4 3 4 2 4 5 4 3 4 5 3 5 5 3 2
2 3 3 1 2 5 5 4 2 2 3 1 1 3 1 5 2 1 4 2 2 2 5 4 3 2 2 5 3 2 4 0 2 4 1 5 2 3 2 2 5 1 2 2 4 5 3 4 3 1 5 4 5 3 5 4 5 4 3 4 1 2 5 3 3 2 3 5 4 2
5 2 5 2 2 3 2 3 2 4 4 1 5 1 4 4 5 3 5 1 1 1 4 4 3 3 3 2 4 1 3 2 0 1 5 3 1 3 1 4 3 5 1 1 1 5 2 5 5 5 4 5 5 4 1 2 5 3 3 5 2 4 1 4 4 1 4 4 1 3
5 4 3 4 3 2 2 1 5 1 2 5 2 1 1 3 5 5 5 4 1 5 1 2 4 5 5 5 4 5 2 2 2 0 3 5 3 4 2 3 1 5 5 4 1 2 3 5 1 4 5 5 4 4 4 5 4 2 3 3 1 3 5 2 2 4 1 1 4 4
3 1 4 2 1 3 3 2 3 4 2 1 3 2 2 2 1 3 5 3 1 2 1 3 1 5 3 5 2 2 3 5 5 1 0 3 3 3 4 1 3 1 5 4 2 2 3 3 4 3 2 3 5 5 1 2 1 5 4 5 4 1 4 2 4 2 5 3 1 3
4 3 5 4 4 3 1 3 5 2 4 4 2 4 1 5 4 5 2 5 5 3 5 4 2 5 3 1 5 2 2 5 2 5 2 0 1 2 5 1 4 3 5 1 2 4 2 2 1 1 5 1 5 1 2 1 5 1 1 1 1 5 4 1 5 2 5 3 5 5
2 3 1 2 2 3 3 4 5 1 1 1 1 1 1 2 4 3 3 5 3 5 2 4 1 4 5 2 4 1 2 5 4 2 3 2 0 3 2 2 2 3 3 2 4 2 1 1 4 1 5 2 2 4 2 1 2 1 2 2 2 1 4 5 4 3 2 5 1 5
1 3 5 5 4 5 4 1 3 2 2 4 1 1 4 1 4 2 3 4 1 2 4 2 3 1 4 5 5 5 1 5 1 3 3 2 2 0 1 3 2 3 3 3 3 2 5 1 5 5 4 1 5 3 3 4 3 3 3 5 4 1 1 4 4 1 4 4 4 3
4 4 2 5 4 5 2 3 4 4 4 3 2 3 2 2 3 2 3 1 3 2 5 3 5 3 5 3 3 3 1 5 1 4 4 2 5 3 0 2 4 1 1 2 3 1 1 4 4 5 5 1 5 1 3 3 2 5 3 4 4 3 4 3 5 4 5 1 2 2
4 4 5 4 3 2 5 5 5 2 2 2 4 5 4 4 4 2 4 2 1 2 5 4 5 5 1 3 5 5 2 1 2 1 4 3 5 2 3 0 2 2 1 2 2 3 1 1 2 2 5 5 2 4 3 2 4 4 5 2 3 3 2 4 5 5 5 3 3 2
3 3 1 3 1 1 3 3 1 5 3 5 3 1 5 5 4 3 3 4 1 3 1 4 3 4 5 2 2 1 2 3 2 4 1 4 4 5 4 1 0 1 1 4 3 3 5 2 2 2 5 5 2 5 4 3 2 5 1 4 5 4 1 3 3 1 5 4 1 1
1 3 1 1 5 1 5 1 1 3 3 2 4 2 5 5 3 2 3 5 4 5 4 3 5 2 5 4 1 2 2 1 3 4 5 5 5 4 5 4 1 0 3 2 4 5 5 2 1 1 1 4 2 5 2 4 1 1 3 2 5 5 3 2 1 4 2 4 2 1
2 1 2 4 4 1 3 2 4 5 4 4 2 2 1 4 1 4 4 3 2 3 4 3 3 1 2 1 5 4 4 5 1 2 2 1 2 2 3 4 3 2 0 5 2 3 5 3 1 2 4 4 2 4 3 5 5 3 1 4 1 4 4 4 3 4 3 2 5 3
1 3 2 4 5 1 4 2 5 5 1 5 5 4 2 4 3 4 1 1 1 3 1 3 5 5 5 1 5 5 5 5 3 1 1 5 3 4 5 1 2 1 4 0 5 1 1 3 5 3 4 5 1 3 4 5 5 4 1 1 3 1 1 4 4 1 1 3 2 1
2 2 3 4 5 1 4 2 4 3 3 4 3 1 5 1 3 1 1 1 4 1 1 1 5 4 5 5 1 1 2 3 5 1 4 2 4 4 3 2 4 5 2 2 0 5 5 5 4 3 1 3 3 5 4 1 4 3 2 5 1 4 5 3 2 4 4 5 1 1
2 4 5 2 3 4 2 4 5 2 2 3 3 5 1 4 5 2 4 1 2 5 2 1 3 4 2 3 1 5 5 5 4 1 5 5 1 3 3 4 5 2 4 1 3 0 2 4 5 3 3 3 3 3 1 4 5 1 5 3 3 1 1 2 3 1 1 1 2 3
5 4 2 5 2 5 2 3 2 5 2 4 4 3 3 4 5 4 5 4 3 2 4 5 5 1 3 2 4 2 4 1 3 2 2 5 4 4 4 4 1 1 1 4 1 1 0 2 5 3 3 4 5 5 1 2 3 4 1 2 3 2 1 3 4 2 1 2 3 2
3 5 1 3 5 1 5 5 3 4 4 1 5 4 5 4 1 1 3 5 2 3 1 1 1 2 4 4 2 4 2 4 4 4 2 5 4 3 1 2 4 4 1 4 3 1 5 0 1 1 1 4 1 2 1 4 4 2 3 5 4 3 2 3 2 4 4 1 1 5
1 5 2 2 2 4 3 1 2 2 4 3 5 4 4 1 5 5 2 4 2 1 4 5 1 4 4 1 1 3 1 3 1 4 1 2 4 4 3 5 2 4 2 4 5 1 4 3 0 4 5 5 2 2 1 5 3 3 4 3 3 5 1 4 2 4 5 1 5 3
3 4 1 5 5 2 5 5 4 2 3 1 4 2 1 4 4 5 3 5 1 1 3 3 1 1 5 2 3 1 3 5 1 5 1 5 4 2 5 3 3 5 1 1 2 3 5 2 2 0 3 4 2 5 4 1 1 3 4 5 4 2 3 3 1 4 1 2 2 1
1 5 2 4 1 3 5 4 5 1 4 5 5 4 2 5 4 1 2 5 3 3 3 1 4 5 4 5 4 1 5 2 4 1 5 3 5 1 4 3 3 1 4 1 1 4 3 2 1 4 0 3 2 1 4 3 5 2 5 5 4 3 3 2 3 5 5 1 2 2
4 5 4 3 3 2 5 3 2 1 2 3 1 3 5 5 3 5 1 1 3 2 3 4 5 2 3 5 2 2 2 1 2 3 5 5 3 2 1 5 3 4 2 4 1 5 5 3 1 1 4 0 2 5 2 4 5 1 3 1 5 3 3 4 5 1 3 3 3 2
2 3 5 4 1 3 4 4 1 3 5 3 2 5 5 5 1 4 1 5 3 2 2 1 2 2 4 2 5 3 3 5 5 2 3 4 5 5 1 2 3 5 5 3 3 4 3 2 4 4 3 5 0 4 2 3 2 4 3 3 4 4 1 2 4 1 2 3 5 2
3 5 4 1 1 5 5 3 2 1 3 4 1 4 2 4 3 3 2 1 5 3 1 5 3 1 1 2 3 2 3 2 4 4 3 2 1 5 3 2 5 5 2 2 1 4 2 3 3 2 5 2 3 0 1 3 4 1 1 1 2 2 3 5 3 1 2 1 2 5
5 4 1 2 5 1 4 3 3 1 1 1 1 3 1 3 5 3 3 2 5 3 5 4 2 4 5 4 4 2 5 2 4 2 1 3 2 3 3 3 2 4 5 5 3 4 2 2 3 2 3 4 3 5 0 2 3 4 5 2 4 3 4 5 5 3 1 4 1 2
3 2 5 1 2 4 2 1 4 1 3 5 2 2 2 5 1 3 5 1 1 4 2 4 3 5 1 2 4 1 4 4 5 3 4 4 1 4 3 1 4 4 1 4 3 2 1 1 5 3 1 2 2 3 3 0 1 2 1 2 2 1 1 3 5 2 2 5 1 3
5 5 5 3 3 4 5 2 4 4 5 3 2 4 3 1 1 3 5 3 4 2 4 5 2 3 1 1 3 5 1 1 5 5 5 1 5 5 4 5 3 4 5 2 1 1 4 5 3 1 3 5 4 3 1 3 0 5 3 5 1 2 4 4 4 5 1 1 2 3
4 1 4 3 2 1 5 1 4 3 4 4 3 4 4 1 1 1 1 3 4 5 4 1 3 1 5 4 4 3 4 1 2 2 1 5 3 3 3 3 3 4 2 3 5 2 3 4 4 5 2 2 3 4 1 4 5 0 5 3 2 5 4 3 5 3 2 1 1 1
3 3 1 4 4 3 3 4 2 5 3 4 3 1 2 3 4 5 3 5 3 3 5 5 5 2 5 5 1 2 2 3 4 2 4 1 4 4 2 1 5 2 5 5 2 2 2 1 4 1 2 4 3 4 5 2 3 5 0 1 1 2 4 4 5 2 4 3 4 1
2 1 1 1 1 4 2 2 5 4 1 5 3 2 5 2 3 3 3 4 4 3 1 2 1 4 5 3 2 3 1 3 2 1 3 5 4 2 5 2 2 3 2 4 4 4 4 4 4 3 2 3 3 1 3 1 3 5 2 0 4 4 2 2 4 1 1 2 5 5
5 3 2 5 1 2 1 2 1 4 5 2 4 1 2 2 3 3 2 5 1 3 1 2 1 1 3 4 2 5 4 3 3 3 2 1 1 2 4 5 5 2 1 1 1 4 5 1 2 5 4 1 4 5 4 2 4 1 5 4 0 2 2 3 5 5 4 1 4 5
1 5 1 3 4 3 4 5 3 3 5 5 3 4 4 1 1 1 5 5 4 4 5 5 3 1 5 5 3 4 1 5 3 3 2 4 5 1 4 3 5 4 4 5 2 4 3 2 4 4 1 5 3 5 5 5 5 4 5 1 5 0 1 3 2 3 3 4 2 4
4 5 1 5 3 3 2 3 4 2 4 1 5 5 5 3 4 4 4 5 5 5 4 3 3 3 4 2 2 5 4 5 5 2 2 1 5 5 1 1 3 1 5 4 2 1 3 4 1 3 3 2 3 3 5 3 3 1 4 2 5 3 0 3 4 4 5 2 5 2
3 2 5 1 2 3 4 4 3 3 1 3 5 5 3 5 1 5 3 1 4 5 3 3 1 2 2 5 5 4 3 1 2 1 5 5 2 4 3 3 2 3 4 3 1 1 3 2 3 2 5 4 1 1 2 1 3 1 2 4 5 4 3 0 3 4 4 5 3 1
5 2 1 2 4 5 4 1 5 5 1 1 2 3 3 4 3 3 3 3 4 2 1 5 1 4 5 5 1 3 5 5 4 5 4 2 3 1 4 5 3 2 1 4 4 5 5 1 4 2 1 3 1 2 5 5 3 3 5 5 1 5 3 1 0 4 3 4 4 5
3 3 4 1 2 5 4 5 1 1 5 5 5 2 1 5 5 3 4 3 5 3 1 3 2 3 3 2 4 4 4 1 5 5 4 2 2 2 3 2 4 3 3 1 1 2 1 2 2 1 2 5 1 1 5 2 5 5 3 3 2 1 4 5 2 0 5 1 1 2
2 3 5 2 2 4 4 2 1 5 1 3 4 3 4 1 5 3 3 5 1 1 4 2 1 3 4 3 5 3 5 2 4 5 5 4 5 3 3 2 4 3 1 5 3 3 1 1 5 1 3 5 2 2 5 2 5 4 3 2 4 3 3 5 2 5 0 3 4 5
5 5 3 4 2 2 3 2 3 1 2 1 2 4 2 5 2 1 2 3 5 3 1 2 5 2 2 2 2 5 3 3 2 2 3 1 5 4 4 3 3 3 2 5 3 1 4 5 4 5 2 4 5 1 3 1 3 1 3 5 5 1 3 4 1 4 4 0 3 5
2 5 5 3 5 4 5 2 1 5 3 1 4 3 3 1 3 2 5 4 4 2 4 5 3 4 2 5 3 5 1 3 3 5 1 3 5 4 2 2 3 1 3 2 4 5 3 2 1 5 5 5 2 3 4 4 4 2 3 4 1 3 1 1 1 1 3 3 0 1
3 2 3 2 5 2 1 2 3 3 2 4 3 3 2 5 1 3 5 5 4 4 4 3 4 2 2 2 1 4 1 2 2 2 4 3 2 3 2 2 3 5 2 5 5 5 3 2 1 3 2 1 2 3 3 5 3 2 1 3 1 1 1 3 4 1 1 1 4 0
58 42 62 40 38 22 2 23 65 17 67 13 14 23 25 52 2 14 5 67 15 63 2 9 54 34 54 12 29 19 54 53 20 13 24 21 44 11 4 45 67 28 58 37 57 19 68 22 14 14
63 25 31 33 47 19 29 30 17 38 64 9 30 60 32 17 51 10 1 56 39 30 59 36 44 63 16 33 61 16 23 3 31 58 15 13 59 25 14 11 46 54 54 34 52 13 53 18 47 37
9 22 70 1 39 18 33 35 39 56 4 68 33 62 58 63 32 48 18 3 43 4 39 2 7 4 8 62 20 28 26 52 14 53 35 30 52 9 49 21 17 9 3 59 60 10 1 62 30 28
62 59 55 23 57 6 12 6 67 59 50 12 9 9 68 19 1 7 11 2 3 18 58 32 6 23 1 10 66 43 20 14 17 63 61 25 4 60 68 13 47 27 36 51 43 41 46 66 69 57
42 70 43 11 56 3 65 18 59 39 18 3 39 31 53 51 26 35 66 54 41 8 23 20 52 55 42 47 31 9 44 16 68 8 42 62 35 7 58 17 50 68 66 12 18 60 47 10 17 39
7 2 19 52 53 38 23 53 21 45 28 37 15 25 33 13 22 66 9 8 24 67 29 44 59 11 34 2 10 23 49 62 58 12 7 58 67 61 38 49 28 2 6 8 35 62 42 42 1 40
18 7 48 20 55 32 66 2 9 48 36 57 25 1 63 67 7 56 15 45 4 68 4 45 35 13 61 11 45 24 4 51 51 7 26 45 68 26 5 59 5 16 30 9 36 15 36 17 35 11
35 68 15 34 67 5 57 59 43 65 60 43 37 52 57 6 41 31 45 20 31 7 12 22 68 64 53 63 26 50 37 43 24 31 4 2 66 3 59 3 24 46 11 52 13 31 14 65 18 41
60 30 61 66 70 64 31 46 20 37 26 67 16 65 62 36 54 25 23 49 12 61 42 39 66 70 58 9 60 6 34 54 28 65 32 47 6 22 50 67 55 44 32 7 4 24 48 3 59 52
59 60 45 37 11 1 26 69 50 13 63 23 18 39 28 42 45 41 62 7 8 15 21 12 21 51 40 48 2 29 35 32 63 55 27 10 31 45 18 47 61 6 44 42 10 32 63 51 56 51
10 51 59 16 66 29 60 68 58 52 19 28 38 22 45 33 47 45 21 44 13 29 54 23 18 47 7 4 17 68 33 8 9 6 60 35 23 48 33 10 70 20 56 67 20 16 23 46 24 70
70 48 25 39 51 45 61 14 19 35 42 58 62 14 42 26 5 63 65 52 9 20 7 47 45 38 10 17 3 33 69 69 7 3 48 68 65 33 63 41 40 26 51 55 26 5 69 27 2 3
56 56 5 70 6 34 30 27 8 3 39 10 48 58 43 38 23 21 7 58 11 59 67 13 1 17 60 64 51 47 25 40 50 33 29 63 58 40 42 29 35 25 20 16 15 26 50 25 39 7
28 29 65 43 46 23 46 55 2 31 31 49 57 8 46 37 16 9 50 43 67 69 31 7 3 67 38 15 35 62 63 70 56 45 51 34 17 51 48 66 54 58 42 23 24 68 60 26 48 17
45 10 39 26 25 46 10 31 53 4 40 65 41 10 31 39 12 33 30 5 36 34 40 34 38 21 41 1 67 39 67 5 26 18 8 57 33 4 25 55 39 38 61 49 33 2 18 39 55 36
8 18 18 5 31 21 15 29 70 44 37 21 19 12 17 35 57 0 51 35 16 42 55 28 34 33 5 44 28 52 38 64 40 10 0 49 13 17 26 7 58 41 59 31 28 53 0 59 4 27
0 15 8 13 34 36 36 13 24 7 0 0 32 54 9 70 62 0 67 65 30 31 16 30 29 45 68 31 46 54 36 15 3 0 0 44 26 0 0 61 44 32 25 3 30 65 0 35 25 42
0 55 40 0 42 59 5 0 40 55 0 0 0 13 3 0 50 0 19 60 0 46 0 6 0 20 22 27 14 59 29 45 33 0 0 52 54 0 0 36 33 56 60 69 55 0 0 12 0 48
0 34 0 0 59 0 32 0 35 2 0 0 0 17 48 0 43 0 70 11 0 14 0 40 0 58 21 13 21 25 27 0 2 0 0 53 56 0 0 43 64 31 27 56 22 0 0 13 0 65
0 28 0 0 50 0 58 0 6 21 0 0 0 0 38 0 49 0 31 1 0 62 0 27 0 44 48 67 56 44 0 0 39 0 0 0 7 0 0 18 43 48 9 0 0 0 0 9 0 15
0 49 0 0 48 0 45 0 16 54 0 0 0 0 0 0 34 0 41 68 0 51 0 33 0 29 15 0 23 69 0 0 30 0 0 0 0 0 0 65 22 63 23 0 0 0 0 56 0 0
0 44 0 0 58 0 0 0 28 0 0 0 0 0 0 0 70 0 16 69 0 0 0 31 0 41 24 0 4 27 0 0 0 0 0 0 0 0 0 70 9 11 38 0 0 0 0 41 0 0
0 0 0 0 23 0 0 0 0 0 0 0 0 0 0 0 0 0 25 31 0 0 0 0 0 8 19 0 0 32 0 0 0 0 0 0 0 0 0 30 60 69 0 0 0 0 0 49 0 0
0 0 0 0 0 0 0 0 0 0 0 0 0 0 0 0 0 0 0 66 0 0 0 0 0 0 0 0 0 37 0 0 0 0 0 0 0 0 0 0 0 7 0 0 0 0 0 19 0 0
0 0 0 0 0 0 0 0 0 0 0 0 0 0 0 0 0 0 0 15 0 0 0 0 0 0 0 0 0 0 0 0 0 0 0 0 0 0 0 0 0 13 0 0 0 0 0 0 0 0
0 0 0 0 0 0 0 0 0 0 0 0 0 0 0 0 0 0 0 0 0 0 0 0 0 0 0 0 0 0 0 0 0 0 0 0 0 0 0 0 0 0 0 0 0 0 0 0 0 0
0 0 0 0 0 0 0 0 0 0 0 0 0 0 0 0 0 0 0 0 0 0 0 0 0 0 0 0 0 0 0 0 0 0 0 0 0 0 0 0 0 0 0 0 0 0 0 0 0 0
0 0 0 0 0 0 0 0 0 0 0 0 0 0 0 0 0 0 0 0 0 0 0 0 0 0 0 0 0 0 0 0 0 0 0 0 0 0 0 0 0 0 0 0 0 0 0 0 0 0
0 0 0 0 0 0 0 0 0 0 0 0 0 0 0 0 0 0 0 0 0 0 0 0 0 0 0 0 0 0 0 0 0 0 0 0 0 0 0 0 0 0 0 0 0 0 0 0 0 0
0 0 0 0 0 0 0 0 0 0 0 0 0 0 0 0 0 0 0 0 0 0 0 0 0 0 0 0 0 0 0 0 0 0 0 0 0 0 0 0 0 0 0 0 0 0 0 0 0 0
