50 70 25 15 25
3
4
2
4
5
3
1
1
5
3
2
3
1
3
1
1
5
5
4
2
1
1
4
4
1
4
2
5
5
4
3
4
3
1
2
4
1
2
4
2
5
1
3
4
1
1
3
3
2
4
2
3
5
2
3
4
2
2
2
5
2
4
4
4
4
3
2
2
4
3
0 2 4 3 3 2 5 3 4 2 3 4 3 5 4 4 2 4 3 1 1 4 5 5 4 5 4 1 4 4 3 3 2 2 2 4 5 3 2 5 4 1 2 2 1 5 1 3 1 4 5 5 4 3 4 3 2 1 1 3 3 4 5 1 1 5 1 1 4 4
2 0 1 2 5 5 4 3 4 2 4 2 3 5 2 4 2 4 3 1 4 4 3 4 4 2 5 2 2 5 3 5 4 4 4 4 4 3 1 5 1 5 1 5 4 3 3 4 4 1 1 2 4 2 3 3 2 3 1 5 5 1 4 5 3 1 1 5 2 2
3 2 0 5 1 1 2 3 1 3 1 3 3 1 3 1 1 2 1 4 2 1 1 4 1 3 4 1 5 3 4 3 4 5 2 4 5 5 2 2 2 2 2 5 1 1 5 2 5 3 4 5 4 2 2 3 1 3 3 3 3 4 1 5 4 5 1 2 2 5
4 1 4 0 3 3 3 4 4 5 3 5 4 4 2 4 2 4 1 4 5 5 3 2 3 4 5 5 4 1 1 4 1 2 4 1 4 4 5 5 5 4 1 5 1 5 2 1 4 4 4 4 3 4 4 4 4 4 5 2 2 3 5 1 2 1 2 2 2 2
4 2 4 3 0 1 2 4 1 2 4 3 5 4 1 4 4 1 3 5 3 1 2 3 1 5 1 4 3 2 4 4 4 3 4 2 1 5 2 1 1 5 4 3 2 2 3 3 5 5 1 5 3 4 4 4 5 3 3 1 1 3 5 4 2 5 5 3 2 4
4 3 3 2 1 0 5 2 2 5 2 4 4 3 2 4 2 4 5 2 5 3 4 4 5 2 1 1 2 5 2 2 2 4 3 4 2 1 5 3 3 3 5 4 4 4 4 3 4 1 2 1 3 2 2 3 2 3 5 5 1 3 3 1 2 3 1 2 2 3
2 5 4 1 2 3 0 1 4 5 3 3 5 2 4 5 1 2 2 3 5 3 3 1 2 3 1 1 1 4 2 1 5 2 5 1 3 5 1 5 5 4 5 1 4 1 5 2 5 4 5 2 5 1 1 3 2 3 4 1 2 5 5 5 5 1 2 5 3 2
4 4 4 4 5 5 5 0 5 4 4 3 4 5 1 5 4 2 3 5 3 2 5 4 5 2 1 5 2 3 5 3 1 3 1 4 1 1 1 5 2 2 3 4 1 1 3 4 4 3 5 5 4 1 5 2 3 2 2 2 5 1 4 4 1 4 3 1 4 5
2 2 5 4 4 1 2 1 0 1 1 3 2 1 3 3 3 1 1 2 4 3 3 3 3 5 2 5 2 2 2 3 5 5 4 3 4 2 5 2 4 3 4 5 5 4 5 2 1 3 5 2 4 2 4 2 1 2 1 1 4 2 1 2 3 3 2 1 3 5
3 3 5 4 2 4 2 2 2 0 4 2 1 5 4 4 1 5 3 5 2 1 5 1 2 5 4 4 3 1 3 2 5 2 4 5 3 3 5 3 3 2 4 4 1 3 5 3 2 3 4 2 4 4 5 1 3 2 4 4 2 4 5 3 3 2 2 1 3 4
3 1 1 1 2 4 3 1 4 5 0 3 4 3 4 3 5 3 3 3 5 5 2 1 4 1 3 2 5 5 4 3 5 5 2 3 1 1 3 4 3 4 1 3 5 5 5 3 5 3 5 1 5 4 4 2 3 4 4 4 2 3 4 3 3 2 5 4 2 3
2 4 4 5 5 2 5 3 3 4 1 0 2 4 2 5 5 5 3 4 5 2 4 3 4 3 3 3 4 1 5 4 3 1 2 5 5 1 2 2 1 2 3 1 3 5 3 1 3 5 5 5 3 5 4 4 5 5 4 1 4 4 1 5 4 1 5 5 5 1
1 5 2 5 4 1 2 4 4 4 2 5 0 5 1 4 2 3 5 2 2 1 1 1 4 3 3 3 1 5 4 2 2 4 5 5 5 3 5 4 4 3 1 3 3 1 1 3 3 4 3 3 3 3 4 1 2 5 5 1 2 5 5 3 4 5 1 5 4 1
2 3 4 5 3 1 1 5 2 2 4 1 4 0 5 5 5 3 1 5 2 1 4 3 4 3 2 3 1 1 1 2 4 3 5 4 4 3 5 3 5 5 1 3 5 3 2 2 3 3 1 3 3 4 5 3 4 3 1 4 4 3 5 2 2 5 4 2 4 3
5 1 1 5 1 5 4 2 5 5 1 2 1 4 0 4 1 1 2 4 3 3 4 4 1 1 4 1 4 3 1 5 2 4 5 3 4 5 1 1 5 1 1 3 4 4 3 2 5 4 3 5 2 5 2 5 2 4 2 2 2 1 4 5 5 4 5 3 3 5
5 1 1 1 5 1 1 2 1 5 4 5 4 1 4 0 3 2 5 1 1 5 1 1 2 1 3 3 4 3 5 3 4 3 1 1 3 2 3 1 4 1 5 1 4 4 5 1 4 4 4 4 1 4 4 2 4 4 5 3 4 2 1 4 5 5 4 2 5 2
5 3 5 2 4 4 2 2 5 2 3 4 2 4 4 3 0 1 4 5 2 1 4 5 5 4 3 3 5 3 5 3 5 2 2 1 5 2 4 4 1 1 3 2 2 2 2 3 4 3 2 4 2 1 2 3 1 5 1 5 2 2 2 4 5 5 3 3 3 5
4 3 4 2 2 3 4 2 3 2 4 5 4 5 1 3 5 0 1 3 2 3 5 3 4 1 3 1 4 5 3 3 3 3 1 1 2 4 3 1 5 4 2 1 4 2 5 5 2 3 1 1 5 4 2 5 2 5 4 4 3 3 1 3 4 2 4 3 3 3
2 3 1 4 2 3 4 1 4 4 3 2 3 1 4 5 1 3 0 5 2 2 4 2 2 1 3 1 2 1 1 2 1 1 3 2 5 5 4 2 4 3 3 5 1 2 4 5 3 2 1 1 5 3 3 1 2 1 1 4 3 4 5 4 2 2 1 5 2 5
2 3 3 2 2 4 5 1 3 5 2 3 4 3 1 1 3 3 4 0 4 1 5 3 1 3 5 3 3 2 3 1 3 1 1 3 1 4 1 1 4 3 3 4 2 1 2 3 1 5 1 3 2 5 2 2 5 4 1 4 3 5 2 5 5 5 2 2 1 5
5 3 3 3 4 3 3 4 5 1 2 4 4 1 1 2 1 2 2 5 0 4 1 5 4 5 5 3 3 1 4 4 1 1 1 3 3 1 3 1 3 2 1 3 1 1 5 4 5 5 4 5 5 5 1 3 1 2 2 2 3 4 3 4 2 4 1 5 4 3
4 3 5 3 3 1 2 2 3 5 3 2 2 1 3 3 5 1 5 5 2 0 1 4 1 4 2 5 1 2 1 5 2 4 2 3 1 4 3 3 3 5 4 1 2 4 5 2 4 2 1 4 3 4 1 2 2 5 1 1 5 2 2 5 4 3 1 4 3 2
3 2 3 2 2 4 4 3 2 2 5 2 1 2 2 1 2 4 4 5 4 1 0 1 2 5 3 3 4 4 5 3 3 5 5 2 2 5 2 5 2 2 3 2 4 3 1 5 1 1 4 3 5 5 5 5 1 3 5 1 1 5 2 2 2 4 4 3 2 3
2 4 2 2 1 5 5 4 2 2 3 5 2 1 1 4 3 5 1 3 3 2 1 0 4 3 1 4 3 5 3 5 2 1 5 3 4 5 5 2 2 2 3 5 3 1 4 2 3 4 1 3 3 3 1 3 5 2 2 5 3 1 1 1 4 5 2 3 3 4
5 3 1 1 4 5 3 3 5 4 2 5 2 5 1 2 3 1 2 4 2 4 3 4 0 5 4 5 2 4 5 5 3 5 5 5 4 4 3 3 4 5 1 5 4 1 1 1 4 4 1 1 3 1 3 4 5 4 1 1 5 1 2 5 2 1 3 4 4 3
5 5 2 4 5 3 3 1 1 5 3 2 1 1 2 4 2 2 5 4 5 2 5 1 5 0 5 5 1 1 1 5 1 2 3 2 2 1 2 4 1 2 4 4 4 5 1 1 2 5 1 2 5 3 4 5 2 2 5 3 5 3 3 3 1 4 4 2 4 5
3 4 2 1 4 5 1 3 1 1 5 5 2 2 1 4 5 4 2 1 2 2 5 3 4 2 0 3 4 1 2 2 4 3 1 4 1 4 3 4 2 5 3 5 4 1 2 1 1 4 3 2 5 3 4 5 2 1 4 4 1 5 2 2 2 3 1 4 1 5
5 2 4 1 2 4 5 1 2 5 5 3 1 5 3 5 3 4 1 4 2 5 1 2 5 1 1 0 2 1 4 3 3 5 1 1 3 2 4 1 3 4 1 2 3 5 4 2 4 2 5 3 3 1 4 2 3 4 4 4 2 4 5 4 1 3 5 3 3 5
4 4 5 3 2 4 5 3 3 4 3 1 2 4 5 3 3 5 2 5 3 2 2 2 4 3 1 3 0 2 1 3 1 3 4 1 2 5 2 2 4 2 2 5 2 1 4 2 5 1 5 2 3 4 2 3 2 1 3 5 1 1 3 3 4 2 1 3 3 5
4 5 4 2 3 1 2 2 1 5 5 3 1 3 2 2 5 1 1 5 4 2 2 5 5 1 5 3 4 0 1 4 1 2 2 4 4 1 5 3 1 4 1 1 1 5 5 5 2 4 1 5 4 2 4 2 4 2 2 1 5 2 4 1 2 3 1 5 1 5
5 5 2 5 5 4 4 5 2 3 1 4 2 2 5 1 2 2 3 5 2 3 1 1 2 3 4 4 5 2 0 3 4 5 5 5 3 1 2 1 3 4 2 5 2 5 3 4 2 4 2 4 3 5 4 3 5 3 5 1 5 5 2 2 2 5 1 1 2 4
5 2 1 1 3 3 4 2 2 4 4 4 3 4 3 5 4 1 5 1 1 3 3 3 2 4 4 5 1 5 2 0 3 2 3 5 3 5 1 5 5 2 3 5 3 3 5 5 5 2 1 2 4 1 2 3 2 5 4 1 3 1 1 2 5 1 4 1 4 4
5 2 3 4 3 1 5 2 3 5 3 1 4 2 3 1 5 3 5 4 5 5 1 2 3 2 3 5 2 2 1 2 0 3 1 2 5 5 5 3 1 5 2 3 2 3 5 2 2 4 1 3 5 5 2 5 2 3 3 3 1 4 4 4 2 3 4 3 3 5
5 4 5 1 3 4 2 3 2 2 3 3 4 1 4 2 3 2 2 5 2 3 5 3 4 1 4 2 1 5 4 4 3 0 4 5 3 5 5 5 2 1 1 5 3 1 5 4 5 1 4 5 3 5 1 5 5 1 1 2 5 5 5 4 1 5 2 3 1 3
5 2 4 1 5 3 5 3 4 1 4 4 5 5 4 2 1 3 4 5 3 1 3 1 5 4 1 5 2 4 5 3 5 3 0 1 3 5 1 5 5 5 4 5 2 4 3 2 1 3 1 3 1 5 1 1 1 1 4 3 1 5 1 3 2 5 5 3 5 2
3 1 3 4 3 2 4 2 3 5 2 5 2 5 1 1 1 1 2 2 3 3 2 3 5 5 1 3 5 2 4 4 2 2 2 0 5 5 3 4 1 2 5 4 1 3 5 3 1 1 4 3 5 5 5 5 2 2 3 1 1 5 3 3 4 1 3 2 2 2
4 4 1 4 4 1 5 3 2 4 2 5 4 3 2 5 2 4 3 3 5 4 1 3 1 3 3 2 1 5 1 5 3 4 5 4 0 4 5 4 5 4 5 5 4 2 1 3 3 4 3 4 3 1 3 1 1 3 5 3 2 1 5 5 5 2 1 3 1 2
5 4 5 5 2 3 2 4 2 4 1 2 2 4 1 2 5 3 1 4 1 4 1 5 4 2 3 2 1 3 3 5 4 4 4 5 1 0 5 1 2 5 2 3 2 2 3 2 1 4 5 3 4 2 2 1 3 5 1 1 2 3 1 3 3 1 3 2 4 4
4 1 4 3 1 5 3 5 5 2 1 5 3 2 4 1 1 1 5 5 3 5 3 3 5 4 1 1 4 2 1 4 5 3 2 3 1 1 0 5 5 2 1 3 1 2 5 4 3 4 5 1 5 2 1 4 2 2 3 3 4 4 2 4 2 4 3 3 5 4
5 2 4 3 3 3 5 4 4 4 5 2 5 3 2 1 5 5 2 5 4 4 1 5 3 3 3 3 2 2 5 5 1 5 3 1 4 1 5 0 3 5 3 5 4 3 1 2 4 4 2 5 3 3 1 2 5 2 3 2 2 1 2 2 4 4 4 4 1 4
5 2 1 3 3 3 1 3 1 2 3 5 4 4 2 5 1 4 1 1 3 1 2 4 2 3 5 3 4 3 3 1 3 1 4 2 4 4 4 1 0 5 5 1 4 1 2 4 4 5 2 3 4 4 2 4 3 3 4 5 1 5 1 1 1 1 1 1 3 4
3 5 1 4 3 4 1 3 1 3 4 3 2 1 5 3 2 3 5 1 2 2 3 3 3 4 2 4 3 5 4 1 2 5 4 3 4 4 3 4 1 0 4 1 4 5 2 1 4 4 5 4 4 2 4 1 2 5 2 5 1 4 5 1 3 3 5 4 1 2
1 3 5 3 1 2 1 1 2 2 1 5 5 3 1 4 1 3 4 1 4 4 2 3 3 4 1 2 5 4 3 1 5 2 4 3 4 3 5 2 5 1 0 2 3 1 5 4 3 1 5 2 5 5 1 1 2 2 5 5 4 1 3 1 3 3 1 5 4 3
2 2 4 3 3 1 1 4 1 4 1 1 1 4 1 2 4 5 1 3 3 3 3 2 2 2 2 4 5 3 5 5 4 5 2 4 3 5 4 2 1 2 1 0 5 1 5 4 4 4 2 4 2 5 3 5 2 3 4 5 2 2 2 1 1 1 3 1 2 4
2 5 3 1 4 3 2 4 2 4 4 3 3 1 4 3 3 2 2 3 5 3 5 5 1 3 4 2 3 3 2 1 5 2 2 3 2 2 1 2 1 4 4 4 0 4 2 2 3 5 3 5 3 5 4 5 5 1 3 5 3 1 1 1 1 2 1 2 4 2
1 2 2 2 5 4 1 4 3 5 5 5 1 5 3 4 3 5 2 2 2 4 1 3 4 2 1 1 5 3 1 1 2 2 4 5 1 5 1 2 5 4 5 4 3 0 1 5 3 1 2 5 1 2 2 2 3 3 1 4 5 2 4 2 4 2 5 5 2 1
2 5 5 3 3 3 1 3 5 1 3 1 3 5 5 4 5 4 4 1 2 4 5 1 1 3 5 1 3 4 3 4 3 1 3 4 1 4 2 5 5 3 2 3 4 5 0 2 4 1 4 5 2 1 3 1 4 1 2 3 5 2 5 3 3 1 2 1 2 4
5 5 4 5 5 4 4 1 5 4 4 2 3 4 5 4 5 4 2 3 2 1 1 1 1 1 3 3 2 3 3 3 5 4 5 2 1 3 5 4 4 2 3 1 4 3 3 0 4 3 4 5 1 5 1 4 2 1 5 5 1 2 4 3 3 1 5 3 3 2
3 4 1 5 3 1 1 2 2 3 4 5 2 1 4 5 5 1 2 1 3 2 5 4 4 4 3 5 3 2 3 5 3 2 2 1 1 2 3 3 2 5 1 1 2 3 2 5 0 3 2 3 5 3 3 3 5 3 2 2 5 5 4 1 4 4 2 1 1 5
2 1 5 4 4 2 3 2 2 5 5 5 2 4 4 3 5 1 1 1 1 5 4 2 4 5 1 2 4 4 5 1 1 4 1 1 5 1 3 2 3 3 3 2 4 4 4 3 1 0 2 3 2 2 5 1 3 5 4 5 4 4 4 4 3 4 3 4 4 2
5 1 3 4 2 3 3 5 3 1 3 2 4 1 2 2 5 4 5 4 4 5 2 2 2 2 4 4 5 4 1 3 1 3 3 3 1 1 2 1 4 1 1 2 5 2 2 3 5 1 0 5 1 1 1 4 1 1 4 1 3 1 2 5 1 2 1 1 2 4
5 4 3 2 3 2 2 2 3 2 1 3 5 2 3 3 5 3 5 4 2 1 2 5 4 4 4 4 1 2 1 5 5 3 1 5 2 4 5 5 5 4 2 3 1 1 2 2 4 5 4 0 2 4 4 3 4 5 2 5 3 2 2 3 2 5 3 4 1 2
4 4 4 4 4 4 1 3 3 5 3 2 4 3 1 3 2 3 3 3 1 4 4 2 2 2 3 5 3 5 5 4 1 3 3 1 1 5 4 1 2 3 5 5 2 4 5 5 4 5 5 2 0 4 5 2 3 4 3 5 5 3 1 2 1 1 1 3 1 3
4 5 4 5 2 3 4 3 3 1 4 3 3 4 4 2 4 1 3 5 2 2 3 2 1 5 4 2 1 2 1 3 4 1 5 1 4 2 2 2 1 3 3 1 1 1 3 3 4 5 5 1 3 0 2 4 1 5 2 1 2 5 4 5 3 2 2 4 2 3
3 4 4 5 3 1 3 5 1 2 2 2 1 4 4 1 1 1 3 3 4 3 1 2 1 3 2 1 1 2 3 2 2 4 5 5 2 4 3 5 3 5 4 1 3 4 2 2 2 1 3 1 3 3 0 2 5 3 5 1 1 2 5 3 2 4 1 4 3 2
5 3 5 1 2 5 4 3 2 4 4 4 2 4 1 2 1 2 2 1 1 1 4 3 3 3 4 4 1 3 5 1 4 1 3 2 2 5 4 1 2 4 2 2 1 4 5 2 4 5 2 4 3 1 5 0 5 2 4 4 4 5 5 4 2 5 3 5 2 5
3 1 5 5 2 3 2 4 3 3 1 2 1 1 5 1 4 5 3 5 2 5 4 5 5 1 2 1 5 3 1 3 4 5 2 5 4 1 1 4 5 4 2 4 1 2 1 3 3 4 3 5 3 2 2 4 0 5 2 2 1 3 1 4 3 1 2 3 1 3
5 3 4 3 2 1 4 5 4 4 1 1 4 1 3 4 5 4 2 5 3 2 1 2 2 4 5 5 1 1 1 4 1 4 5 3 4 2 1 5 2 4 5 2 5 3 1 2 1 4 1 4 2 3 2 2 3 0 2 3 2 1 3 2 3 2 2 4 2 3
3 1 1 3 4 3 4 4 4 5 1 4 4 5 3 2 5 2 4 5 4 2 4 4 2 5 1 2 5 2 5 1 5 5 5 4 2 1 2 4 4 3 2 5 3 5 5 1 3 3 1 4 3 4 5 1 1 1 0 2 1 2 5 3 3 4 3 3 1 2
4 5 2 3 1 5 5 4 2 5 2 1 2 5 3 2 1 4 1 5 3 4 5 2 4 1 1 5 1 1 1 5 4 3 3 3 5 2 2 3 2 5 4 1 3 2 1 2 5 1 3 4 4 3 3 5 4 5 2 0 4 5 4 1 5 5 4 1 4 5
3 5 1 1 1 4 1 1 2 5 3 1 5 3 4 2 3 5 1 2 2 5 3 4 5 1 3 5 3 2 3 5 4 2 1 1 2 2 1 1 1 3 4 5 2 3 3 4 5 5 1 4 3 2 4 2 2 3 3 2 0 2 3 4 5 1 1 4 2 4
2 5 1 4 3 2 4 3 1 4 2 2 1 1 4 3 2 2 5 4 5 4 2 1 1 2 5 5 1 3 3 5 5 3 1 3 4 1 3 5 1 3 2 3 2 3 2 4 5 3 5 3 3 3 4 5 3 4 5 4 5 0 4 3 3 5 4 1 4 4
1 2 3 3 1 5 5 1 4 2 3 2 1 4 3 5 5 1 5 5 3 1 5 4 5 5 1 4 4 3 3 2 4 4 3 4 4 3 5 2 3 3 2 3 1 4 4 4 5 1 1 3 5 3 3 2 1 3 2 4 3 5 0 4 4 1 4 5 1 4
1 5 5 2 3 1 4 3 1 5 2 5 2 1 5 4 5 5 2 2 4 5 5 2 1 2 4 5 2 3 1 2 1 5 5 1 4 4 3 5 2 5 3 3 2 2 5 3 3 1 2 1 4 2 2 4 2 1 4 1 4 3 3 0 5 1 3 4 2 3
2 2 1 1 5 2 1 5 2 2 5 2 4 2 5 3 1 1 4 3 5 1 5 1 3 3 4 1 4 4 3 4 5 4 4 4 5 1 1 5 3 1 2 3 4 5 2 5 5 1 5 1 1 1 2 5 5 1 5 4 4 1 1 3 0 3 1 3 4 4
5 1 3 4 3 2 3 4 3 4 2 2 1 5 5 5 5 4 2 1 4 5 5 2 2 3 2 1 4 4 1 4 1 2 1 5 4 3 2 4 1 5 2 1 2 2 2 5 1 5 1 5 5 2 5 5 5 5 3 2 3 4 3 5 3 0 5 3 5 5
1 2 3 2 1 1 4 4 5 4 4 3 3 1 3 2 3 1 1 5 5 5 5 5 4 1 5 1 2 5 4 4 2 2 4 2 5 4 5 3 2 2 2 1 2 1 1 3 2 1 1 4 2 5 1 1 3 4 5 2 5 5 1 5 2 2 0 4 4 5
5 2 4 4 4 4 4 5 5 4 3 1 2 1 5 3 4 3 5 2 2 1 3 1 5 4 4 2 2 2 1 5 3 5 4 1 4 4 3 3 5 4 2 3 4 2 2 5 4 3 2 1 4 1 4 3 2 4 2 1 2 5 1 1 2 2 3 0 5 3
5 1 3 2 1 5 4 4 1 5 2 3 1 3 4 2 2 1 2 1 2 4 1 4 5 1 4 2 2 2 5 1 4 1 2 5 4 3 4 2 3 5 5 4 4 5 3 3 4 4 3 1 1 3 4 3 3 3 3 1 2 2 4 3 2 4 3 2 0 2
3 5 3 1 4 1 1 2 1 5 3 1 1 3 1 4 2 3 3 1 2 1 1 1 2 1 1 1 3 4 2 1 2 1 2 2 2 4 4 2 3 2 3 3 4 2 4 1 2 3 4 5 4 3 2 5 4 5 4 1 1 1 1 3 2 1 2 3 1 0
65 10 38 49 40 22 58 37 61 13 30 62 13 25 3 44 45 56 69 8 54 27 50 7 23 11 37 45 38 68 54 19 37 32 17 55 18 46 45 43 53 7 4 63 19 15 35 45 5 53
31 68 54 52 36 53 55 26 33 46 68 45 67 28 51 23 39 42 35 70 31 66 11 1 47 26 23 70 40 21 3 10 25 67 28 9 13 51 12 57 12 63 11 16 40 39 57 66 33 69
52 27 64 31 59 45 44 22 63 2 21 27 27 62 30 26 9 51 2 57 3 16 65 29 49 67 38 47 61 28 26 1 39 3 9 27 34 12 10 37 54 8 47 39 26 4 11 37 24 66
27 46 9 6 37 2 26 31 54 48 47 65 36 1 24 48 36 60 9 11 1 49 38 44 8 14 27 60 60 63 48 6 47 66 18 39 70 11 65 14 28 35 41 42 41 51 32 34 6 36
18 52 70 16 20 31 54 59 16 33 44 41 34 35 20 38 2 19 22 62 49 70 30 48 44 9 28 69 25 64 49 22 45 13 67 46 64 29 33 30 31 10 55 1 50 61 58 9 25 64
50 63 31 60 32 65 35 16 37 40 36 64 19 9 10 16 21 34 10 65 69 22 19 35 67 2 12 66 9 62 15 45 38 44 22 59 29 55 31 28 22 37 44 14 21 42 13 8 43 8
60 29 1 10 6 63 23 30 21 51 45 9 28 22 40 46 43 47 36 64 46 12 58 70 19 31 17 51 8 17 18 70 42 38 10 43 63 56 11 62 47 1 42 55 33 1 68 69 66 4
6 20 22 53 68 15 60 25 45 31 42 5 39 30 54 67 44 13 68 14 32 65 54 40 13 36 2 1 14 38 43 8 69 43 65 47 43 61 25 40 55 49 8 66 45 12 52 49 65 20
66 54 11 34 7 47 69 64 70 16 12 10 9 6 14 14 31 30 67 51 59 45 34 8 58 24 58 41 26 34 30 42 30 23 8 34 22 33 28 44 48 53 53 59 62 55 7 23 7 67
47 34 49 61 30 68 34 47 12 64 8 22 5 18 47 42 52 54 49 40 33 41 3 9 1 12 40 2 67 13 39 55 61 64 54 30 15 6 69 64 18 56 7 12 18 54 31 68 36 33
9 58 19 5 12 34 38 57 11 25 60 35 2 42 5 21 27 10 17 37 55 9 10 6 65 39 56 13 46 25 65 44 54 49 6 15 36 63 18 21 49 60 31 48 51 29 8 1 69 55
69 2 32 27 23 61 65 45 48 1 11 20 17 12 42 28 26 3 34 13 35 62 57 61 6 49 10 40 3 37 11 17 52 2 55 54 69 42 48 31 64 30 32 34 3 18 50 14 18 32
37 67 10 7 10 1 13 10 69 9 2 54 57 45 21 8 59 41 24 7 65 26 37 10 54 55 54 31 6 66 66 58 51 5 24 49 47 7 36 33 10 16 26 5 28 16 29 33 46 26
19 42 35 55 34 23 18 61 8 38 32 17 42 32 57 5 23 61 65 24 11 31 5 12 20 45 46 57 44 53 44 2 15 56 3 10 42 15 17 9 27 6 50 68 2 8 12 59 54 31
57 55 15 1 51 40 27 18 13 37 50 4 24 51 62 27 7 23 58 34 38 39 64 18 29 38 33 33 45 59 53 64 53 37 20 5 51 36 57 32 4 29 22 26 63 43 43 21 42 40
40 66 36 43 56 16 70 19 9 4 37 13 46 26 50 70 61 53 40 60 47 3 17 56 15 56 25 11 19 31 6 3 57 0 41 22 60 21 14 0 44 33 52 64 17 38 40 44 13 1
55 6 0 0 11 27 0 8 29 62 0 1 52 59 44 1 11 8 6 48 39 53 16 57 56 50 0 38 56 70 10 52 9 0 0 68 66 38 66 0 32 0 40 53 38 30 26 57 58 44
68 11 0 0 8 12 0 5 34 32 0 59 35 31 49 56 38 18 19 18 15 38 44 0 7 35 0 23 22 24 0 57 13 0 0 11 44 49 4 0 68 0 25 33 24 44 21 29 35 0
5 23 0 0 54 0 0 7 53 29 0 0 54 36 32 63 66 58 53 46 12 13 14 0 0 4 0 7 24 0 0 62 6 0 0 36 54 27 50 0 38 0 38 47 53 41 62 35 0 0
56 51 0 0 0 0 0 6 0 61 0 0 14 34 70 33 65 59 0 47 0 34 49 0 0 40 0 44 4 0 0 13 3 0 0 67 7 17 0 0 14 0 18 17 12 69 6 51 0 0
33 7 0 0 0 0 0 28 0 44 0 0 0 57 0 0 15 17 0 15 0 59 36 0 0 0 0 28 65 0 0 0 44 0 0 21 20 68 0 0 0 0 20 18 37 0 0 27 0 0
10 37 0 0 0 0 0 67 0 45 0 0 0 23 0 0 69 0 0 38 0 58 2 0 0 0 0 18 59 0 0 0 0 0 0 0 0 58 0 0 0 0 33 2 1 0 0 53 0 0
44 36 0 0 0 0 0 66 0 68 0 0 0 4 0 0 0 0 0 10 0 5 0 0 0 0 0 0 51 0 0 0 0 0 0 0 0 0 0 0 0 0 54 37 69 0 0 38 0 0
0 0 0 0 0 0 0 48 0 43 0 0 0 20 0 0 0 0 0 45 0 0 0 0 0 0 0 0 0 0 0 0 0 0 0 0 0 0 0 0 0 0 0 65 0 0 0 0 0 0
0 0 0 0 0 0 0 0 0 0 0 0 0 0 0 0 0 0 0 44 0 0 0 0 0 0 0 0 0 0 0 0 0 0 0 0 0 0 0 0 0 0 0 43 0 0 0 0 0 0
