50 70 30 15 25
2
1
1
5
2
4
5
5
5
3
1
2
1
1
5
1
1
2
4
5
2
1
5
3
5
2
4
4
4
3
2
5
2
1
2
4
1
5
2
4
2
5
2
1
4
4
3
4
3
5
2
3
1
4
5
3
4
4
1
2
2
1
4
1
4
3
4
3
2
4
0 2 1 4 3 5 2 5 1 4 1 1 4 5 4 5 3 1 2 1 1 4 1 5 3 5 4 2 1 1 5 2 5 2 3 5 4 4 5 4 1 4 5 5 5 5 5 4 1 2 3 3 1 4 2 1 3 4 1 5 1 2 3 4 1 1 1 3 1 3
5 0 3 1 5 3 3 2 5 3 4 3 2 2 2 3 2 1 4 4 4 3 5 5 2 1 2 1 3 5 4 1 1 1 5 2 4 5 2 2 3 5 2 2 4 3 2 4 2 5 5 1 4 3 3 3 2 5 5 1 2 1 3 3 5 3 3 2 4 3
1 2 0 1 5 3 5 3 3 2 4 2 4 3 5 2 4 1 1 3 3 5 4 1 5 1 5 2 2 3 3 5 2 2 5 4 1 5 3 5 5 2 3 4 1 2 1 1 3 2 2 5 4 3 3 2 2 3 4 2 2 1 2 4 5 3 2 3 3 1
3 5 5 0 3 2 4 1 4 1 4 2 2 5 5 2 4 4 1 3 2 4 3 2 1 2 2 5 3 3 3 2 4 3 1 1 3 3 1 3 1 5 3 5 3 5 4 3 4 4 2 1 2 5 1 5 1 5 5 2 4 1 5 4 1 2 1 5 4 5
3 2 3 3 0 2 1 5 5 3 2 1 3 5 1 2 2 3 1 2 5 5 4 2 4 3 4 4 2 1 3 5 3 4 2 1 1 1 2 3 5 2 1 4 3 5 1 5 3 5 3 4 3 4 1 5 5 2 5 2 1 2 3 4 5 3 1 1 4 3
3 2 4 5 4 0 5 5 4 5 2 5 3 2 2 1 1 5 1 1 4 1 3 5 1 3 1 2 4 5 2 4 5 2 4 3 4 4 4 5 4 1 3 5 4 1 4 4 1 3 5 2 3 4 2 3 1 3 2 4 4 1 1 5 5 4 1 4 4 4
2 3 1 2 2 5 0 2 2 1 5 5 5 3 4 2 5 5 3 5 2 2 2 1 5 3 2 4 2 3 1 2 2 5 3 5 2 2 2 3 1 5 5 4 1 1 1 2 3 2 2 2 1 4 5 3 2 1 1 3 3 1 3 3 2 2 5 4 4 4
3 2 3 5 1 4 5 0 1 4 5 4 5 5 5 4 5 2 3 4 2 2 5 4 4 2 1 4 5 1 5 5 3 3 5 3 1 1 5 2 1 5 1 3 4 4 3 4 5 2 4 5 1 1 2 2 2 4 4 2 5 3 3 5 5 1 2 5 2 4
3 5 3 3 4 3 3 2 0 5 5 3 1 4 3 4 2 2 2 5 2 5 5 3 2 1 1 2 3 5 4 1 2 1 1 3 1 3 5 2 3 4 2 2 2 4 4 4 2 5 3 5 2 5 1 2 3 2 5 4 5 3 4 1 5 1 2 5 4 5
3 3 2 1 5 3 1 1 2 0 5 4 1 2 1 2 4 1 1 4 3 5 3 4 1 4 4 3 5 2 2 3 4 4 4 1 3 1 5 4 3 5 3 2 1 3 3 1 3 5 5 3 1 2 2 5 2 2 2 3 5 1 4 1 1 3 1 1 1 2
2 4 4 2 3 2 1 1 5 1 0 1 5 2 2 3 2 4 3 4 1 4 4 3 2 1 2 4 1 5 5 2 3 1 2 3 3 2 4 1 3 2 4 3 4 2 2 3 5 3 4 2 1 5 4 1 1 3 4 1 5 5 1 4 1 4 1 1 1 1
1 2 2 2 1 4 1 1 5 5 2 0 3 4 1 5 3 3 1 3 1 1 2 1 5 5 1 2 4 5 2 2 3 4 1 4 5 2 5 3 4 1 1 3 5 3 3 1 5 2 3 1 1 4 1 5 1 4 5 4 1 4 5 1 4 4 4 2 5 4
1 2 5 5 5 3 5 5 4 3 3 3 0 3 2 4 1 4 1 4 1 5 2 4 5 3 5 5 2 3 3 2 4 2 4 5 5 1 4 5 3 2 1 3 1 4 3 2 1 3 1 3 2 4 1 5 1 2 4 2 2 4 2 4 1 1 1 4 4 1
1 2 1 1 2 1 2 4 2 4 5 2 5 0 5 2 3 3 4 1 2 3 2 3 5 5 2 4 5 2 4 2 3 1 2 1 5 5 1 2 4 4 5 5 3 4 2 5 1 3 4 2 4 1 5 4 1 5 4 2 4 1 4 3 2 3 2 1 1 1
4 4 4 5 5 2 1 5 4 4 2 3 2 3 0 2 5 1 5 4 5 5 4 4 4 5 2 2 1 5 2 4 5 3 4 3 5 5 1 2 4 4 4 2 2 3 5 5 2 5 3 1 5 2 4 2 5 4 1 3 5 4 2 4 2 2 3 5 4 5
2 5 4 2 2 4 1 2 3 4 4 2 2 2 3 0 4 3 5 4 1 4 4 2 5 2 1 4 4 1 2 2 1 5 4 3 1 2 2 2 5 2 3 2 3 1 5 1 3 4 2 4 5 2 3 2 1 3 4 4 2 5 1 5 1 3 1 3 2 1
4 4 2 2 2 5 5 3 5 4 3 1 4 5 2 5 0 5 2 4 4 4 1 4 4 2 2 2 2 3 3 3 4 4 1 3 3 4 5 1 5 4 3 5 5 3 4 4 3 5 4 1 5 3 2 5 1 5 4 4 2 1 4 3 4 5 5 1 4 4
4 3 5 5 3 1 2 3 1 5 3 5 1 2 2 2 1 0 1 2 2 3 2 2 5 5 3 5 2 4 1 3 5 2 5 4 4 5 5 3 2 1 5 1 4 4 4 2 4 5 1 3 5 1 5 1 3 5 4 2 3 4 2 3 3 1 3 3 2 4
5 1 2 5 3 1 3 5 4 1 4 3 1 2 5 4 4 2 0 1 2 2 3 3 3 4 1 2 3 4 5 1 3 4 5 4 1 5 5 4 2 4 4 2 4 5 2 5 3 5 4 5 2 1 3 3 4 2 3 2 4 2 5 3 1 4 3 1 5 5
2 5 4 1 1 4 3 4 3 1 1 4 3 4 5 1 3 5 5 0 5 5 4 2 2 5 3 5 1 2 2 1 3 5 1 4 4 2 2 4 5 4 2 4 1 3 1 3 3 5 1 4 2 5 2 4 2 4 2 3 1 3 4 1 2 3 5 1 5 4
3 1 4 4 2 4 4 4 4 2 2 3 1 5 2 5 3 2 1 2 0 1 1 4 2 2 2 1 5 3 3 2 2 4 4 4 2 4 2 5 4 1 1 2 4 2 1 4 3 1 5 4 1 1 1 1 5 3 2 1 5 4 4 5 1 3 2 3 2 1
1 2 1 2 2 2 1 4 5 3 5 5 4 5 3 2 5 1 5 2 5 0 2 3 3 1 3 1 5 3 3 5 3 2 2 1 2 2 5 1 3 3 3 3 2 1 2 3 1 2 5 4 4 5 1 3 4 5 5 3 5 1 2 5 4 2 1 1 1 3
5 5 4 4 4 2 1 5 3 4 3 3 3 3 3 1 1 5 3 5 4 5 0 1 4 3 4 2 5 5 5 2 3 4 5 5 5 4 1 1 2 2 2 1 3 5 1 5 2 3 2 1 1 1 3 5 3 4 5 2 1 1 5 4 4 4 3 5 5 2
3 1 5 2 4 4 5 2 5 4 1 5 3 3 5 2 3 4 5 5 5 3 5 0 2 1 2 1 2 1 3 5 2 1 5 5 4 3 3 3 2 1 1 2 5 4 4 5 4 3 4 3 5 5 2 1 3 1 1 5 1 2 4 2 3 3 3 2 2 3
5 3 2 1 4 5 1 1 2 5 2 3 2 2 1 2 5 5 2 4 1 2 1 2 0 2 4 5 3 2 5 5 5 2 1 3 5 2 2 4 3 5 2 3 2 1 4 5 2 3 2 4 5 2 2 5 3 5 2 5 1 4 2 2 2 1 3 1 3 4
1 4 2 1 3 2 4 4 4 3 4 3 1 1 1 4 1 5 5 4 5 1 5 3 2 0 5 5 3 3 1 4 1 1 1 2 3 5 2 5 3 4 2 1 5 4 2 1 4 4 5 5 4 1 1 4 1 3 4 5 2 1 3 5 1 4 3 2 1 1
5 5 3 5 4 4 4 1 5 1 2 5 5 3 4 3 5 1 3 3 2 4 5 5 2 1 0 4 4 3 1 4 4 3 4 3 4 1 1 1 1 2 4 2 3 2 5 4 2 2 2 1 4 5 1 1 4 4 5 2 1 4 1 4 5 4 5 4 2 1
2 3 1 3 5 1 5 4 2 4 5 5 5 2 4 2 5 4 5 2 1 5 4 3 3 2 2 0 4 3 5 4 1 2 1 4 2 1 3 2 4 3 2 1 4 4 3 3 1 4 5 5 4 3 5 5 5 3 4 5 2 5 2 1 1 3 1 2 4 1
2 2 2 4 1 5 2 4 4 3 1 4 3 4 3 1 5 1 1 5 3 1 1 3 4 1 5 2 0 2 5 3 2 1 5 5 5 3 3 4 1 2 3 4 2 1 4 1 2 2 1 3 3 1 1 5 5 3 4 4 2 1 1 2 2 1 5 5 1 1
3 3 2 3 3 3 5 5 4 1 3 1 4 1 1 5 2 2 5 5 3 5 3 5 3 4 5 3 2 0 3 5 4 5 3 1 5 3 3 2 1 3 5 2 4 5 2 4 1 4 1 2 3 4 4 1 4 3 2 2 3 2 4 2 2 2 3 5 5 2
4 5 2 3 4 1 2 4 2 1 3 3 4 1 2 1 5 1 3 4 1 2 2 2 5 1 5 4 1 1 0 4 2 4 1 1 4 1 4 2 5 4 4 4 5 2 3 2 2 3 3 4 2 5 4 2 5 1 5 3 5 3 2 5 5 2 1 2 1 5
2 1 1 1 5 3 4 2 2 1 4 5 1 3 4 5 5 5 3 1 1 3 4 1 4 2 3 4 1 4 2 0 3 5 2 2 1 3 1 3 3 5 1 5 5 3 5 1 1 3 1 4 1 2 4 5 1 3 4 2 3 3 2 1 4 1 4 2 4 5
4 5 4 1 1 2 5 5 3 2 4 3 5 1 4 2 4 2 4 1 3 3 4 3 4 3 2 3 2 2 3 1 0 1 5 3 2 2 3 3 5 5 1 5 1 2 4 2 5 4 4 3 5 1 2 5 2 3 2 5 1 3 3 5 1 5 3 5 2 1
1 1 5 4 5 3 4 4 4 4 2 5 4 1 4 5 4 4 5 2 3 3 3 4 5 2 5 5 5 2 4 2 3 0 2 4 3 5 5 1 5 5 5 1 4 1 2 5 1 2 3 3 5 3 3 4 4 3 5 4 4 2 4 1 4 1 4 1 5 5
3 4 4 3 4 1 3 2 5 2 1 5 4 5 4 1 1 1 4 4 1 2 4 4 1 2 1 1 2 4 1 5 3 2 0 2 3 1 3 5 5 1 4 3 1 1 4 2 5 3 4 5 3 4 2 1 2 2 2 1 1 1 1 3 3 2 2 2 4 3
1 4 2 4 2 5 3 3 2 1 2 4 3 1 3 1 5 4 4 5 3 5 1 1 5 1 2 4 2 4 4 3 1 3 3 0 4 3 5 5 4 4 4 3 5 3 2 3 3 5 4 2 5 2 1 3 1 2 5 4 3 4 4 5 5 2 5 2 1 3
1 2 4 1 1 2 4 3 5 3 3 4 2 2 1 3 1 5 2 3 5 3 4 1 2 3 1 1 5 3 4 4 3 5 5 1 0 1 5 3 3 3 4 5 5 5 4 4 4 2 3 1 1 3 2 2 5 2 3 5 2 5 4 1 5 2 3 4 5 2
1 2 2 3 3 4 4 4 4 1 3 4 1 1 3 3 2 2 1 2 1 2 2 4 1 1 2 2 2 5 4 3 3 3 1 3 1 0 5 3 4 3 4 3 4 1 3 1 5 4 1 4 3 2 5 2 2 5 3 5 1 3 3 5 2 5 4 1 3 1
1 4 2 4 2 5 1 2 1 1 3 4 5 3 4 2 3 5 1 1 3 2 3 2 2 1 3 4 4 3 3 1 1 3 1 4 5 5 0 5 5 2 2 1 5 4 1 3 5 2 2 1 1 4 1 3 2 5 3 5 1 4 1 1 5 2 3 5 1 5
5 1 3 5 5 3 3 1 3 2 3 1 3 3 4 5 5 1 2 2 3 1 2 2 1 1 5 1 5 4 3 4 1 5 3 1 4 4 1 0 1 4 5 5 3 5 2 3 2 5 5 4 2 2 3 1 4 1 2 3 2 2 3 4 2 5 4 5 2 1
1 1 5 1 4 2 5 1 4 2 4 5 1 3 3 3 3 3 5 2 5 2 1 3 2 2 5 3 1 1 4 1 1 3 5 5 4 3 2 2 0 2 3 5 4 4 2 2 1 1 2 2 2 1 4 5 3 1 3 3 2 3 3 3 1 4 1 3 2 1
3 2 1 4 5 2 2 2 4 3 4 4 3 4 1 4 1 2 1 2 5 4 5 5 5 5 5 2 3 3 3 2 5 1 3 4 5 1 4 3 2 0 4 2 5 5 5 5 1 3 1 2 3 1 5 4 4 4 5 5 4 3 1 5 4 2 5 1 1 3
2 4 2 3 4 5 5 1 1 3 3 5 1 3 3 5 3 3 5 4 5 5 3 5 3 4 3 4 4 1 5 1 2 2 4 2 2 1 4 4 2 5 0 1 3 4 5 4 5 2 1 1 5 1 1 1 4 4 5 3 4 2 3 2 3 5 3 5 1 4
2 1 4 1 4 5 1 4 4 2 5 3 4 5 3 1 3 5 3 2 2 5 4 2 4 3 2 2 1 4 5 4 5 4 4 2 4 5 5 3 1 2 2 0 4 4 3 2 4 4 3 1 4 5 2 3 4 3 4 5 5 2 3 5 3 5 1 3 2 1
3 3 1 1 4 2 1 3 5 1 3 5 4 1 1 3 4 5 1 4 2 2 2 1 5 2 2 5 2 1 2 3 2 1 5 4 5 2 2 5 5 1 1 4 0 4 1 5 2 2 4 3 5 5 1 5 2 3 2 4 2 4 3 4 4 4 3 2 2 3
4 3 5 3 3 5 4 3 2 3 1 1 3 4 3 5 1 4 1 3 1 1 5 1 3 4 2 5 5 5 1 5 2 4 3 4 3 2 4 1 1 5 4 5 4 0 3 3 4 3 4 3 2 3 2 2 4 3 1 5 4 3 1 2 2 3 3 2 4 2
3 2 5 5 2 1 2 3 4 2 2 5 2 1 3 3 1 1 2 4 3 2 4 2 3 3 4 3 3 3 4 4 4 3 1 5 4 2 2 2 3 2 5 5 1 2 0 3 4 4 5 1 1 4 3 5 3 3 4 4 1 2 2 4 4 2 4 3 4 2
3 1 5 3 4 4 2 3 3 3 1 1 1 3 1 4 3 5 5 2 4 4 1 1 3 4 5 4 5 3 3 2 5 2 3 5 5 2 5 1 1 1 2 3 5 4 5 0 3 5 4 1 2 1 5 3 3 5 4 2 5 2 5 1 1 2 1 4 2 5
3 4 3 2 4 3 1 1 2 3 2 5 3 2 5 4 2 2 3 3 2 4 5 1 1 2 3 2 2 3 2 2 3 3 2 1 4 4 5 5 1 4 3 3 2 4 3 1 0 4 4 5 5 2 5 5 4 4 5 1 5 5 1 5 3 1 3 1 5 3
2 5 4 1 2 4 2 2 2 5 2 4 2 1 5 5 1 3 5 5 4 5 1 2 5 4 5 2 1 1 3 2 5 4 5 4 4 4 4 3 4 2 2 1 1 2 1 4 3 0 1 4 5 5 5 2 4 3 5 4 1 3 1 1 1 1 2 4 2 5
1 5 2 1 2 1 5 2 2 5 3 3 3 5 4 4 5 4 3 5 1 3 5 3 5 5 2 3 5 2 3 3 3 5 4 1 5 1 2 1 5 1 5 4 3 4 3 5 5 2 0 5 4 3 5 5 1 4 1 1 4 2 1 5 1 2 3 5 4 2
5 5 3 5 5 3 1 3 4 2 3 3 5 1 3 1 3 2 1 3 2 4 2 1 4 1 5 5 5 2 2 1 1 4 1 5 4 5 5 1 2 4 4 2 3 3 2 5 4 1 3 0 4 1 2 1 4 1 2 4 3 4 5 4 4 1 5 5 4 3
2 3 5 5 4 4 1 2 4 1 4 2 4 3 5 4 4 1 4 1 4 2 4 1 5 1 4 2 2 5 2 3 5 4 3 5 4 5 3 1 3 2 3 1 2 1 3 5 4 5 5 1 0 3 2 2 5 3 1 1 1 4 3 5 4 2 4 4 2 5
5 2 1 4 2 1 5 5 4 2 1 2 5 3 1 3 2 2 1 5 3 2 3 2 4 2 5 4 2 4 2 4 2 5 5 4 5 4 2 4 2 3 1 5 3 3 5 1 2 3 4 2 1 0 4 1 1 2 3 1 2 4 1 4 4 3 2 3 1 5
2 5 3 1 2 2 5 2 2 2 5 1 5 1 2 4 3 1 5 5 4 5 3 4 5 1 4 1 4 4 1 4 4 4 5 3 1 4 5 1 2 2 1 3 3 5 2 2 3 2 2 5 2 4 0 5 1 5 4 5 5 2 5 4 2 4 4 4 2 4
2 3 4 2 5 5 5 2 5 5 3 1 3 4 1 5 4 5 1 5 5 3 3 2 5 1 2 5 5 3 4 3 4 2 1 4 1 5 5 2 3 1 2 5 3 1 1 5 5 4 1 2 3 3 4 0 1 2 2 5 1 5 1 5 4 5 2 4 3 2
1 1 1 3 3 5 4 2 4 1 2 5 5 5 2 1 3 3 5 5 2 3 5 2 2 1 3 2 3 4 1 3 2 5 1 3 1 1 2 5 4 3 4 5 2 3 1 1 5 3 3 3 2 2 4 2 0 3 2 5 5 5 5 4 5 1 2 3 2 3
5 4 3 5 5 4 2 5 5 4 4 3 5 5 4 4 3 2 1 1 3 4 2 4 1 1 2 3 2 3 2 5 1 5 5 1 5 4 2 1 1 4 4 5 5 3 2 3 1 2 3 4 2 3 2 4 4 0 5 1 4 1 1 4 3 3 5 5 4 3
2 3 4 3 4 4 3 3 4 5 2 4 1 1 2 5 2 5 3 1 5 3 2 1 4 1 2 2 5 4 1 1 5 3 5 4 1 3 5 2 1 4 3 3 4 4 4 4 2 2 4 4 2 5 1 2 2 1 0 2 4 1 3 4 2 4 1 1 4 3
2 2 3 1 1 3 2 1 2 4 5 5 4 2 2 4 2 3 3 4 5 2 4 5 2 4 4 2 1 1 4 5 3 1 2 3 3 2 4 5 4 2 1 3 1 4 2 5 2 2 1 5 4 2 2 2 5 4 3 0 5 3 3 5 5 5 5 5 2 4
4 5 3 3 3 5 2 1 1 2 1 1 1 2 4 1 5 4 1 5 1 2 4 2 3 5 2 5 2 3 3 5 2 4 2 2 1 5 2 3 4 3 5 1 3 2 2 1 2 1 1 2 4 3 2 4 1 1 4 2 0 4 2 4 1 3 1 3 4 4
3 2 4 2 2 3 1 4 5 3 4 2 4 3 4 5 4 5 3 2 4 2 3 3 1 3 4 2 5 4 5 5 1 1 3 4 2 3 4 3 3 4 4 2 3 3 2 2 3 1 5 3 3 2 3 4 1 4 3 1 5 0 2 4 5 4 4 2 2 5
4 4 2 5 5 5 2 5 5 4 5 5 4 3 1 2 4 2 3 3 4 5 2 2 1 4 1 2 2 5 3 2 5 2 1 1 2 3 1 5 1 4 5 1 3 3 1 2 1 4 5 2 2 2 3 2 5 3 4 3 5 1 0 3 5 2 2 2 5 5
3 5 4 2 5 2 4 5 2 4 3 3 3 2 5 1 3 1 5 5 5 3 3 1 4 3 4 2 2 2 5 5 3 1 3 2 4 3 5 5 1 4 5 1 4 5 5 5 1 5 4 4 5 1 1 5 3 5 1 4 4 5 4 0 4 2 5 3 1 5
5 5 4 2 2 1 3 3 3 5 5 3 4 5 3 4 5 4 1 4 3 2 5 2 4 2 1 1 3 5 1 4 1 3 1 5 4 3 3 1 5 4 2 5 5 2 1 5 4 1 1 5 4 4 5 2 5 5 2 2 5 4 2 1 0 2 4 5 3 3
5 4 1 1 5 3 5 2 5 1 1 4 5 4 4 2 2 1 4 5 5 5 4 1 5 4 5 1 4 5 5 3 4 5 5 1 2 5 3 1 4 2 5 1 5 3 2 1 2 2 2 5 3 3 2 2 4 1 1 5 1 5 3 4 2 0 2 2 4 2
5 3 5 3 2 1 5 4 3 4 1 4 5 5 4 3 2 4 1 3 3 2 2 2 2 1 2 4 1 2 3 1 3 2 3 1 3 4 1 4 2 4 1 3 3 4 5 3 2 1 3 4 1 5 1 3 5 5 4 4 2 1 3 2 1 1 0 5 2 3
5 4 2 2 3 2 3 2 1 1 2 3 2 5 1 2 3 4 1 4 2 3 1 3 1 3 3 4 3 3 4 4 5 4 4 4 5 1 2 4 2 3 5 3 5 1 3 2 4 1 2 5 1 4 4 4 4 1 3 5 3 5 5 2 4 5 3 0 4 3
1 1 2 4 3 3 3 1 3 3 1 1 4 5 3 3 5 2 4 4 2 5 1 4 5 1 5 2 2 1 3 5 4 4 4 5 2 1 2 5 5 5 4 3 2 3 3 1 2 4 4 4 1 4 5 3 2 5 5 3 2 2 5 2 2 4 3 3 0 5
4 5 4 4 3 4 3 2 4 4 4 2 1 3 2 2 1 2 4 2 1 5 4 2 3 2 3 1 2 5 5 4 2 3 1 2 4 2 5 4 1 5 3 4 5 4 4 1 2 1 3 2 5 1 1 4 4 1 2 3 1 5 3 2 1 5 5 3 2 0
58 65 1 69 22 18 5 66 26 60 21 30 16 3 34 6 67 17 35 15 30 5 21 24 39 37 34 68 38 26 37 24 54 2 46 39 63 45 57 27 16 46 10 39 45 54 57 49 7 34
63 55 28 66 14 14 24 53 61 19 28 31 47 49 28 8 50 38 62 34 42 48 26 52 65 63 56 14 31 19 66 51 13 51 50 36 60 42 53 17 40 13 68 37 66 69 46 62 41 47
9 66 49 67 36 3 28 50 15 58 58 10 45 21 46 60 48 39 7 51 14 16 27 41 55 51 54 56 7 34 44 55 20 27 23 23 12 11 19 12 42 67 34 57 33 13 60 53 17 3
62 44 17 47 31 2 62 23 52 66 19 53 68 48 50 67 36 14 61 21 11 59 51 6 4 65 55 51 44 30 3 37 31 1 20 29 22 4 59 9 8 63 47 58 8 53 26 50 57 70
42 3 56 23 67 33 18 47 20 44 30 58 70 65 35 64 39 11 65 22 17 19 28 69 32 62 8 57 45 38 29 46 11 52 44 33 40 59 62 54 43 54 3 53 13 68 64 25 67 59
7 56 20 8 55 25 63 13 27 22 24 34 53 25 23 32 43 35 28 17 46 66 61 50 35 43 13 55 56 63 59 59 6 55 5 5 42 16 11 10 10 60 26 21 69 65 61 41 63 10
18 60 27 46 63 17 53 21 16 18 56 2 21 52 10 15 38 30 14 62 6 43 3 45 23 33 20 21 46 59 60 4 27 14 9 57 34 12 41 37 53 37 61 29 49 52 63 45 32 69
35 43 34 5 52 53 21 16 45 54 60 63 15 36 37 48 27 20 64 23 10 14 12 31 11 24 45 18 10 16 61 20 58 33 17 65 7 7 14 32 20 21 6 48 44 27 49 33 14 36
60 47 64 16 26 56 66 56 13 68 55 6 50 8 17 2 69 4 12 14 66 7 38 29 63 32 61 25 69 7 5 3 67 10 30 28 4 60 42 14 55 61 56 7 68 46 53 14 15 31
59 46 48 59 21 15 56 17 35 56 32 47 57 22 3 52 52 46 20 10 24 36 1 2 17 11 32 43 11 48 26 12 9 60 25 51 36 1 32 39 23 40 69 62 53 31 54 61 33 50
10 24 33 17 7 39 57 42 10 4 61 5 61 1 68 59 1 3 42 33 40 10 48 55 20 6 38 60 18 37 20 44 4 66 51 24 61 39 9 67 22 43 55 17 26 49 33 3 46 64
70 39 30 27 35 28 41 69 63 20 23 7 26 56 15 13 64 1 38 18 41 3 14 22 48 48 39 11 5 68 57 43 39 45 42 37 28 65 21 51 12 3 52 31 32 22 3 23 21 49
56 10 8 32 39 30 10 60 42 36 48 57 22 67 26 38 59 37 16 13 21 33 6 39 12 21 2 69 27 54 50 69 56 65 35 48 57 64 28 1 63 10 13 68 59 5 8 5 27 14
28 41 15 13 23 40 26 65 34 34 13 67 3 32 40 54 54 58 39 2 1 18 32 19 19 31 51 26 28 64 15 34 21 38 11 61 1 57 36 21 68 23 70 41 20 34 62 54 37 11
45 2 58 22 64 64 31 4 38 63 47 66 31 6 21 61 13 29 60 3 53 63 8 43 9 68 3 66 39 47 28 64 17 29 43 53 47 21 30 59 3 26 29 18 34 51 7 31 52 39
8 16 50 38 38 49 27 46 66 30 25 24 40 66 41 58 60 47 70 65 54 20 13 67 69 66 16 9 55 58 11 58 50 59 18 11 26 13 26 68 49 35 43 60 57 11 25 57 9 19
23 0 52 9 27 19 25 64 54 59 45 15 1 28 0 29 63 59 36 45 68 28 40 33 8 36 19 63 61 50 22 0 70 5 63 0 64 30 23 18 2 5 46 46 7 0 15 43 39 60
0 0 24 70 9 31 54 11 5 52 54 32 9 50 0 11 23 8 23 12 22 6 30 53 37 58 59 5 57 46 46 0 64 63 67 0 49 50 34 41 35 56 14 0 22 0 2 44 0 38
0 0 32 35 34 0 40 3 2 6 0 55 0 60 0 37 8 2 33 8 15 60 25 0 13 4 18 0 0 53 48 0 52 40 0 0 65 0 37 0 0 58 7 0 51 0 18 46 0 30
0 0 54 54 0 0 7 8 14 0 0 28 0 20 0 19 62 0 18 7 65 15 39 0 24 16 69 0 0 9 62 0 23 22 0 0 31 0 2 0 0 9 0 0 37 0 29 2 0 67
0 0 10 25 0 0 0 36 51 0 0 40 0 69 0 5 4 0 58 11 31 0 59 0 61 39 40 0 0 0 58 0 68 44 0 0 10 0 55 0 0 6 0 0 28 0 10 16 0 0
0 0 6 42 0 0 0 2 22 0 0 69 0 15 0 20 61 0 57 0 50 0 18 0 29 26 70 0 0 0 63 0 45 69 0 0 0 0 39 0 0 45 0 0 38 0 66 8 0 0
0 0 38 0 0 0 0 0 28 0 0 59 0 10 0 9 46 0 17 0 29 0 0 0 64 0 0 0 0 0 6 0 28 49 0 0 0 0 47 0 0 57 0 0 0 0 47 0 0 0
0 0 7 0 0 0 0 0 0 0 0 25 0 18 0 53 0 0 0 0 4 0 0 0 0 0 0 0 0 0 51 0 38 48 0 0 0 0 0 0 0 7 0 0 0 0 40 0 0 0
0 0 0 0 0 0 0 0 0 0 0 0 0 0 0 0 0 0 0 0 0 0 0 0 0 0 0 0 0 0 0 0 0 0 0 0 0 0 0 0 0 0 0 0 0 0 0 0 0 0
0 0 0 0 0 0 0 0 0 0 0 0 0 0 0 0 0 0 0 0 0 0 0 0 0 0 0 0 0 0 0 0 0 0 0 0 0 0 0 0 0 0 0 0 0 0 0 0 0 0
0 0 0 0 0 0 0 0 0 0 0 0 0 0 0 0 0 0 0 0 0 0 0 0 0 0 0 0 0 0 0 0 0 0 0 0 0 0 0 0 0 0 0 0 0 0 0 0 0 0
0 0 0 0 0 0 0 0 0 0 0 0 0 0 0 0 0 0 0 0 0 0 0 0 0 0 0 0 0 0 0 0 0 0 0 0 0 0 0 0 0 0 0 0 0 0 0 0 0 0
0 0 0 0 0 0 0 0 0 0 0 0 0 0 0 0 0 0 0 0 0 0 0 0 0 0 0 0 0 0 0 0 0 0 0 0 0 0 0 0 0 0 0 0 0 0 0 0 0 0
0 0 0 0 0 0 0 0 0 0 0 0 0 0 0 0 0 0 0 0 0 0 0 0 0 0 0 0 0 0 0 0 0 0 0 0 0 0 0 0 0 0 0 0 0 0 0 0 0 0
