50 70 30 15 25
5
5
5
4
3
5
4
5
4
3
1
4
4
3
2
5
3
3
4
5
4
4
4
1
1
4
4
4
5
3
4
4
2
1
4
3
4
1
1
2
3
2
2
3
4
3
3
3
5
3
4
5
3
5
2
1
1
5
4
5
1
2
5
2
2
5
1
4
5
3
0 3 4 3 5 5 1 5 2 4 3 2 5 3 5 1 2 3 2 1 3 1 2 2 3 2 4 5 4 5 3 3 2 1 3 2 1 4 2 1 3 3 2 1 1 3 4 1 1 4 5 1 1 1 5 4 2 4 1 3 5 2 4 5 5 2 2 5 1 4
2 0 2 2 3 1 5 4 2 3 3 4 5 4 2 2 4 4 1 2 2 4 2 2 3 5 3 1 5 3 1 4 2 3 1 1 1 4 1 2 2 2 4 1 1 4 5 3 1 1 2 2 2 2 4 5 5 3 3 5 3 2 2 2 3 5 5 3 4 3
4 5 0 5 2 1 5 2 4 5 5 4 5 5 2 3 3 2 1 5 2 1 5 2 2 3 4 2 2 2 2 1 4 1 5 3 1 1 1 1 3 3 4 2 4 1 3 5 4 4 3 4 3 3 5 2 1 2 3 5 1 1 5 4 3 5 2 3 4 2
2 4 4 0 3 2 2 4 1 1 3 5 5 4 3 1 5 3 4 4 4 3 4 3 3 1 5 1 2 4 1 1 4 2 1 3 3 3 2 4 5 2 5 1 3 2 3 1 1 3 1 1 1 1 5 4 2 4 4 1 4 4 2 5 1 2 4 1 2 2
3 1 5 2 0 5 1 5 2 5 1 4 5 3 1 2 2 1 4 2 2 3 4 2 1 1 1 1 2 3 2 3 2 3 5 2 2 1 1 3 2 3 2 3 2 4 2 4 3 5 1 1 4 4 1 5 2 5 5 4 2 3 4 5 5 1 2 3 1 5
2 3 5 3 3 0 1 4 5 2 3 2 4 4 4 3 5 5 3 1 5 5 2 2 4 5 3 2 3 3 2 4 3 2 1 3 1 2 3 4 3 2 5 1 4 1 2 4 2 4 4 4 3 1 4 1 2 5 5 2 3 1 5 1 2 2 4 1 5 4
5 3 3 5 1 3 0 5 2 2 4 1 1 5 3 2 2 3 4 5 4 1 2 4 5 4 5 3 4 4 2 2 1 4 1 1 3 1 1 3 3 1 3 3 2 5 4 2 2 2 3 4 3 3 5 5 3 5 1 2 2 2 2 1 3 2 4 4 4 3
3 2 2 4 4 3 3 0 5 3 5 4 4 2 3 2 2 3 3 3 4 3 3 5 3 3 2 5 2 4 3 1 3 5 4 2 5 5 2 1 5 2 1 1 2 5 3 4 1 5 5 5 1 2 2 2 5 3 1 2 2 3 3 4 2 3 1 1 4 5
5 2 2 3 1 4 1 4 0 4 4 2 5 5 1 2 4 1 5 5 4 4 1 3 5 3 3 3 4 4 4 4 1 5 5 5 5 5 2 5 5 2 3 1 4 3 2 5 4 1 2 1 1 2 1 2 1 2 1 3 4 3 5 5 5 1 4 1 1 1
1 5 3 2 5 5 2 2 3 0 5 3 3 3 1 2 3 5 2 5 2 1 3 5 3 3 1 2 5 2 1 1 3 2 4 2 4 4 5 3 1 4 5 2 5 1 4 2 5 4 4 2 5 2 1 4 5 5 3 4 5 3 1 1 1 1 3 5 2 2
5 4 4 2 3 5 3 5 5 1 0 2 3 2 1 3 1 3 5 1 3 2 4 3 4 2 1 5 3 4 5 3 1 1 4 1 4 3 4 4 1 4 3 4 1 3 4 3 5 4 5 4 5 4 3 5 3 3 4 1 5 3 3 3 1 3 4 4 3 1
4 3 2 5 3 3 3 4 2 4 1 0 4 4 1 2 4 4 3 4 1 4 4 2 3 3 1 2 4 4 4 3 5 2 5 3 1 1 2 2 3 1 2 4 1 1 5 5 4 5 5 4 4 1 4 1 4 1 5 4 4 3 2 4 3 5 3 2 3 2
3 5 1 2 4 4 1 4 3 2 4 2 0 2 2 1 3 4 2 5 5 3 3 2 2 2 4 1 3 3 1 1 3 4 1 1 1 4 5 2 4 5 3 5 2 5 1 2 4 1 3 5 2 3 5 1 5 4 3 5 1 4 1 3 4 5 4 1 1 2
4 2 5 2 1 3 1 3 5 5 1 4 4 0 2 1 4 2 5 4 3 1 5 1 4 4 2 3 1 3 4 3 1 2 1 4 3 1 2 2 4 3 1 4 3 5 3 4 2 1 1 1 2 5 2 4 2 3 2 2 5 3 4 5 2 2 3 3 1 1
5 3 1 4 5 5 4 4 4 3 2 3 3 4 0 3 1 5 3 5 1 4 4 3 3 3 1 3 1 4 3 5 1 3 3 1 5 3 5 3 3 4 4 2 5 1 3 3 2 1 4 5 2 4 1 1 4 1 4 1 5 2 1 5 5 3 4 2 3 4
5 1 2 3 2 4 2 1 2 1 3 5 5 4 4 0 1 1 1 4 5 1 2 5 1 5 3 3 5 4 3 1 3 1 2 3 5 1 2 2 3 2 5 2 2 2 3 5 3 3 3 4 1 2 4 4 3 4 5 5 2 5 5 4 5 1 2 2 5 1
4 2 3 3 2 5 4 5 1 3 3 4 2 1 5 3 0 2 2 3 1 3 5 4 4 4 4 5 5 1 4 1 2 2 3 3 4 2 2 4 4 5 2 5 5 3 2 3 1 5 1 4 1 3 3 4 3 5 1 3 3 1 1 4 2 2 1 1 2 5
5 4 3 2 2 1 2 4 4 5 3 3 3 3 5 3 3 0 3 5 4 3 2 3 4 2 2 4 2 1 5 1 5 2 2 4 2 3 2 5 5 1 5 1 4 4 3 3 3 3 4 2 3 1 2 2 4 2 3 5 5 3 1 1 2 3 5 2 3 2
1 3 1 2 3 2 5 2 2 1 2 2 1 3 4 1 3 4 0 3 4 1 4 5 3 5 4 1 2 5 2 5 3 5 5 5 4 5 2 2 2 4 4 1 2 2 3 3 2 1 2 5 2 4 5 2 4 1 2 5 4 3 1 1 1 3 5 5 3 1
1 3 5 3 5 4 4 1 1 3 2 2 5 5 5 2 4 3 4 0 1 2 1 5 4 4 2 4 2 3 3 4 2 3 5 5 1 5 5 5 3 4 3 1 2 5 5 1 1 2 2 4 5 5 4 1 3 1 2 5 2 5 1 4 1 3 1 2 1 2
3 2 1 1 3 5 5 3 2 5 1 5 4 2 4 4 1 4 2 2 0 5 3 3 1 3 2 2 1 2 4 5 1 5 1 2 4 5 2 5 4 1 2 4 1 1 1 1 1 4 5 4 4 2 4 4 2 4 1 2 2 5 5 5 4 2 3 5 1 5
4 3 2 3 4 1 3 1 2 5 4 5 3 1 5 2 3 4 1 1 4 0 2 4 2 1 1 3 1 2 5 2 2 3 3 1 5 2 2 4 4 3 1 1 5 4 2 2 3 3 2 5 1 3 1 5 3 4 3 2 2 5 3 5 1 4 3 2 3 3
4 1 5 1 1 1 5 5 3 5 3 1 1 3 2 3 3 1 4 1 1 5 0 2 4 1 5 5 1 4 5 1 3 1 2 3 5 1 1 1 2 1 4 1 5 5 2 3 3 3 2 2 4 1 2 4 3 2 4 2 3 4 5 1 2 3 1 1 4 5
4 2 4 1 3 3 2 1 2 4 4 4 5 3 2 5 3 5 3 4 1 1 2 0 5 4 3 5 5 5 1 2 3 1 3 1 1 4 2 4 4 1 1 5 1 1 2 1 3 3 1 5 2 1 3 1 3 3 4 4 1 3 4 5 1 4 4 4 5 5
5 1 1 2 2 3 2 5 1 4 4 1 5 5 4 4 2 4 3 5 1 5 2 2 0 4 3 3 1 3 3 4 2 3 1 5 2 1 4 3 1 5 1 1 2 1 3 1 3 5 4 5 5 1 1 5 5 5 1 3 1 2 1 3 5 3 3 2 3 4
4 3 5 2 5 4 4 4 3 5 1 3 2 1 5 4 3 2 3 3 4 3 5 3 5 0 5 5 2 3 1 4 2 2 2 3 2 4 5 1 2 3 1 3 1 2 5 5 1 5 4 4 3 1 2 3 4 4 1 4 4 4 2 2 2 4 2 4 4 5
2 2 4 3 2 2 3 5 4 3 1 3 4 3 3 2 2 2 1 1 2 4 5 3 5 3 0 3 5 5 4 2 5 5 1 2 4 5 5 2 2 3 3 1 5 5 1 4 1 4 2 3 5 4 5 5 2 4 3 4 2 2 1 4 3 1 1 1 4 3
5 3 4 5 1 4 1 5 5 5 3 5 5 4 5 3 2 3 2 3 2 1 5 1 2 2 1 0 2 5 5 4 5 5 1 2 1 3 1 5 5 2 3 3 5 4 2 3 1 3 2 2 4 1 4 5 1 1 2 1 4 3 2 3 2 3 4 5 1 3
2 4 3 2 2 1 3 3 5 5 3 4 1 2 1 5 2 2 3 5 1 1 3 5 1 1 3 5 0 3 3 4 5 4 3 3 4 1 3 4 4 1 2 4 2 1 4 4 4 5 5 5 1 1 2 4 2 2 2 3 2 3 1 1 5 5 2 1 2 4
1 3 1 4 1 3 2 4 2 4 2 2 4 1 2 5 4 3 1 4 4 4 2 1 5 2 3 1 5 0 1 4 1 2 2 2 4 3 5 1 5 2 5 2 5 4 4 1 3 5 2 2 3 1 5 3 3 4 5 4 5 5 2 4 1 3 3 5 5 3
1 3 5 2 2 3 3 1 3 4 2 1 4 2 1 4 4 2 1 3 1 2 4 2 5 3 5 5 3 2 0 1 4 2 2 1 1 1 4 2 5 4 5 4 4 2 4 2 2 2 4 1 2 1 1 4 5 3 5 5 2 5 5 4 5 2 4 5 5 1
2 4 1 3 1 4 2 2 3 4 2 4 1 5 4 3 5 2 3 4 5 4 4 5 2 5 2 1 2 4 2 0 5 5 4 2 5 5 1 5 1 5 2 4 3 4 1 2 4 5 2 1 5 1 1 5 1 1 4 5 2 4 2 5 4 3 2 3 5 2
4 4 5 4 4 2 4 1 3 5 5 5 2 1 2 5 2 5 3 4 3 3 2 3 5 1 3 5 4 2 2 5 0 4 3 3 2 2 2 4 4 3 5 2 2 4 2 2 4 4 3 2 1 2 1 4 5 2 4 4 5 1 2 4 2 5 2 1 4 5
3 2 4 5 5 4 2 1 1 3 2 2 1 2 5 5 3 3 3 1 4 1 1 4 1 3 4 4 4 1 4 4 2 0 3 1 1 5 1 1 1 5 2 3 4 1 5 3 3 1 2 4 3 2 3 4 1 3 1 4 2 3 1 2 2 4 2 3 1 5
3 2 3 5 3 4 5 3 5 3 2 4 5 1 4 3 3 1 4 5 2 5 4 3 1 2 1 2 1 4 1 3 4 1 0 3 3 3 1 3 3 5 4 2 3 2 5 1 2 3 4 1 4 3 3 5 3 4 1 2 1 4 2 5 2 5 3 2 3 2
2 5 4 3 3 1 5 5 1 4 5 5 1 2 4 4 5 5 5 4 2 3 3 2 3 2 5 2 1 4 4 5 3 1 5 0 4 3 2 5 5 3 5 2 1 4 1 1 5 4 4 5 5 2 2 3 4 3 2 4 1 1 5 4 5 1 5 1 2 3
4 3 3 1 3 4 2 3 4 4 3 3 5 1 4 1 3 4 5 1 1 4 2 2 5 2 5 1 2 5 5 2 4 3 3 1 0 5 5 5 2 2 2 4 1 3 2 1 1 5 2 5 4 1 2 2 2 2 5 4 1 5 5 4 4 4 3 4 2 4
4 4 2 2 1 4 5 4 3 2 2 2 1 1 4 5 5 4 5 2 4 4 1 5 2 3 4 2 3 3 5 3 4 1 4 5 1 0 2 1 4 1 2 2 4 2 3 5 2 2 1 5 1 5 2 1 1 4 4 1 5 1 3 3 4 4 4 4 5 2
1 2 3 3 5 4 5 4 1 4 5 4 2 5 4 3 2 2 1 2 3 1 5 1 1 2 5 4 4 1 5 1 5 5 5 1 5 1 0 1 2 5 1 1 3 5 5 1 4 4 3 2 5 5 1 3 1 1 2 3 5 4 3 5 4 3 2 5 3 1
2 5 2 3 2 5 4 5 5 4 3 4 1 4 5 3 1 4 2 3 3 2 1 5 3 2 3 2 3 4 2 1 4 4 1 1 1 2 4 0 3 4 5 5 2 1 2 2 1 3 3 2 3 5 3 5 1 5 2 4 2 4 4 1 2 4 4 1 2 2
1 5 4 1 3 5 3 1 4 5 1 5 4 5 1 2 3 2 4 2 2 3 3 3 5 5 1 3 1 2 1 4 5 4 2 4 1 3 4 1 0 4 1 5 1 2 1 4 2 5 5 5 4 1 4 5 2 4 2 4 1 3 2 4 5 4 3 4 4 2
1 3 3 5 4 3 4 4 3 5 4 1 4 3 1 2 2 1 5 3 2 3 1 5 5 3 4 2 5 1 4 1 3 3 3 3 1 4 2 4 2 0 4 5 1 1 5 3 1 2 5 1 2 4 2 5 4 3 4 3 2 5 2 4 5 3 1 3 2 5
3 5 5 2 5 1 2 1 5 1 5 4 4 5 1 5 2 5 4 5 4 3 2 1 1 2 3 4 4 2 3 2 2 1 2 1 2 4 3 3 2 5 0 5 3 5 1 4 2 1 1 3 3 1 4 5 4 1 3 1 1 2 5 2 4 5 1 5 2 5
2 2 3 1 5 5 5 4 2 2 2 2 2 2 5 4 5 4 4 2 2 1 5 5 4 3 3 3 2 5 1 2 3 5 4 4 4 5 4 5 1 5 4 0 2 2 5 3 4 5 1 1 3 2 2 2 3 1 2 5 2 2 1 2 5 1 1 1 3 1
4 2 1 5 3 4 4 5 3 5 4 5 4 3 3 1 3 3 4 2 4 2 1 4 5 2 3 4 1 2 1 3 4 2 4 2 5 3 4 2 2 4 5 1 0 1 2 2 4 3 4 4 1 3 4 1 3 1 4 1 5 3 3 5 1 1 3 5 4 5
4 5 4 3 3 5 3 2 4 5 2 5 5 5 1 2 5 3 5 4 1 2 4 3 4 3 5 1 5 2 3 5 3 2 5 2 4 5 1 1 4 2 1 3 5 0 3 1 5 2 1 4 2 5 4 4 1 5 2 3 4 5 5 2 3 5 1 5 2 3
2 3 3 2 2 2 1 1 1 2 3 5 5 5 4 4 5 5 1 1 3 3 3 3 3 3 3 1 1 5 1 4 5 1 3 4 4 1 1 1 2 1 1 3 2 4 0 3 5 3 5 4 5 4 2 4 2 5 2 4 4 1 3 3 2 5 5 2 2 5
4 1 1 5 3 2 5 5 4 4 5 1 5 4 4 3 5 3 1 3 4 1 2 5 2 5 1 1 5 5 5 4 3 4 3 1 3 3 4 2 5 3 3 1 3 2 4 0 2 5 4 2 3 3 1 3 5 3 1 4 4 1 5 2 2 3 5 4 5 1
3 3 5 1 3 1 3 3 5 3 1 4 2 2 1 2 3 4 1 3 3 1 2 5 2 2 1 3 3 3 3 3 4 2 3 2 2 4 5 2 1 1 1 5 3 1 5 5 0 3 1 1 5 5 1 3 2 3 2 2 2 3 3 1 1 5 3 4 5 5
5 4 5 2 3 2 5 1 3 4 3 2 2 1 1 5 3 2 2 1 2 1 2 5 4 4 2 1 3 4 2 2 3 1 3 1 4 4 2 2 4 1 4 1 3 5 5 4 3 0 5 1 4 1 1 3 4 3 5 4 1 3 2 4 2 2 3 2 3 4
5 4 1 4 5 1 3 2 4 1 1 3 1 3 4 3 3 4 3 4 5 4 1 1 5 3 2 4 2 3 1 1 5 3 5 1 4 5 4 1 2 5 1 3 3 3 4 1 1 2 0 5 4 4 1 3 4 1 5 2 5 4 3 1 1 5 1 5 3 1
3 5 2 1 5 4 1 3 2 5 1 4 2 3 2 5 4 4 2 2 5 2 4 3 5 3 1 4 5 5 1 5 2 1 3 1 5 2 1 3 2 4 4 2 3 4 3 4 1 5 5 0 5 1 3 3 2 1 4 5 1 3 1 3 2 3 2 3 1 5
1 2 2 1 4 4 2 4 5 1 2 1 5 3 5 4 4 1 3 3 4 3 5 3 4 1 1 4 4 4 2 4 5 5 1 2 1 2 4 5 1 1 3 4 5 4 3 3 3 3 4 2 0 1 5 1 1 1 1 2 1 3 1 2 2 5 4 1 1 4
4 1 2 4 5 4 4 3 4 3 5 5 4 5 4 3 1 2 3 1 1 5 2 3 3 5 5 2 2 2 4 5 3 1 5 2 3 4 1 3 1 2 4 3 5 1 1 5 2 5 1 3 2 0 1 5 5 2 3 2 4 5 5 3 1 3 3 2 3 5
1 1 5 5 2 2 3 5 1 3 4 1 3 4 3 1 1 4 2 4 5 3 4 1 4 5 3 1 2 4 5 4 2 3 1 3 3 1 4 2 3 5 3 2 4 1 5 4 5 3 2 4 4 4 0 3 4 1 3 1 3 3 1 5 5 1 3 5 4 3
4 1 1 5 2 5 4 2 2 1 2 2 2 1 1 2 1 1 2 3 1 3 5 4 4 5 5 4 4 3 2 5 4 4 1 4 1 1 5 1 4 5 5 5 5 4 2 5 3 1 1 1 3 1 2 0 1 3 1 1 5 3 1 4 5 3 1 3 5 4
4 2 3 4 3 2 2 5 1 5 5 2 4 4 5 3 4 2 2 3 5 1 3 4 3 1 5 5 4 4 3 1 5 3 3 2 3 4 2 2 4 4 4 1 3 4 3 2 4 2 2 2 5 5 5 2 0 4 2 4 4 2 3 4 3 3 3 4 1 3
3 3 1 2 3 5 3 4 5 3 5 5 3 2 1 4 2 1 5 3 1 2 3 2 1 3 4 4 2 3 1 2 1 3 3 1 1 4 2 5 4 3 4 4 3 2 3 5 5 1 2 1 5 3 1 1 1 0 2 1 2 4 5 1 2 3 4 2 1 4
4 5 4 5 5 4 4 3 1 1 2 3 5 1 1 3 1 1 5 5 4 4 3 2 1 2 1 1 5 2 2 5 5 5 1 3 2 4 4 1 5 1 1 5 2 4 2 4 2 2 3 3 2 1 1 5 3 4 0 4 4 4 3 5 5 5 1 4 4 1
2 1 3 3 4 1 1 3 4 4 2 2 3 4 5 5 4 2 2 5 5 2 3 1 3 1 2 5 3 2 4 2 2 5 5 3 2 4 4 2 4 3 5 2 5 5 5 4 3 5 4 3 4 4 3 1 5 5 3 0 5 1 4 2 3 2 1 3 5 2
4 5 1 3 1 4 1 5 4 5 4 5 2 1 4 5 5 4 1 2 5 1 1 5 4 4 5 3 1 4 4 5 4 2 3 3 4 5 2 1 2 4 5 3 1 5 2 5 3 1 1 1 4 5 3 2 3 4 3 1 0 3 5 3 5 4 3 1 2 5
2 4 4 4 4 3 4 4 4 4 2 2 3 2 5 2 2 4 1 1 5 5 5 4 5 2 1 5 5 5 1 4 4 3 2 1 2 5 4 4 3 4 3 4 3 5 2 4 2 5 4 5 2 1 3 1 5 1 3 5 1 0 1 2 4 4 4 3 4 2
3 4 1 2 2 4 1 4 2 4 4 3 5 2 5 1 3 3 4 1 5 1 2 4 4 4 2 1 2 3 5 1 2 3 3 5 3 2 4 3 2 5 3 2 4 1 4 4 1 1 1 4 5 4 4 5 4 5 4 1 1 1 0 5 2 3 3 2 5 3
1 1 4 4 3 5 5 2 1 3 2 3 3 4 1 2 2 4 2 5 3 4 1 1 2 3 5 3 3 3 4 4 1 5 1 2 4 2 5 3 1 4 4 1 1 4 2 3 1 5 4 2 2 1 3 3 4 3 2 2 3 4 1 0 2 4 5 2 2 2
1 4 2 4 3 5 3 1 1 1 5 5 3 5 5 1 2 1 2 5 4 1 1 2 5 5 3 2 3 4 2 1 4 1 4 3 4 2 1 2 4 5 3 2 5 5 4 3 2 1 5 3 3 3 2 3 2 1 4 4 2 5 4 4 0 4 1 4 5 2
2 5 1 3 4 5 2 2 4 4 4 1 2 3 4 2 3 3 1 5 4 5 4 2 1 5 4 3 3 1 3 4 4 2 4 1 5 3 2 4 1 2 5 4 3 2 4 2 4 4 2 4 4 3 3 3 4 3 5 4 1 4 4 2 1 0 3 4 4 3
4 4 4 3 3 1 5 4 1 5 2 2 3 3 5 2 2 2 3 3 3 1 4 4 3 5 4 5 2 2 5 5 3 3 5 4 3 3 2 2 4 4 4 4 1 2 1 1 2 4 4 5 1 5 2 1 5 3 3 2 1 3 5 3 5 2 0 4 1 2
4 2 3 1 4 1 2 1 4 4 3 3 1 4 2 2 4 5 3 1 2 5 4 3 2 3 4 5 5 5 1 4 4 5 1 3 1 2 1 4 5 4 5 4 5 4 2 3 1 4 1 2 1 1 1 4 2 5 2 4 4 4 3 5 4 3 5 0 4 1
3 3 1 2 3 4 5 3 3 3 3 2 1 2 3 4 1 4 5 5 3 1 1 2 3 3 5 4 2 1 4 2 2 1 3 1 2 4 2 1 3 4 3 1 1 2 2 5 2 2 1 4 3 1 1 5 5 5 2 1 5 5 3 2 1 3 3 4 0 2
4 3 3 5 1 5 5 4 3 1 2 5 1 4 2 1 2 1 5 1 5 1 3 4 4 4 3 5 3 1 5 3 4 4 4 4 2 5 1 1 3 3 2 3 5 4 4 1 1 3 4 2 5 4 2 5 2 1 3 1 4 1 3 3 1 3 5 5 2 0
68 15 16 38 21 64 15 28 5 52 8 48 10 23 13 7 19 35 13 42 30 21 11 25 13 15 41 16 65 34 34 45 25 9 21 2 6 11 64 65 54 21 39 17 4 29 62 15 53 2
33 42 35 34 50 41 13 35 32 42 43 20 4 43 69 6 70 2 25 21 67 3 54 45 15 37 65 46 50 43 31 13 70 37 18 23 1 39 58 69 49 13 4 18 46 69 41 18 69 56
55 32 20 56 42 49 32 65 67 40 53 46 34 60 58 70 17 70 4 10 27 25 7 44 6 27 14 42 32 21 22 20 30 46 7 39 34 48 61 35 56 10 38 54 7 7 53 43 66 10
29 52 3 35 30 10 56 22 14 39 29 47 16 17 31 5 59 49 35 15 2 52 20 46 62 62 6 26 2 25 4 47 34 31 57 20 19 29 11 19 60 60 19 21 17 22 18 2 36 33
19 58 23 19 62 45 3 25 27 15 6 5 12 25 11 21 13 33 23 60 3 60 16 51 47 60 2 10 64 30 10 55 19 39 23 41 50 56 13 7 18 62 16 65 65 34 49 36 64 17
52 57 24 31 26 55 52 5 57 53 18 17 13 63 4 36 37 52 12 5 51 45 35 33 37 31 39 2 29 64 13 15 57 57 66 48 42 68 25 34 35 8 66 33 37 4 8 32 8 24
63 68 26 5 60 51 23 51 63 68 10 15 17 21 67 1 38 30 14 16 35 1 6 48 21 19 54 27 24 10 62 53 56 1 33 34 2 24 37 38 36 28 10 5 2 47 10 23 4 43
6 34 46 64 44 21 34 56 52 29 65 43 49 6 59 31 23 48 58 4 10 55 26 27 11 13 50 12 38 59 11 17 10 36 9 45 67 67 10 49 13 25 61 51 16 36 54 37 20 11
69 60 32 66 65 26 36 58 64 19 28 53 39 52 42 49 16 44 42 28 39 33 68 14 39 21 10 45 70 20 5 39 26 47 69 37 5 64 12 6 4 11 59 66 45 33 67 61 67 18
49 28 19 29 22 15 60 62 56 22 33 22 54 58 21 34 25 67 29 1 47 9 62 17 61 40 37 23 26 2 26 50 12 17 45 26 61 65 31 41 10 65 50 70 30 51 61 67 33 13
9 4 21 11 58 54 39 4 2 49 62 67 27 66 15 51 55 64 55 54 56 67 48 37 63 26 62 51 1 69 12 24 3 68 47 53 60 45 26 32 20 55 44 15 5 52 25 66 55 12
46 64 39 22 11 18 24 11 16 56 52 40 2 19 44 65 33 45 7 12 11 44 18 31 16 10 5 44 30 50 70 52 14 66 2 14 57 26 20 11 26 38 11 47 60 64 1 45 32 20
39 7 2 9 38 48 67 49 19 9 31 1 32 54 27 69 48 47 44 6 52 50 36 66 24 58 3 34 63 38 59 2 32 70 52 66 38 41 7 55 15 1 21 25 41 19 43 22 26 52
20 16 49 33 33 27 57 61 21 6 54 35 68 13 41 55 22 41 62 18 20 53 55 19 5 57 16 11 3 32 18 61 65 34 68 11 69 54 16 70 24 16 62 57 48 26 4 70 31 27
60 43 45 48 70 19 31 55 60 5 36 61 63 39 37 30 7 1 32 26 17 8 25 32 67 48 17 54 66 58 61 35 62 6 55 68 9 44 48 25 33 43 1 39 22 43 36 28 40 23
42 48 6 53 14 28 2 24 59 59 68 51 31 27 55 24 27 5 11 58 29 32 39 7 23 38 68 15 10 63 14 59 17 48 31 4 64 0 69 52 28 52 18 3 68 68 69 46 0 68
58 61 48 10 1 70 17 48 23 3 13 58 15 64 63 50 50 42 0 66 45 10 0 40 0 29 45 50 59 45 68 6 13 27 15 36 32 0 27 0 30 14 68 26 13 0 50 5 0 0
10 70 37 7 15 32 44 32 31 34 0 0 5 38 48 42 24 68 0 0 4 20 0 22 0 61 12 0 37 40 38 58 38 62 35 33 44 0 5 0 52 54 0 43 6 0 33 24 0 0
5 25 0 51 0 42 69 13 15 37 0 0 14 30 35 61 0 12 0 0 0 29 0 54 0 54 24 0 13 22 20 60 36 33 46 0 55 0 0 0 22 30 0 40 39 0 48 53 0 0
59 5 0 6 0 30 35 45 51 64 0 0 61 15 53 45 0 34 0 0 0 19 0 20 0 35 40 0 39 27 0 65 47 60 62 0 37 0 0 0 42 50 0 24 0 0 19 58 0 0
35 40 0 0 0 8 21 38 0 45 0 0 21 5 8 13 0 66 0 0 0 47 0 15 0 68 64 0 7 51 0 46 0 2 54 0 62 0 0 0 0 7 0 55 0 0 0 51 0 0
0 12 0 0 0 3 0 26 0 0 0 0 23 46 16 40 0 16 0 0 0 0 0 4 0 50 48 0 55 42 0 3 0 16 0 0 36 0 0 0 0 40 0 11 0 0 0 6 0 0
0 11 0 0 0 39 0 63 0 0 0 0 7 22 0 0 0 21 0 0 0 0 0 0 0 20 31 0 57 37 0 8 0 43 0 0 4 0 0 0 0 29 0 7 0 0 0 50 0 0
0 0 0 0 0 0 0 50 0 0 0 0 8 0 0 0 0 57 0 0 0 0 0 0 0 0 58 0 20 0 0 26 0 67 0 0 49 0 0 0 0 0 0 16 0 0 0 17 0 0
0 0 0 0 0 0 0 0 0 0 0 0 42 0 0 0 0 0 0 0 0 0 0 0 0 0 69 0 0 0 0 0 0 0 0 0 0 0 0 0 0 0 0 34 0 0 0 0 0 0
0 0 0 0 0 0 0 0 0 0 0 0 0 0 0 0 0 0 0 0 0 0 0 0 0 0 0 0 0 0 0 0 0 0 0 0 0 0 0 0 0 0 0 0 0 0 0 0 0 0
0 0 0 0 0 0 0 0 0 0 0 0 0 0 0 0 0 0 0 0 0 0 0 0 0 0 0 0 0 0 0 0 0 0 0 0 0 0 0 0 0 0 0 0 0 0 0 0 0 0
0 0 0 0 0 0 0 0 0 0 0 0 0 0 0 0 0 0 0 0 0 0 0 0 0 0 0 0 0 0 0 0 0 0 0 0 0 0 0 0 0 0 0 0 0 0 0 0 0 0
0 0 0 0 0 0 0 0 0 0 0 0 0 0 0 0 0 0 0 0 0 0 0 0 0 0 0 0 0 0 0 0 0 0 0 0 0 0 0 0 0 0 0 0 0 0 0 0 0 0
0 0 0 0 0 0 0 0 0 0 0 0 0 0 0 0 0 0 0 0 0 0 0 0 0 0 0 0 0 0 0 0 0 0 0 0 0 0 0 0 0 0 0 0 0 0 0 0 0 0
