50 70 35 15 25
2
3
4
1
2
5
1
1
1
1
2
2
2
2
2
2
2
5
4
3
5
5
5
2
1
1
3
1
1
3
4
2
5
4
3
2
1
4
5
3
4
1
2
5
1
1
1
2
3
3
5
3
1
2
3
3
3
4
2
4
1
5
1
4
3
5
5
3
1
2
0 1 3 2 2 1 5 4 1 5 5 2 4 1 5 4 5 1 3 1 3 2 1 3 3 3 3 4 5 5 4 5 2 1 2 4 5 2 2 5 5 3 2 1 3 5 3 2 5 3 1 2 5 4 1 5 4 5 3 2 3 5 3 2 5 2 5 5 4 5
5 0 2 2 5 3 3 4 1 4 2 5 4 2 4 3 1 3 4 4 5 1 5 5 2 4 5 1 1 3 4 4 2 4 4 5 3 3 3 3 1 2 4 4 2 1 3 4 3 4 5 2 2 5 2 1 4 1 5 5 5 4 5 1 4 5 1 2 1 2
1 5 0 3 5 1 3 4 5 4 5 4 3 3 1 4 2 1 5 2 2 4 4 2 4 2 1 2 2 3 4 5 2 4 4 1 2 1 1 1 2 3 2 5 5 3 2 5 4 2 2 4 1 3 1 3 5 1 1 4 5 3 4 5 3 4 2 2 5 5
1 1 3 0 2 3 4 4 2 3 2 3 1 2 3 2 3 2 1 2 1 2 4 5 4 5 5 5 5 4 2 2 4 2 3 2 1 2 5 3 1 5 4 4 1 2 3 5 3 4 5 4 4 2 5 3 1 1 3 5 2 5 4 4 1 4 3 1 1 3
1 5 1 2 0 1 5 4 1 4 5 5 2 1 1 4 2 3 5 1 3 4 2 5 1 2 3 5 4 2 3 3 1 4 1 4 3 2 5 1 4 2 3 5 2 4 3 3 5 2 5 4 2 3 5 2 3 3 2 1 1 2 4 2 1 3 3 4 4 5
4 2 2 4 1 0 1 5 2 5 5 5 3 1 5 3 3 4 1 5 5 1 1 5 3 4 4 4 3 3 5 5 1 1 2 3 4 3 5 1 3 2 3 2 1 5 2 2 3 3 3 2 3 4 2 4 3 2 1 2 5 2 3 2 1 4 5 2 4 1
3 5 3 2 3 5 0 5 3 3 5 5 4 3 5 5 1 4 5 2 1 1 3 2 1 2 5 2 4 4 3 4 5 1 2 1 5 2 5 2 4 2 4 5 5 1 5 3 2 3 1 1 4 4 2 4 2 5 3 5 1 2 1 5 5 2 2 4 2 4
5 4 5 1 4 2 1 0 4 5 1 2 4 3 4 1 4 4 5 5 1 1 2 3 4 4 1 4 2 5 5 3 1 4 5 1 4 4 5 2 2 3 1 3 3 3 2 5 5 5 5 3 1 4 1 5 1 1 5 5 5 2 5 1 4 1 4 2 2 2
2 5 4 3 1 4 4 1 0 4 3 5 2 5 3 2 3 2 5 1 3 3 5 5 2 3 1 2 2 4 1 2 4 5 5 1 3 3 4 4 3 3 5 5 5 4 2 3 2 4 1 5 5 3 4 2 2 1 4 5 2 3 4 2 1 3 3 5 5 2
4 5 2 3 2 2 1 4 5 0 2 2 3 2 1 1 5 1 5 2 1 5 1 1 3 4 1 5 1 2 3 1 1 4 3 4 2 3 5 2 5 4 1 1 2 4 5 5 4 3 2 1 5 3 3 2 4 2 1 3 5 4 2 3 3 1 3 2 4 3
4 3 2 1 5 1 2 4 5 5 0 1 5 3 5 5 5 2 2 4 2 3 4 5 1 1 3 2 1 1 1 2 1 3 1 2 4 3 4 2 3 5 2 1 2 3 5 2 1 4 5 5 3 3 5 1 2 2 3 2 3 2 4 2 2 2 2 1 3 2
2 1 4 4 1 2 2 1 1 1 1 0 2 2 2 2 3 1 2 2 2 3 1 4 4 4 2 3 1 3 3 1 4 3 2 1 4 2 1 5 1 4 3 2 3 3 3 5 4 1 5 3 3 4 1 5 4 1 1 5 3 3 5 2 2 3 2 2 2 4
4 4 2 2 4 4 4 2 3 2 5 4 0 2 4 1 4 4 1 1 2 5 1 3 5 1 5 3 2 3 3 2 1 4 2 1 4 5 3 2 1 4 3 1 1 2 2 4 1 4 5 4 2 5 2 2 2 5 2 3 3 1 5 4 5 2 2 5 5 4
1 2 4 4 4 1 5 5 5 2 3 2 2 0 5 4 1 1 4 3 5 1 3 2 2 1 4 4 4 4 5 3 3 4 1 3 2 4 5 4 1 5 1 1 5 4 1 1 1 4 5 2 5 3 4 5 3 4 4 2 1 2 4 5 1 5 4 1 2 5
1 1 5 1 4 3 1 4 5 5 3 3 3 1 0 3 4 3 3 4 2 5 5 3 5 4 1 3 3 1 2 5 4 1 4 1 5 3 2 1 4 4 5 2 2 4 5 1 4 5 3 1 4 1 2 1 1 2 4 5 2 1 4 5 5 4 3 3 2 3
4 2 2 3 3 4 4 2 3 1 3 1 1 1 1 0 2 4 4 1 2 4 2 2 5 4 4 4 5 2 4 3 1 1 4 4 2 4 2 2 3 5 5 3 2 4 3 4 4 3 3 2 4 3 1 3 3 4 5 3 1 1 5 4 4 4 5 4 5 3
5 5 4 1 3 3 1 4 1 4 5 4 2 5 1 3 0 3 2 1 5 5 2 2 1 5 3 4 2 4 3 4 3 3 2 1 2 5 2 5 1 4 5 5 4 1 1 2 4 2 1 2 1 1 5 5 1 5 5 2 5 3 2 5 3 2 1 1 3 1
1 3 1 3 5 1 5 4 5 1 1 1 2 4 1 2 1 0 1 5 1 4 3 3 4 3 3 4 5 2 4 3 5 2 2 3 3 1 5 3 2 5 4 5 1 4 3 1 5 3 5 2 5 1 2 5 5 2 4 3 3 5 4 2 5 1 3 5 5 4
3 2 4 5 5 5 2 5 1 3 1 3 5 4 1 3 5 5 0 4 4 3 5 5 4 3 5 1 5 3 2 1 3 5 5 4 4 2 4 3 3 3 4 2 4 3 2 2 4 5 4 5 4 1 5 4 3 4 4 5 4 1 3 5 5 2 3 1 2 4
5 5 3 1 1 5 4 3 2 2 3 1 1 5 4 1 2 2 1 0 2 4 1 3 3 1 1 2 1 3 5 5 3 3 2 2 4 3 1 2 4 1 2 1 2 4 5 5 4 1 5 1 3 3 2 2 3 2 4 4 2 3 5 2 2 5 4 3 1 4
5 3 4 1 1 1 2 2 3 5 3 1 2 2 1 5 4 1 4 5 0 4 2 2 3 4 1 5 5 3 2 1 3 4 3 5 3 5 1 4 2 1 2 1 1 2 5 2 1 2 2 5 4 1 5 2 4 3 4 4 4 5 3 3 2 5 2 1 4 2
2 4 5 3 4 5 5 3 2 3 2 2 2 2 5 2 1 5 3 5 5 0 3 3 5 1 3 1 2 5 1 3 3 4 2 4 3 3 3 2 3 1 4 1 2 2 5 2 3 1 5 2 1 1 4 1 5 4 3 5 1 4 4 5 3 5 4 3 3 4
3 3 2 2 2 1 3 1 1 3 3 4 1 5 1 5 4 5 4 3 3 1 0 4 1 5 5 1 5 5 4 2 4 3 4 1 4 3 2 1 4 5 3 4 1 5 1 3 2 4 1 4 4 5 4 5 5 3 5 5 2 5 2 4 2 5 5 2 2 1
3 4 1 1 2 3 5 3 2 4 5 2 2 4 2 2 1 5 4 2 1 1 4 0 5 4 4 5 5 4 1 3 2 1 3 2 4 2 5 4 4 5 2 5 2 5 5 3 1 4 1 2 5 1 5 1 5 4 2 4 2 2 1 4 2 5 4 1 2 3
1 1 2 1 4 2 1 3 2 1 5 2 4 3 3 4 3 5 3 4 3 1 3 3 0 4 4 3 2 5 2 1 2 2 4 5 1 5 2 1 2 1 1 4 2 1 4 2 2 4 1 1 2 5 5 5 4 3 2 5 4 3 1 2 5 2 4 4 5 2
1 3 2 4 3 3 3 2 4 2 1 2 1 3 5 5 5 5 3 5 1 4 4 5 5 0 3 3 1 5 1 1 5 2 2 2 2 1 5 4 4 2 4 1 5 2 3 5 5 2 2 4 3 2 2 2 4 5 2 3 2 2 1 1 5 1 1 1 3 1
2 2 5 4 4 2 3 5 3 2 1 3 2 5 3 3 2 1 5 5 5 5 1 4 5 4 0 3 3 2 1 4 2 5 4 1 1 3 5 2 2 2 3 4 4 2 3 3 3 4 1 1 2 3 5 2 4 5 1 3 3 2 2 2 4 3 1 5 3 3
3 3 5 1 1 2 5 4 5 1 3 5 3 5 1 4 5 5 1 4 1 5 2 2 1 3 4 0 5 3 3 5 4 2 2 4 2 2 5 1 2 4 5 4 3 3 3 4 4 2 2 5 4 4 2 5 2 2 4 1 2 5 5 3 2 3 5 5 1 4
1 3 2 4 5 3 5 1 4 5 3 4 2 3 1 1 1 1 5 5 1 1 1 5 5 2 2 3 0 3 5 5 4 5 4 4 4 2 2 1 5 4 2 5 1 5 4 1 4 2 3 2 3 4 2 1 2 5 1 3 1 5 4 5 4 3 2 4 5 4
1 3 3 2 5 4 5 1 5 3 5 3 4 4 5 2 1 3 5 3 1 5 2 1 1 5 4 5 3 0 2 2 1 2 3 1 3 2 3 3 2 5 5 3 3 4 5 1 5 2 4 4 4 2 5 4 4 3 3 5 5 3 5 5 4 3 1 4 5 1
2 1 2 2 3 5 1 4 2 2 1 2 5 4 1 3 1 3 3 4 3 4 4 2 5 5 1 3 2 5 0 5 3 1 4 2 3 1 3 5 4 1 1 3 5 2 5 1 3 4 1 4 3 5 4 2 5 2 4 2 1 3 4 1 5 4 2 2 2 1
3 1 4 1 1 3 3 1 1 1 1 4 1 2 5 1 1 5 3 3 5 2 3 4 1 4 1 2 1 2 1 0 1 4 4 1 2 3 3 3 3 1 5 3 1 1 4 1 5 2 3 1 2 2 4 3 2 2 5 3 4 1 4 5 5 3 3 5 5 4
3 1 3 4 4 4 3 1 3 2 3 1 3 3 3 2 1 2 5 4 4 1 5 5 1 5 4 1 2 2 5 2 0 4 1 4 2 2 4 2 2 3 5 2 1 3 2 2 2 5 3 1 1 5 3 3 3 4 5 1 1 2 3 2 3 1 1 1 3 2
2 2 1 4 5 5 5 5 3 2 1 3 5 2 3 3 5 2 3 1 4 4 2 5 4 5 3 3 5 3 5 5 4 0 5 4 5 1 1 3 1 5 2 3 1 2 5 3 5 3 2 4 3 4 3 3 2 5 5 1 4 3 5 2 3 2 4 2 2 5
3 4 1 5 4 3 2 2 2 1 1 2 3 5 2 3 3 4 4 2 5 1 4 5 4 1 2 1 3 3 4 2 4 4 0 3 1 4 1 5 2 3 3 1 1 1 1 3 1 2 3 4 3 1 5 1 2 3 4 4 2 3 5 2 3 1 2 5 2 4
1 2 4 1 2 5 3 5 1 2 1 1 5 1 5 2 1 4 1 1 2 3 4 1 4 5 2 5 1 5 1 2 2 1 1 0 2 4 4 3 5 5 5 2 5 2 2 5 1 3 2 5 3 3 3 1 3 4 2 5 3 4 1 4 1 1 5 1 2 3
3 1 1 3 5 4 5 1 2 5 3 3 1 4 1 5 2 4 1 2 2 5 2 4 2 1 3 1 5 2 4 1 3 5 5 3 0 3 1 1 1 4 2 1 5 2 1 1 3 1 3 5 2 4 2 4 2 5 2 4 1 4 3 5 5 2 3 3 3 5
5 3 5 1 4 5 1 3 2 4 5 4 4 3 2 1 2 2 1 3 5 2 2 2 1 4 4 5 3 5 1 1 2 5 3 1 4 0 3 4 4 2 4 5 2 5 3 3 3 3 1 2 3 4 1 3 4 5 5 5 4 4 4 3 3 3 5 5 4 4
1 4 5 5 5 3 3 3 4 5 4 2 4 2 1 3 1 5 4 2 2 1 1 1 4 1 3 4 2 4 3 1 5 4 4 2 4 2 0 5 2 2 2 5 2 3 1 1 5 2 2 3 5 4 3 4 1 1 5 3 2 5 4 1 3 1 4 3 1 5
4 2 4 4 3 5 3 2 3 1 2 4 4 5 2 1 2 3 3 1 4 5 4 2 2 5 2 2 1 5 4 3 4 4 5 2 3 1 1 0 5 3 2 1 3 4 3 5 5 4 3 2 5 2 4 2 1 2 4 5 1 4 2 1 3 2 3 3 3 5
2 2 4 2 5 5 3 2 2 1 4 1 5 3 5 1 5 2 3 2 2 5 3 5 2 4 4 1 1 5 4 4 3 3 2 2 3 5 5 1 0 3 5 1 4 2 2 3 4 4 4 1 3 5 4 3 1 5 3 2 1 5 2 1 5 1 5 2 2 2
4 2 3 3 3 3 4 4 2 4 5 2 5 2 5 4 2 3 2 1 2 5 4 2 5 1 4 4 2 5 2 2 3 4 4 4 1 4 5 1 5 0 1 4 2 2 4 3 2 1 4 3 2 2 1 5 4 2 2 1 5 5 2 4 3 5 1 5 3 5
5 2 4 4 5 4 5 3 1 4 4 4 2 2 3 3 3 5 4 5 4 1 4 5 1 3 1 3 2 3 1 5 1 4 2 1 2 5 3 2 2 5 0 1 3 5 1 5 3 4 2 5 2 2 4 2 4 3 2 2 1 3 3 5 4 2 3 3 2 4
1 1 4 1 5 5 4 1 4 5 5 1 3 4 3 4 3 2 5 3 5 4 3 2 4 3 2 2 3 4 1 4 1 5 1 1 4 3 3 4 1 4 1 0 2 2 2 4 5 3 5 1 5 3 4 4 5 1 2 1 5 5 2 1 4 3 2 2 2 5
3 4 1 5 4 4 1 2 3 4 3 3 3 5 4 5 5 1 3 3 3 5 2 2 5 4 2 1 5 1 5 5 5 5 2 5 2 3 3 2 4 5 4 5 0 5 2 5 5 1 5 2 5 3 2 3 3 1 1 3 4 2 4 4 5 1 3 5 1 1
2 4 2 3 5 3 1 5 5 1 1 2 1 3 1 3 3 2 5 5 5 2 3 4 5 1 3 2 3 1 2 2 3 3 4 2 5 2 2 1 3 3 4 4 4 0 2 1 1 1 3 3 1 4 5 3 4 1 5 1 1 4 2 1 1 1 2 2 2 5
5 4 5 4 2 5 1 3 1 1 2 5 1 3 1 3 3 4 5 4 3 2 4 4 2 5 5 1 3 3 4 3 2 3 2 1 1 5 2 1 5 4 4 5 4 5 0 1 5 2 3 1 2 1 5 3 5 2 5 4 5 4 5 5 1 5 4 5 5 5
3 2 2 3 1 1 2 3 4 3 5 1 3 1 5 2 5 1 2 5 2 4 3 1 1 1 2 2 5 3 1 2 5 5 1 5 5 3 1 1 3 4 4 4 2 4 3 0 3 2 1 1 3 4 1 5 3 2 1 2 2 5 4 4 4 5 2 3 4 3
4 3 1 1 2 2 5 5 4 4 5 3 4 2 5 1 4 4 3 2 1 3 3 1 4 1 2 3 3 3 5 1 4 1 4 4 3 5 3 3 5 5 1 4 4 1 4 4 0 3 2 2 5 2 5 5 4 5 4 3 2 4 2 4 4 3 5 3 5 3
3 5 2 3 4 3 1 4 5 4 5 4 1 4 3 4 2 2 1 3 1 2 4 3 1 2 3 5 1 2 3 4 5 3 2 5 5 5 4 4 2 3 5 4 5 5 5 1 1 0 2 3 5 3 3 2 4 2 3 4 2 3 1 3 4 5 5 3 1 3
1 4 3 1 2 4 3 4 1 2 4 3 2 5 1 4 3 3 1 1 1 2 5 3 1 5 1 2 2 5 2 4 3 3 4 2 2 4 4 3 4 2 1 1 1 5 5 5 1 5 0 5 1 5 1 4 3 1 3 2 4 3 1 1 3 3 2 4 5 4
3 1 4 4 1 5 1 1 2 4 4 2 1 3 1 5 2 5 3 3 4 2 3 1 4 1 1 1 4 2 2 3 3 2 4 5 3 5 4 3 2 3 1 1 2 4 5 3 1 5 1 0 5 3 4 4 4 3 1 2 5 3 1 3 4 4 5 2 1 5
3 4 4 1 3 1 3 3 5 4 2 4 4 4 5 3 3 1 4 4 5 2 1 2 3 2 4 1 4 5 5 3 1 3 2 4 3 4 5 1 5 2 4 2 2 2 1 4 4 1 4 3 0 4 1 3 3 4 5 1 4 2 1 5 4 3 5 4 2 2
1 2 2 3 1 4 3 5 2 2 4 1 1 4 1 3 2 3 1 3 2 5 5 4 3 3 2 1 1 3 4 3 2 3 4 2 5 3 3 2 3 3 5 3 3 4 2 4 4 1 3 4 5 0 5 3 4 2 4 4 3 4 4 1 1 2 2 3 2 5
2 5 5 2 1 4 3 3 5 4 3 4 5 3 4 1 5 4 3 3 2 4 1 5 2 5 4 4 3 5 1 2 3 5 5 3 1 1 3 4 5 1 2 4 3 4 1 1 1 3 3 3 1 3 0 5 5 4 1 4 4 3 4 1 1 3 2 3 3 5
2 1 3 5 1 1 4 3 2 4 1 1 1 5 4 1 1 1 4 4 1 1 5 2 2 1 2 4 3 2 4 1 5 3 3 3 3 3 1 2 4 1 3 2 3 3 4 3 4 3 4 4 3 4 2 0 1 1 2 5 1 4 3 1 5 3 4 1 4 1
5 5 2 3 3 4 1 5 3 4 5 4 4 3 4 2 3 4 1 2 4 5 1 4 3 3 3 2 2 2 3 3 1 2 2 3 5 3 4 1 5 1 1 3 1 5 1 4 2 3 3 3 5 2 3 5 0 3 2 4 5 2 1 1 1 5 1 4 4 5
3 1 2 2 4 4 3 1 4 3 5 2 1 3 5 2 4 2 3 2 5 3 4 5 4 4 2 3 5 1 3 2 2 5 2 2 4 5 4 5 2 3 5 4 2 5 5 4 5 3 2 1 5 4 4 1 2 0 4 3 2 4 4 2 3 2 4 1 3 5
4 2 5 2 4 3 1 3 1 1 3 1 3 3 1 4 3 1 5 3 1 5 1 3 5 4 1 3 4 3 3 5 2 4 1 2 1 3 2 2 4 5 1 5 4 1 5 1 5 2 4 3 4 3 5 2 2 2 0 3 5 1 3 2 4 4 1 1 4 1
1 4 2 1 4 5 1 4 2 4 4 3 3 2 3 2 3 4 4 5 2 3 1 2 2 3 2 5 2 5 1 2 2 3 1 5 4 4 3 4 4 5 3 5 5 1 4 4 1 2 3 4 2 2 5 4 1 4 3 0 3 2 5 3 5 3 5 2 3 4
3 1 4 4 1 2 5 3 1 4 1 4 5 5 4 2 1 2 5 4 3 2 2 3 3 3 1 3 3 4 2 4 1 5 5 1 4 1 4 3 2 1 5 3 1 2 3 1 3 4 4 5 1 4 3 1 3 5 1 2 0 1 5 1 1 5 3 5 3 3
5 4 4 3 1 2 5 3 2 3 1 2 3 4 5 3 4 4 4 4 4 2 4 3 2 2 3 2 2 4 1 1 2 5 4 2 5 3 3 1 4 2 2 1 5 2 1 2 1 4 1 2 4 1 1 5 2 3 4 4 2 0 5 3 2 2 5 1 3 3
2 5 4 2 5 2 5 4 5 5 2 1 3 5 4 2 2 1 2 3 1 3 2 3 2 2 1 4 4 3 3 4 1 4 2 2 5 4 1 3 1 5 3 5 5 4 5 4 1 4 5 5 3 5 4 4 1 4 4 2 2 3 0 5 2 4 3 3 3 5
4 2 5 2 5 1 2 3 4 5 3 4 1 2 5 4 5 2 1 2 3 1 3 2 5 2 2 5 3 3 4 3 1 2 4 3 1 2 2 5 2 2 3 2 1 4 3 5 2 5 1 5 4 2 2 2 4 4 4 3 4 5 2 0 1 5 2 2 5 4
4 5 5 3 3 4 3 5 1 4 5 4 2 1 2 4 2 5 2 4 4 2 2 3 3 3 2 2 3 4 4 1 4 3 2 4 3 2 1 3 1 1 2 4 3 2 4 2 1 1 5 5 3 4 2 2 1 2 5 4 3 5 5 1 0 5 4 4 5 2
2 5 5 1 5 4 2 4 4 1 5 5 4 5 1 4 5 3 4 1 5 3 2 4 2 3 3 5 1 4 4 5 5 2 2 4 4 2 5 2 5 5 1 4 2 3 5 1 5 3 2 2 4 1 5 2 2 5 3 2 1 1 4 2 1 0 3 2 5 5
5 4 2 5 2 4 3 4 4 5 1 3 1 3 5 4 2 5 4 2 2 4 5 3 2 1 3 4 5 3 4 1 4 3 4 2 2 3 5 1 2 1 3 2 4 3 3 1 2 4 3 1 5 1 5 2 3 4 1 4 2 1 4 1 1 1 0 2 3 4
5 3 3 1 2 4 5 4 5 1 2 3 5 4 1 3 4 4 5 2 4 4 3 4 4 4 5 1 3 5 5 5 4 5 2 3 2 5 1 1 3 2 1 5 3 1 1 2 2 2 2 1 4 1 3 4 2 5 4 4 2 5 3 1 2 5 1 0 3 2
2 4 1 1 2 1 4 1 1 4 5 5 1 4 2 5 3 5 4 1 3 4 2 3 1 3 1 4 1 4 1 1 2 2 4 2 2 3 2 4 5 3 4 1 4 3 2 5 3 5 2 4 3 2 1 1 3 5 5 1 5 3 2 3 2 2 4 4 0 2
2 3 3 3 1 4 5 5 1 3 3 2 1 2 4 3 4 3 3 2 1 3 4 5 5 4 1 2 1 2 5 4 1 3 3 2 4 3 4 4 1 5 2 2 4 2 1 1 5 1 2 5 1 2 5 1 5 3 4 4 4 4 3 3 5 2 3 4 5 0
62 9 30 28 27 29 10 25 58 8 46 48 19 4 35 2 49 43 45 23 67 53 53 5 29 9 52 41 57 41 15 20 20 47 19 10 51 2 46 11 32 35 39 46 25 52 17 66 4 54
29 36 16 66 21 20 50 57 31 58 29 18 53 65 10 55 41 41 29 68 66 54 41 43 30 31 41 31 33 37 10 58 36 61 23 41 40 57 49 29 27 32 47 32 21 10 66 5 56 69
49 37 1 52 9 13 8 14 70 44 56 52 13 29 40 61 56 56 15 40 48 64 51 54 35 60 19 18 6 19 41 51 14 54 11 51 2 31 23 59 53 10 25 35 66 5 46 56 31 13
25 54 19 22 68 24 44 49 63 6 49 11 20 64 33 58 59 7 64 21 1 11 16 14 48 48 68 51 34 17 38 22 30 3 24 35 30 1 28 13 50 55 17 4 44 66 36 48 26 53
17 53 20 4 67 50 33 19 33 17 64 31 7 24 55 41 66 39 6 44 49 37 49 62 13 2 44 16 32 30 69 63 43 38 9 43 43 59 25 41 29 47 70 5 14 63 47 24 53 68
47 66 22 3 47 23 51 26 15 42 35 41 38 35 52 46 1 47 7 33 65 3 64 38 20 61 23 5 42 15 44 64 28 69 58 64 34 62 44 3 46 7 57 3 45 42 19 12 24 65
57 22 38 51 60 66 46 15 17 45 21 2 44 68 22 29 68 66 10 17 8 31 56 10 8 57 47 50 49 52 70 9 67 20 7 2 24 16 15 69 61 14 27 28 11 28 5 41 35 52
5 56 54 67 34 55 57 68 52 41 7 24 35 51 51 54 39 30 11 69 4 44 6 13 14 46 31 43 53 63 31 38 64 68 59 40 60 37 22 56 67 11 8 30 19 51 10 38 45 27
63 34 15 2 51 38 56 12 65 19 38 4 27 10 42 49 62 32 39 60 25 10 23 31 46 52 35 45 15 2 52 59 56 56 25 52 52 11 8 21 44 48 28 59 69 49 60 34 55 46
44 60 17 11 57 48 21 33 41 40 48 22 40 30 30 28 33 10 35 22 17 4 62 2 23 6 22 40 36 33 68 66 54 9 3 19 62 67 66 54 7 12 19 17 2 21 30 25 21 31
8 4 33 24 12 36 42 10 19 46 26 17 39 1 46 56 29 53 4 6 37 40 42 28 64 13 36 26 43 6 47 31 46 34 21 48 23 54 12 33 24 67 68 13 54 7 56 55 40 49
67 69 12 36 59 52 12 59 16 62 6 43 41 27 26 9 48 29 55 31 38 16 36 11 6 36 28 24 14 48 34 47 6 67 44 70 35 50 64 62 35 39 50 55 49 23 67 30 58 22
35 42 32 41 18 12 2 40 2 57 16 55 37 13 5 23 14 25 43 39 28 20 46 63 37 64 62 48 41 58 53 15 55 60 47 18 70 53 30 15 69 70 24 19 30 46 70 43 5 5
18 10 40 20 5 19 43 32 57 33 9 10 54 45 20 4 60 67 58 65 22 50 21 59 15 40 24 19 40 4 20 48 39 36 32 38 54 42 3 51 3 51 23 15 5 40 55 14 34 34
54 57 4 25 23 16 29 36 60 11 58 13 12 8 44 19 51 5 60 37 69 65 12 23 2 29 15 46 69 53 42 26 10 7 39 7 38 33 42 64 13 45 21 51 29 2 3 37 65 51
69 68 53 39 52 1 0 62 27 31 0 57 61 20 57 53 32 13 0 62 3 67 0 9 49 38 9 0 30 1 49 30 8 29 50 54 0 66 37 36 65 17 63 1 28 65 52 10 18 0
52 47 59 49 6 68 0 51 50 12 0 39 68 40 34 62 0 36 0 34 52 24 0 15 32 26 70 0 64 69 18 5 60 16 61 30 0 6 17 39 0 1 0 57 62 68 68 33 15 0
66 26 39 26 14 4 0 5 54 10 0 45 0 66 63 47 0 16 0 30 40 33 0 1 28 50 11 0 67 0 4 27 68 26 0 68 0 70 43 30 0 30 0 39 38 1 20 40 0 0
4 28 27 63 44 65 0 2 56 50 0 7 0 0 24 67 0 59 0 51 29 58 0 56 0 7 32 0 35 0 63 0 59 10 0 37 0 44 33 0 0 23 0 16 15 0 7 60 0 0
53 19 37 43 40 58 0 13 0 15 0 49 0 0 21 10 0 27 0 63 0 41 0 0 0 0 50 0 44 0 13 0 7 58 0 67 0 26 58 0 0 4 0 18 22 0 44 50 0 0
31 5 0 14 36 57 0 48 0 34 0 61 0 0 0 0 0 42 0 0 0 28 0 0 0 0 20 0 4 0 14 0 63 0 0 3 0 49 61 0 0 64 0 69 12 0 2 13 0 0
9 0 0 0 62 39 0 21 0 0 0 28 0 0 0 0 0 33 0 0 0 61 0 0 0 0 0 0 39 0 66 0 47 0 0 0 0 0 50 0 0 52 0 36 59 0 14 0 0 0
42 0 0 0 38 21 0 27 0 0 0 0 0 0 0 0 0 40 0 0 0 12 0 0 0 0 0 0 18 0 0 0 22 0 0 0 0 0 4 0 0 2 0 9 42 0 13 0 0 0
38 0 0 0 0 2 0 42 0 0 0 0 0 0 0 0 0 50 0 0 0 17 0 0 0 0 0 0 0 0 0 0 53 0 0 0 0 0 0 0 0 62 0 27 52 0 32 0 0 0
0 0 0 0 0 10 0 0 0 0 0 0 0 0 0 0 0 0 0 0 0 0 0 0 0 0 0 0 0 0 0 0 0 0 0 0 0 0 0 0 0 0 0 0 0 0 0 0 0 0
0 0 0 0 0 0 0 0 0 0 0 0 0 0 0 0 0 0 0 0 0 0 0 0 0 0 0 0 0 0 0 0 0 0 0 0 0 0 0 0 0 0 0 0 0 0 0 0 0 0
0 0 0 0 0 0 0 0 0 0 0 0 0 0 0 0 0 0 0 0 0 0 0 0 0 0 0 0 0 0 0 0 0 0 0 0 0 0 0 0 0 0 0 0 0 0 0 0 0 0
0 0 0 0 0 0 0 0 0 0 0 0 0 0 0 0 0 0 0 0 0 0 0 0 0 0 0 0 0 0 0 0 0 0 0 0 0 0 0 0 0 0 0 0 0 0 0 0 0 0
0 0 0 0 0 0 0 0 0 0 0 0 0 0 0 0 0 0 0 0 0 0 0 0 0 0 0 0 0 0 0 0 0 0 0 0 0 0 0 0 0 0 0 0 0 0 0 0 0 0
0 0 0 0 0 0 0 0 0 0 0 0 0 0 0 0 0 0 0 0 0 0 0 0 0 0 0 0 0 0 0 0 0 0 0 0 0 0 0 0 0 0 0 0 0 0 0 0 0 0
0 0 0 0 0 0 0 0 0 0 0 0 0 0 0 0 0 0 0 0 0 0 0 0 0 0 0 0 0 0 0 0 0 0 0 0 0 0 0 0 0 0 0 0 0 0 0 0 0 0
0 0 0 0 0 0 0 0 0 0 0 0 0 0 0 0 0 0 0 0 0 0 0 0 0 0 0 0 0 0 0 0 0 0 0 0 0 0 0 0 0 0 0 0 0 0 0 0 0 0
0 0 0 0 0 0 0 0 0 0 0 0 0 0 0 0 0 0 0 0 0 0 0 0 0 0 0 0 0 0 0 0 0 0 0 0 0 0 0 0 0 0 0 0 0 0 0 0 0 0
0 0 0 0 0 0 0 0 0 0 0 0 0 0 0 0 0 0 0 0 0 0 0 0 0 0 0 0 0 0 0 0 0 0 0 0 0 0 0 0 0 0 0 0 0 0 0 0 0 0
0 0 0 0 0 0 0 0 0 0 0 0 0 0 0 0 0 0 0 0 0 0 0 0 0 0 0 0 0 0 0 0 0 0 0 0 0 0 0 0 0 0 0 0 0 0 0 0 0 0
