50 70 40 15 25
4
3
1
3
4
3
2
5
2
5
4
5
5
5
1
5
5
5
4
4
5
1
4
4
3
5
3
3
3
2
2
5
1
5
5
4
4
3
4
5
1
4
5
3
2
1
5
3
3
4
4
4
5
2
1
3
5
1
3
3
5
5
3
4
4
3
5
1
5
2
0 2 5 1 3 5 5 1 2 1 3 3 5 1 4 3 5 3 1 1 2 3 2 5 4 2 2 3 5 3 1 5 5 1 5 2 4 2 3 5 2 5 4 4 2 4 4 4 3 3 4 2 2 1 4 3 5 2 5 1 4 4 4 5 1 3 3 5 1 4
1 0 4 2 5 4 5 1 5 1 4 2 4 3 4 2 1 1 1 2 2 4 3 5 3 2 3 4 1 2 2 1 5 4 1 5 5 4 3 3 4 1 5 1 5 2 5 2 1 2 5 1 3 1 4 4 5 2 3 1 4 2 3 2 3 2 3 2 1 1
4 2 0 3 4 1 1 1 3 2 1 2 2 2 3 4 5 3 4 2 4 3 5 1 3 1 4 2 1 3 4 5 5 1 5 3 2 3 3 4 1 4 2 1 3 5 3 1 4 1 1 1 2 3 4 2 5 5 3 5 3 3 3 4 4 1 2 3 5 5
2 2 2 0 3 2 4 2 3 4 1 1 2 2 5 5 3 4 3 3 5 2 2 4 1 5 2 3 5 5 2 5 3 4 5 4 2 4 1 5 3 5 4 3 1 4 4 1 1 3 3 1 4 5 1 1 4 1 5 2 4 4 3 1 5 5 4 2 4 5
3 3 2 2 0 5 1 3 4 5 3 4 1 3 5 3 1 2 5 3 4 3 1 4 1 3 5 2 2 4 2 1 5 5 5 1 5 3 5 4 3 4 4 4 5 3 1 3 2 2 3 1 2 3 3 5 4 2 4 5 5 3 4 1 2 4 1 5 4 1
4 4 5 4 3 0 2 3 2 4 2 3 4 2 1 4 1 2 1 5 1 4 1 5 5 1 2 3 3 5 1 2 3 5 4 4 2 2 1 3 2 4 4 2 2 5 4 4 5 4 2 4 2 4 2 4 1 5 1 3 5 2 2 4 1 4 5 4 4 5
4 1 3 4 2 4 0 1 3 5 2 3 5 2 3 2 4 3 5 5 4 2 5 3 2 4 2 1 1 4 5 3 1 3 1 3 3 1 4 5 1 3 1 4 4 3 1 4 4 4 3 3 3 1 1 5 2 3 2 4 1 1 5 4 2 1 4 4 5 4
4 5 4 5 1 5 3 0 3 4 2 1 2 3 3 2 3 3 2 4 3 4 5 1 2 1 5 5 4 1 3 2 5 4 1 5 4 4 2 5 3 3 3 5 3 3 4 5 2 4 1 1 3 4 5 3 3 5 3 3 1 4 4 4 3 3 1 2 2 5
4 5 2 4 1 3 3 4 0 3 5 3 4 2 3 2 5 4 4 3 2 3 1 5 4 1 3 1 1 5 3 4 5 1 4 3 5 3 2 3 1 5 1 3 4 4 3 5 4 5 3 1 3 1 2 1 5 4 1 5 5 5 2 3 3 4 5 3 1 1
4 3 5 3 2 1 4 2 3 0 3 4 5 2 3 4 5 4 1 3 4 1 3 1 3 5 3 2 2 1 3 1 4 1 1 1 1 3 3 2 1 5 2 4 3 5 2 1 5 1 5 4 4 3 2 4 4 4 2 5 2 2 5 4 5 5 5 4 2 4
2 2 1 4 1 2 5 5 2 1 0 2 2 2 2 4 1 5 5 3 2 3 4 4 4 5 4 2 1 1 4 5 3 4 3 1 1 3 1 2 2 5 3 2 1 2 2 4 4 5 5 3 5 4 2 5 3 3 1 1 4 1 4 3 5 4 2 4 1 2
5 3 5 3 3 2 3 5 1 2 4 0 1 5 2 2 2 5 3 5 4 5 2 1 3 2 4 1 5 2 3 2 4 2 4 4 2 1 1 1 4 5 3 3 3 1 5 5 2 4 5 3 3 4 4 4 3 2 4 4 3 2 4 5 5 5 1 4 5 4
1 4 1 1 4 2 3 2 3 5 5 1 0 4 5 1 5 3 3 1 1 3 3 3 1 5 5 2 2 3 4 3 1 3 4 2 4 5 4 1 2 5 4 3 2 4 1 3 5 3 4 3 2 3 3 2 3 2 4 1 2 5 1 3 3 4 2 5 4 2
3 5 1 4 5 4 1 4 3 4 5 5 1 0 2 4 2 4 3 2 1 2 5 5 1 3 1 4 4 4 2 2 2 4 1 2 1 3 4 1 4 5 5 4 2 3 4 1 4 2 4 5 1 5 5 4 2 5 2 4 5 1 5 5 2 1 2 5 2 2
1 3 5 2 3 4 4 4 5 2 4 1 4 4 0 1 2 3 2 2 1 4 3 2 1 1 2 2 4 1 1 3 1 5 2 4 3 1 4 2 3 3 4 4 1 3 4 4 3 3 1 4 1 5 5 3 3 2 1 5 1 3 1 5 3 2 4 2 2 5
2 1 1 2 2 5 3 3 5 2 4 3 4 4 4 0 3 4 4 4 1 4 5 3 2 4 4 3 5 3 4 3 1 5 5 5 5 3 1 1 1 4 5 5 3 2 3 4 1 5 5 3 5 5 2 1 3 1 3 5 3 4 3 4 1 5 4 5 4 1
1 5 4 5 1 4 5 3 5 1 2 4 3 3 2 2 0 4 1 5 5 3 2 3 3 5 5 3 3 4 4 4 5 3 5 3 1 2 1 3 3 2 3 3 3 5 5 5 4 4 4 2 4 2 1 4 5 4 4 3 5 5 4 3 1 2 5 3 5 4
5 1 5 4 3 5 2 4 5 1 2 3 5 1 1 3 5 0 1 1 5 4 5 4 2 3 3 3 1 2 5 1 5 4 2 2 2 5 4 5 3 1 5 4 4 4 3 1 1 4 3 5 2 4 4 2 5 1 3 2 5 5 2 3 2 1 3 2 2 4
4 1 2 3 1 4 4 5 3 4 1 3 5 2 3 4 5 4 0 2 5 4 1 4 5 1 3 5 3 3 1 2 1 4 3 2 4 2 4 5 5 4 2 4 5 3 3 4 1 1 3 5 5 1 4 4 4 1 5 5 5 3 5 3 5 2 2 4 4 5
3 5 3 4 3 1 4 2 5 3 2 4 3 2 3 1 2 3 2 0 5 4 2 1 1 4 2 3 3 4 2 2 4 2 5 3 3 2 4 4 1 1 1 4 5 2 5 4 5 1 3 1 3 3 1 3 2 2 5 2 2 5 4 1 3 3 4 1 2 5
3 4 1 4 2 1 1 5 5 2 2 3 5 5 5 5 1 3 3 2 0 1 3 4 2 5 5 3 5 4 4 3 1 3 5 3 5 3 5 4 4 2 3 4 1 5 5 5 5 1 1 2 2 5 5 5 3 1 1 1 2 4 3 2 1 1 3 1 5 1
2 2 5 5 3 5 2 4 2 2 1 1 3 3 3 5 5 3 3 3 1 0 2 2 1 4 4 5 1 5 5 5 4 1 3 1 1 1 5 4 1 5 1 3 4 5 3 4 3 5 2 5 5 3 1 3 3 2 3 2 5 3 2 2 5 5 4 1 1 2
5 2 3 2 5 1 1 1 1 4 1 4 3 5 1 2 4 3 1 3 4 4 0 1 1 2 1 5 4 2 1 3 5 3 5 3 2 1 2 2 5 5 3 3 5 5 3 3 4 5 3 5 5 4 2 2 4 3 2 2 4 5 3 5 3 3 5 3 3 5
2 4 4 5 1 2 4 5 5 4 2 1 1 1 5 2 4 2 1 1 4 4 5 0 4 1 1 3 4 3 2 5 4 4 3 1 3 4 2 4 2 3 5 1 1 3 5 4 5 3 5 4 5 2 3 1 4 1 5 1 1 1 5 4 2 4 4 2 4 3
1 2 2 2 4 1 4 2 4 3 1 4 2 3 5 5 4 2 2 2 2 3 4 2 0 2 3 1 2 2 2 1 4 4 4 4 2 3 2 3 5 5 5 5 1 5 1 2 4 2 5 3 2 3 2 3 4 3 3 2 3 1 1 3 3 3 5 2 5 5
5 4 4 3 4 3 3 1 5 5 3 1 5 3 1 2 5 5 5 4 4 1 2 5 4 0 1 3 5 5 2 3 5 5 3 1 1 4 4 5 2 1 3 4 5 3 1 3 2 5 3 5 5 5 1 2 4 5 4 1 3 3 2 2 2 5 2 3 5 5
4 3 4 4 2 2 3 3 3 1 5 4 5 2 5 3 2 1 3 1 1 1 1 2 5 4 0 2 1 1 1 2 3 4 3 1 1 1 1 2 3 4 4 4 3 4 5 3 3 3 2 1 2 1 4 1 1 3 5 3 4 1 2 1 4 4 1 5 3 3
4 5 1 3 1 3 5 5 5 5 1 4 1 3 3 4 3 5 4 2 1 5 3 4 2 2 5 0 5 4 5 5 2 2 4 1 5 4 5 5 1 4 3 1 5 1 2 2 5 3 2 3 3 2 2 4 4 1 4 1 4 4 4 3 3 5 5 4 1 5
4 2 5 1 2 4 1 2 1 2 1 2 2 1 3 2 4 5 1 1 3 3 1 2 4 1 5 5 0 2 2 4 3 4 3 3 4 3 5 5 4 3 4 3 3 4 4 5 4 5 3 5 1 1 1 5 4 4 2 2 4 2 1 2 2 1 1 3 2 2
3 3 2 5 3 4 3 3 4 2 2 5 3 1 4 4 5 5 1 1 1 3 4 2 1 5 2 4 5 0 2 4 3 1 3 5 3 3 5 2 2 1 3 3 5 5 4 3 2 5 5 1 2 4 5 5 3 4 5 3 5 2 5 2 3 1 4 5 2 4
1 1 2 3 2 4 5 5 4 4 5 1 4 2 3 3 3 4 4 1 1 1 3 3 5 4 4 4 1 4 0 3 3 5 5 5 3 4 2 3 4 1 2 4 2 1 1 2 3 2 1 5 2 4 4 5 1 5 3 4 3 4 3 5 2 2 5 1 4 3
3 2 5 2 2 3 2 1 2 4 1 5 5 1 2 2 5 2 4 2 2 2 1 3 5 4 3 2 4 4 2 0 3 4 2 5 5 1 1 1 3 4 5 2 4 5 3 2 2 5 2 4 3 5 3 4 5 1 5 2 4 5 4 4 5 2 3 5 2 4
5 1 2 5 5 4 5 4 2 5 1 2 4 3 2 4 4 3 2 4 4 1 1 3 2 4 4 2 5 2 5 1 0 4 4 2 2 3 2 4 4 2 2 2 1 4 1 3 4 1 3 3 1 3 3 4 2 3 1 1 3 2 5 1 3 2 2 2 4 2
1 3 2 3 1 1 4 2 4 4 2 1 4 4 3 2 3 5 1 3 4 2 2 3 3 5 4 2 1 1 2 5 3 0 1 2 3 1 3 4 4 2 3 2 2 2 2 3 5 1 2 4 4 3 1 2 4 5 5 5 1 3 1 3 3 2 1 3 5 2
1 5 2 2 5 1 1 1 1 3 5 4 5 4 4 3 5 3 4 1 4 2 5 3 2 2 3 3 3 1 5 4 3 2 0 1 3 4 1 2 1 3 1 3 4 1 2 1 4 2 5 5 4 3 5 1 2 5 3 5 1 4 2 4 2 5 3 3 4 4
3 3 2 4 5 3 2 2 1 1 1 1 3 4 1 2 1 4 3 5 4 4 1 4 4 2 4 3 2 4 5 4 1 2 1 0 5 3 3 4 5 2 3 5 3 1 4 5 4 5 3 3 2 3 2 5 4 3 1 1 4 3 4 3 1 2 5 2 5 1
2 1 1 3 4 2 2 4 2 2 5 5 1 4 2 4 1 2 4 5 1 1 4 4 5 5 5 2 4 3 2 2 3 2 4 2 0 5 5 1 5 2 2 5 4 4 3 2 2 5 4 3 3 1 5 5 2 4 1 3 5 3 4 1 2 3 2 3 3 2
2 4 5 3 4 3 2 5 4 3 5 1 2 2 3 3 3 4 5 5 1 4 5 2 5 2 2 1 4 4 5 5 2 5 4 4 2 0 2 5 1 2 5 2 5 3 1 3 3 1 4 4 5 2 4 3 4 3 1 4 1 4 4 4 2 1 1 5 1 5
5 3 3 1 2 1 3 2 4 2 1 3 4 1 3 5 4 3 1 2 5 1 3 3 4 1 5 4 2 4 2 1 4 3 2 1 4 4 0 4 2 3 2 1 4 2 5 1 1 1 4 3 2 2 5 3 5 2 3 2 1 4 4 2 2 3 4 5 2 1
3 2 4 4 1 4 4 4 5 5 2 3 5 1 5 2 3 1 2 3 4 5 4 3 2 3 1 5 4 2 2 5 1 3 1 4 5 2 3 0 1 4 5 5 4 4 1 2 2 1 1 5 5 2 3 4 3 3 2 4 3 3 5 4 2 3 1 5 3 4
5 1 3 4 4 1 3 4 4 2 2 4 3 1 1 3 3 2 5 2 3 4 4 4 1 4 4 3 3 3 4 3 5 4 1 3 2 4 2 5 0 5 5 1 5 1 2 3 4 1 4 2 3 4 5 3 5 2 1 2 1 3 5 2 5 1 4 1 1 3
3 2 3 2 5 1 2 4 3 3 2 1 5 4 1 5 2 1 3 1 1 4 2 4 2 4 4 5 1 2 1 4 2 1 5 5 4 2 2 3 1 0 3 1 5 2 3 2 5 5 2 1 2 2 3 4 3 4 5 4 2 5 4 3 3 4 1 5 4 4
1 5 3 4 1 4 4 4 4 5 4 2 5 1 4 2 5 3 4 2 2 5 5 2 5 1 4 1 4 2 4 5 5 4 4 2 3 5 4 5 2 1 0 5 3 1 2 3 4 2 2 5 5 4 2 5 2 1 2 2 4 3 1 2 1 1 3 1 3 2
1 2 4 5 1 4 3 3 5 4 4 3 5 5 4 2 3 3 2 2 5 5 3 2 2 1 5 2 2 5 5 2 2 4 4 4 5 3 3 5 4 5 5 0 3 5 1 5 5 2 1 1 1 3 2 2 2 2 5 1 2 2 2 3 3 1 2 1 4 3
4 3 3 3 3 3 5 1 2 3 2 4 2 4 5 4 5 3 5 4 2 1 3 1 3 3 1 5 4 4 2 3 5 2 4 3 5 2 3 5 1 4 5 2 0 4 2 4 4 2 2 4 1 4 2 5 5 2 5 3 2 2 5 1 2 3 4 1 4 2
2 1 2 4 3 3 2 3 2 2 3 2 2 1 1 3 2 2 2 3 4 2 2 5 1 1 3 1 3 5 1 5 5 3 1 3 2 3 1 3 5 1 4 5 5 0 1 2 2 4 5 2 2 5 3 5 2 2 2 1 5 1 5 5 3 5 1 3 3 5
3 4 5 4 4 2 4 2 2 4 2 3 3 2 4 3 1 2 4 1 3 3 2 3 5 4 2 2 2 3 1 1 5 4 4 5 2 3 2 3 1 5 2 1 3 2 0 5 5 4 2 3 4 1 2 2 4 1 2 3 4 2 5 5 4 1 3 5 3 3
1 2 1 3 3 1 1 3 4 3 4 4 3 4 5 1 1 5 1 3 2 5 5 3 2 5 4 5 5 1 2 1 2 5 1 1 2 3 5 4 1 2 1 1 1 5 4 0 5 1 3 2 4 3 3 1 2 5 3 4 2 3 2 1 4 3 4 2 4 1
4 5 4 3 4 2 1 4 4 3 2 1 2 5 5 4 4 4 1 5 1 2 1 1 4 2 5 4 1 5 1 4 1 3 2 5 2 5 4 3 5 5 1 1 4 3 3 3 0 4 5 5 3 4 2 1 2 5 4 3 2 1 1 3 4 4 1 5 1 2
5 4 3 4 5 5 3 1 4 2 3 2 1 2 3 3 2 4 5 1 1 1 3 1 2 5 4 4 4 1 2 2 2 4 1 5 2 4 4 4 5 3 5 4 4 1 3 2 4 0 3 1 1 5 2 1 2 4 2 1 5 3 4 5 3 5 2 3 4 1
1 1 5 2 5 5 3 4 4 5 4 2 1 2 4 1 5 2 2 1 2 3 3 2 1 2 2 3 2 4 3 1 3 3 1 1 3 1 4 2 1 3 4 2 3 2 4 1 1 5 0 4 4 3 3 5 2 2 5 1 2 2 2 1 3 2 5 1 5 4
1 2 2 2 1 5 1 1 5 3 4 2 1 5 4 4 2 5 1 5 2 5 4 2 2 1 1 1 2 2 4 4 4 3 3 3 4 3 2 2 5 3 4 5 3 3 4 2 2 1 4 0 2 5 2 4 3 1 2 5 1 1 4 5 4 1 4 4 1 2
1 1 3 5 1 2 4 2 5 1 5 4 1 4 5 2 3 3 1 3 3 1 4 3 4 1 4 3 5 4 1 3 2 3 1 5 2 1 5 2 4 2 5 2 4 5 3 3 4 2 4 4 0 3 4 4 2 5 4 1 4 5 2 3 4 5 5 3 2 2
2 2 3 4 5 3 2 4 3 2 3 5 5 2 3 2 3 5 3 5 2 2 4 1 4 1 2 5 4 3 2 2 2 3 2 4 1 1 1 5 5 4 4 3 4 5 4 3 2 1 1 1 2 0 5 3 5 5 4 2 2 2 4 3 5 1 2 5 3 5
3 4 4 2 2 2 4 1 1 2 1 5 4 4 4 2 3 5 3 4 1 1 2 5 2 4 3 5 4 3 2 5 5 4 3 2 1 2 5 1 1 1 1 4 4 1 4 2 2 1 5 2 2 2 0 1 3 2 4 3 2 1 2 2 4 2 3 3 1 3
5 3 5 4 3 2 4 1 1 3 4 5 2 5 3 4 5 4 1 3 3 4 5 2 4 5 4 2 1 5 5 1 2 2 1 5 5 1 2 4 5 4 5 1 4 4 2 4 1 1 1 1 4 2 5 0 5 4 2 4 1 5 1 4 4 4 2 3 3 3
2 5 1 1 3 1 3 3 5 5 1 5 4 4 4 3 4 3 5 4 4 5 1 1 3 1 3 5 4 5 2 3 5 3 1 3 2 2 5 5 5 5 4 2 5 3 4 5 3 3 4 4 4 1 4 4 0 4 5 5 2 2 1 2 1 4 3 1 1 2
3 3 3 3 5 3 5 1 1 2 1 4 1 5 1 3 2 2 5 3 2 2 3 3 4 5 4 2 5 4 4 1 5 3 3 1 4 5 2 5 3 1 5 3 3 3 2 1 3 2 2 2 5 3 1 2 5 0 2 1 2 3 2 5 3 2 1 3 1 1
4 2 2 5 2 3 2 4 5 2 2 5 3 1 3 1 2 2 5 5 2 1 3 3 3 4 4 1 5 4 5 4 1 5 4 2 5 3 4 2 3 2 4 2 4 1 2 5 3 4 5 4 1 4 3 2 5 1 0 1 2 5 5 1 5 2 3 1 3 1
2 3 3 2 5 5 5 1 5 2 1 1 1 4 2 1 2 3 1 1 2 3 4 2 5 1 2 3 3 1 2 1 4 4 5 1 3 4 5 2 1 5 4 1 1 3 4 4 5 1 2 5 5 2 1 3 4 5 1 0 3 5 1 5 5 1 4 5 5 3
5 5 4 4 5 4 1 4 5 4 5 1 1 3 5 3 5 4 3 1 4 3 3 3 2 4 3 5 5 1 3 4 3 1 2 4 2 3 5 1 3 2 4 4 1 4 3 1 1 3 2 4 4 3 1 4 2 2 3 5 0 2 1 4 5 2 3 4 1 1
5 3 1 4 5 2 1 2 1 1 1 5 3 1 3 3 1 1 5 3 4 4 5 2 1 4 3 1 2 2 4 3 5 5 4 5 5 3 2 4 3 4 5 4 1 5 1 1 1 1 2 3 4 1 5 4 4 1 5 5 3 0 1 5 5 1 1 4 2 2
5 1 2 4 5 4 5 1 3 3 2 1 4 4 1 2 3 1 1 3 3 5 5 1 4 2 2 4 4 5 2 2 1 5 4 2 5 4 2 5 1 2 3 1 3 5 3 2 1 4 2 2 4 1 5 5 5 1 3 3 4 5 0 5 3 1 5 2 3 1
3 2 1 3 3 1 3 2 1 4 1 3 3 4 5 1 3 4 1 3 4 1 3 3 3 1 2 2 5 1 3 1 4 3 1 4 1 2 5 5 1 4 1 4 1 3 4 3 4 5 3 1 3 4 5 4 2 2 3 1 3 5 2 0 3 4 4 2 3 5
3 4 3 1 5 1 3 1 4 1 4 2 3 5 4 2 3 3 3 4 3 1 1 4 4 4 5 5 4 2 4 1 3 1 4 1 4 1 5 4 2 3 2 1 1 1 1 3 4 2 5 3 5 2 5 4 4 2 2 2 5 2 5 3 0 2 1 2 1 1
4 4 2 5 1 5 2 3 5 1 3 4 1 4 3 1 3 1 1 3 5 2 4 5 5 2 3 2 5 5 2 2 1 3 4 2 2 2 2 1 5 1 1 5 2 4 3 2 5 3 1 3 5 1 1 2 3 4 3 5 2 1 5 1 2 0 2 5 3 3
1 5 3 4 5 4 1 2 2 3 4 4 1 1 5 1 4 3 1 3 1 5 4 1 4 5 3 2 3 4 4 2 3 2 2 2 4 5 2 5 4 5 2 3 1 1 2 1 5 1 3 5 2 1 1 3 4 1 4 3 5 5 5 4 3 4 0 3 2 1
3 5 3 4 4 5 3 1 3 1 2 1 4 4 3 5 5 3 5 1 2 1 3 4 3 1 4 3 5 2 4 2 3 4 1 3 4 1 4 4 4 4 4 3 5 4 1 4 2 2 2 5 4 2 2 2 5 5 1 2 2 2 1 1 1 2 5 0 3 3
2 3 5 5 2 2 3 1 4 5 2 5 2 1 3 4 3 1 2 4 5 3 4 5 2 1 5 1 5 2 1 4 1 2 4 4 1 4 1 3 1 4 2 5 2 2 1 5 3 5 1 4 4 2 1 1 3 1 2 2 4 2 4 2 1 3 2 1 0 2
2 2 3 1 4 1 3 5 3 1 1 4 3 5 1 1 5 1 5 1 5 3 5 1 4 4 1 3 1 5 3 5 2 1 3 4 3 4 4 1 1 5 3 5 4 2 3 2 4 3 3 5 2 5 4 2 4 2 2 2 4 3 3 1 4 1 1 2 5 0
62 50 51 43 22 64 23 28 46 23 14 58 11 24 2 47 51 14 47 11 64 52 22 38 23 56 46 24 18 27 66 19 5 54 17 61 22 15 49 23 31 52 10 37 24 22 20 14 13 27
29 53 15 19 36 26 17 15 62 42 53 68 54 28 48 26 45 56 60 56 52 49 52 7 55 16 67 50 50 51 14 47 44 67 28 9 13 63 58 17 1 51 61 14 59 48 66 58 68 53
49 19 54 45 49 8 4 23 48 44 13 50 24 7 29 51 14 5 42 2 6 54 66 28 32 36 64 40 53 50 54 33 14 23 9 30 26 52 42 24 49 69 51 28 31 49 62 33 36 12
25 46 67 47 48 53 65 50 70 34 57 24 32 19 68 34 42 65 16 60 45 20 61 8 53 31 31 21 43 9 49 42 15 60 18 42 69 60 39 26 59 43 59 5 61 14 27 40 18 18
17 44 37 50 47 69 64 18 2 40 67 39 56 37 23 39 33 25 17 1 15 46 44 67 37 43 16 11 13 7 70 16 38 36 67 51 63 19 22 37 13 2 20 9 3 63 2 5 44 56
47 11 63 30 24 16 57 22 31 48 50 8 17 25 19 49 5 28 7 49 60 37 68 51 35 61 50 7 3 39 53 12 7 16 22 67 45 44 30 66 16 22 53 23 35 3 44 4 70 13
57 8 13 6 68 66 36 66 39 38 4 59 25 30 7 66 27 47 9 57 22 26 11 19 29 55 49 64 5 57 20 54 50 64 10 47 18 43 46 67 3 35 65 25 46 56 54 36 28 55
5 32 41 15 35 7 48 55 58 62 8 56 34 4 38 70 50 61 29 14 23 4 18 39 69 17 47 60 31 33 17 49 17 15 65 52 62 8 56 64 35 30 44 59 12 45 68 35 7 5
63 60 31 57 66 9 1 48 34 31 36 51 8 46 50 44 21 27 24 12 16 69 47 60 30 21 63 10 70 32 23 58 36 1 8 37 44 26 45 32 61 20 57 11 21 20 4 51 4 69
44 21 48 10 11 58 54 36 21 15 59 16 5 35 42 29 37 20 43 68 58 21 58 27 11 39 7 4 11 46 41 7 54 62 54 33 38 17 2 41 33 14 22 22 63 64 28 15 62 42
8 36 9 66 16 61 67 20 56 4 45 36 2 50 44 16 58 67 4 21 31 65 37 42 6 22 41 15 20 24 58 11 63 5 6 16 70 65 41 58 24 50 46 45 20 2 35 27 9 7
67 14 16 32 40 34 30 52 59 41 2 2 15 33 5 7 12 68 70 51 49 44 6 45 14 52 28 70 58 8 11 6 1 43 55 60 8 61 26 43 41 61 37 12 70 34 41 25 46 40
35 66 10 58 44 4 7 1 1 60 42 25 48 58 20 23 32 33 26 48 69 7 59 26 10 1 13 58 17 4 67 29 61 9 24 54 68 68 59 68 68 39 26 41 32 40 42 57 30 14
18 15 11 5 29 14 10 12 40 24 35 18 37 21 14 4 65 8 56 18 53 8 25 70 49 45 6 6 34 49 24 65 28 70 3 10 7 48 7 48 56 8 14 2 66 21 38 52 39 26
54 29 47 25 52 20 14 9 16 59 43 10 21 31 11 21 29 55 31 15 65 31 29 69 17 19 62 1 65 55 64 51 53 13 20 5 48 22 64 8 7 38 49 70 68 31 59 26 10 61
69 39 29 64 37 46 49 38 9 30 46 63 40 38 52 27 49 1 5 33 59 27 42 52 66 23 0 18 25 34 9 59 62 66 41 24 32 28 0 4 70 10 23 46 0 46 21 46 35 36
52 49 40 0 41 1 19 68 67 20 49 0 44 17 57 59 67 42 6 45 46 0 15 0 21 15 0 23 54 68 61 0 6 27 0 23 51 0 0 5 50 16 55 26 0 28 0 70 55 32
66 0 19 0 51 0 41 65 20 67 61 0 65 66 47 14 16 17 2 20 10 0 10 0 1 48 0 68 59 70 5 0 47 45 0 11 60 0 0 0 21 55 8 13 0 24 0 28 56 60
4 0 26 0 0 0 44 58 60 22 0 0 62 15 40 0 44 0 69 62 34 0 23 0 22 0 0 54 56 0 55 0 30 6 0 39 65 0 0 0 53 33 40 57 0 0 0 60 21 17
53 0 12 0 0 0 32 57 5 0 0 0 12 0 46 0 7 0 41 25 12 0 56 0 33 0 0 32 49 0 0 0 22 33 0 0 24 0 0 0 19 37 25 31 0 0 0 22 0 62
31 0 0 0 0 0 59 11 24 0 0 0 30 0 31 0 70 0 65 58 47 0 33 0 31 0 0 48 14 0 0 0 66 41 0 0 54 0 0 0 6 40 6 1 0 0 0 23 0 34
9 0 0 0 0 0 34 19 0 0 0 0 46 0 67 0 0 0 13 0 32 0 51 0 16 0 0 49 0 0 0 0 60 0 0 0 43 0 0 0 0 5 47 63 0 0 0 53 0 0
42 0 0 0 0 0 56 39 0 0 0 0 31 0 1 0 0 0 0 0 25 0 0 0 25 0 0 46 0 0 0 0 65 0 0 0 36 0 0 0 0 46 28 48 0 0 0 3 0 0
38 0 0 0 0 0 0 3 0 0 0 0 0 0 0 0 0 0 0 0 0 0 0 0 0 0 0 0 0 0 0 0 69 0 0 0 20 0 0 0 0 0 35 15 0 0 0 0 0 0
0 0 0 0 0 0 0 0 0 0 0 0 0 0 0 0 0 0 0 0 0 0 0 0 0 0 0 0 0 0 0 0 13 0 0 0 0 0 0 0 0 0 0 29 0 0 0 0 0 0
0 0 0 0 0 0 0 0 0 0 0 0 0 0 0 0 0 0 0 0 0 0 0 0 0 0 0 0 0 0 0 0 0 0 0 0 0 0 0 0 0 0 0 0 0 0 0 0 0 0
0 0 0 0 0 0 0 0 0 0 0 0 0 0 0 0 0 0 0 0 0 0 0 0 0 0 0 0 0 0 0 0 0 0 0 0 0 0 0 0 0 0 0 0 0 0 0 0 0 0
0 0 0 0 0 0 0 0 0 0 0 0 0 0 0 0 0 0 0 0 0 0 0 0 0 0 0 0 0 0 0 0 0 0 0 0 0 0 0 0 0 0 0 0 0 0 0 0 0 0
0 0 0 0 0 0 0 0 0 0 0 0 0 0 0 0 0 0 0 0 0 0 0 0 0 0 0 0 0 0 0 0 0 0 0 0 0 0 0 0 0 0 0 0 0 0 0 0 0 0
0 0 0 0 0 0 0 0 0 0 0 0 0 0 0 0 0 0 0 0 0 0 0 0 0 0 0 0 0 0 0 0 0 0 0 0 0 0 0 0 0 0 0 0 0 0 0 0 0 0
0 0 0 0 0 0 0 0 0 0 0 0 0 0 0 0 0 0 0 0 0 0 0 0 0 0 0 0 0 0 0 0 0 0 0 0 0 0 0 0 0 0 0 0 0 0 0 0 0 0
0 0 0 0 0 0 0 0 0 0 0 0 0 0 0 0 0 0 0 0 0 0 0 0 0 0 0 0 0 0 0 0 0 0 0 0 0 0 0 0 0 0 0 0 0 0 0 0 0 0
0 0 0 0 0 0 0 0 0 0 0 0 0 0 0 0 0 0 0 0 0 0 0 0 0 0 0 0 0 0 0 0 0 0 0 0 0 0 0 0 0 0 0 0 0 0 0 0 0 0
0 0 0 0 0 0 0 0 0 0 0 0 0 0 0 0 0 0 0 0 0 0 0 0 0 0 0 0 0 0 0 0 0 0 0 0 0 0 0 0 0 0 0 0 0 0 0 0 0 0
0 0 0 0 0 0 0 0 0 0 0 0 0 0 0 0 0 0 0 0 0 0 0 0 0 0 0 0 0 0 0 0 0 0 0 0 0 0 0 0 0 0 0 0 0 0 0 0 0 0
0 0 0 0 0 0 0 0 0 0 0 0 0 0 0 0 0 0 0 0 0 0 0 0 0 0 0 0 0 0 0 0 0 0 0 0 0 0 0 0 0 0 0 0 0 0 0 0 0 0
0 0 0 0 0 0 0 0 0 0 0 0 0 0 0 0 0 0 0 0 0 0 0 0 0 0 0 0 0 0 0 0 0 0 0 0 0 0 0 0 0 0 0 0 0 0 0 0 0 0
0 0 0 0 0 0 0 0 0 0 0 0 0 0 0 0 0 0 0 0 0 0 0 0 0 0 0 0 0 0 0 0 0 0 0 0 0 0 0 0 0 0 0 0 0 0 0 0 0 0
0 0 0 0 0 0 0 0 0 0 0 0 0 0 0 0 0 0 0 0 0 0 0 0 0 0 0 0 0 0 0 0 0 0 0 0 0 0 0 0 0 0 0 0 0 0 0 0 0 0
0 0 0 0 0 0 0 0 0 0 0 0 0 0 0 0 0 0 0 0 0 0 0 0 0 0 0 0 0 0 0 0 0 0 0 0 0 0 0 0 0 0 0 0 0 0 0 0 0 0
