50 70 35 15 25
4
1
5
5
2
4
2
1
1
5
4
2
2
2
1
5
5
1
1
2
3
4
4
1
4
3
1
1
5
5
1
1
3
2
4
2
3
2
3
3
4
1
1
5
5
4
3
5
1
4
1
1
4
4
2
2
1
1
1
3
4
2
4
1
3
1
1
3
3
2
0 3 2 3 2 5 1 4 3 2 3 1 3 4 4 1 5 1 2 5 4 5 5 2 3 3 4 4 4 5 5 2 1 1 4 1 2 3 3 3 5 1 5 5 3 1 2 2 2 1 4 4 3 3 4 3 5 3 5 4 3 3 2 1 1 4 1 3 5 2
1 0 4 5 5 1 1 5 3 3 3 3 2 2 3 3 3 3 4 3 4 4 1 3 2 1 2 5 3 2 3 4 4 5 3 3 5 3 4 3 4 1 3 2 2 3 4 5 1 1 1 1 4 5 1 4 2 1 3 1 4 2 3 2 1 4 5 3 5 5
2 1 0 5 4 1 4 1 4 4 3 5 5 5 1 4 2 5 2 1 1 5 5 1 1 1 5 5 3 2 3 4 5 4 5 5 2 5 2 3 4 2 3 2 1 2 1 4 4 1 1 3 1 3 1 3 5 3 5 5 1 4 4 3 2 1 1 3 3 3
1 3 4 0 3 3 4 2 4 1 4 4 4 5 4 3 4 2 5 2 2 2 3 3 4 1 3 3 4 1 5 3 5 1 1 1 1 4 2 5 1 5 1 2 3 5 4 3 3 4 4 1 1 3 1 1 5 5 4 3 5 3 3 4 1 2 1 1 3 4
5 1 3 5 0 5 4 4 4 5 4 5 1 1 1 4 3 1 2 5 3 3 1 5 5 1 5 4 2 5 4 5 5 5 3 1 1 1 1 2 2 2 4 5 2 2 3 3 3 5 3 2 1 2 3 3 3 2 5 4 5 4 3 2 4 2 5 3 4 5
4 4 3 1 1 0 1 5 5 1 5 5 1 5 2 3 3 4 4 4 5 4 2 3 1 1 5 3 3 4 5 3 2 3 4 5 2 2 1 3 1 1 2 1 1 3 5 3 5 4 2 4 1 5 4 2 4 1 4 4 5 1 5 4 2 1 5 5 1 5
3 3 4 2 2 3 0 1 1 4 5 3 1 5 1 4 2 5 4 5 1 4 3 3 2 5 2 2 5 3 4 4 2 1 2 2 4 1 2 2 3 2 5 3 4 5 3 4 4 5 2 1 5 1 5 1 5 4 2 2 1 4 3 2 1 1 2 3 5 3
1 4 2 2 3 2 5 0 5 5 5 3 1 2 4 3 5 3 3 4 4 4 4 4 2 5 3 4 4 1 2 4 2 3 4 2 1 3 1 3 1 5 5 3 5 1 4 2 2 5 1 4 5 2 3 3 5 4 1 5 2 4 4 1 1 5 5 4 2 5
2 4 5 3 2 5 1 3 0 4 5 1 2 2 1 4 4 5 3 1 5 4 3 2 5 1 3 2 5 5 3 1 1 1 5 3 4 2 1 2 4 4 5 3 1 4 4 1 2 4 4 5 5 3 3 3 1 2 3 2 2 1 4 2 2 5 4 5 1 1
4 2 2 3 1 1 3 1 2 0 3 4 2 4 4 3 4 3 2 3 4 1 3 2 3 2 5 3 4 4 1 4 2 1 3 3 5 2 1 3 1 1 4 3 3 2 4 1 3 3 1 2 5 3 3 1 3 2 2 2 4 2 1 1 3 4 5 4 5 4
2 1 1 1 3 5 4 4 5 5 0 5 4 1 3 1 2 2 4 2 5 3 3 3 3 2 2 1 3 1 1 2 3 3 2 1 1 5 3 4 5 3 5 4 4 2 2 4 2 4 2 3 1 2 3 3 4 4 4 5 3 1 3 2 4 1 2 1 3 2
3 3 1 4 4 2 4 1 3 1 5 0 1 3 2 2 4 4 3 5 2 2 3 4 3 5 5 4 1 5 4 4 2 1 4 3 4 3 5 3 3 2 3 2 4 2 1 5 5 2 4 5 5 1 3 4 5 2 2 3 5 5 1 2 1 4 2 2 3 5
4 5 1 1 2 5 2 4 2 2 5 4 0 5 4 1 4 2 3 3 2 1 5 2 5 4 3 5 3 1 3 5 4 2 5 1 3 3 4 1 3 4 2 2 1 4 1 1 2 2 3 1 1 2 5 4 1 4 5 5 4 1 4 2 1 2 2 2 1 3
2 4 2 5 3 1 2 3 5 5 2 1 2 0 5 5 3 2 5 5 5 5 3 3 2 2 1 1 5 3 5 2 2 5 2 1 4 1 4 1 1 5 3 1 3 2 1 1 2 5 1 5 5 4 4 4 4 1 2 5 1 2 4 2 3 3 3 5 5 4
3 2 3 4 5 4 4 4 4 5 3 5 2 4 0 4 4 1 2 1 4 1 5 3 1 2 2 1 1 5 1 3 5 3 1 5 3 3 1 3 1 3 3 2 3 3 5 1 2 2 2 2 3 4 1 4 3 2 1 1 1 1 2 2 3 1 5 2 3 5
1 3 1 4 1 5 1 1 1 4 1 5 5 3 4 0 4 4 2 4 1 4 1 2 5 2 5 3 4 4 4 5 4 2 2 3 1 2 5 2 2 3 3 2 4 1 4 3 5 2 1 5 4 3 2 5 1 3 3 4 4 4 2 4 2 5 3 4 1 2
3 1 1 2 3 2 3 3 4 1 2 3 1 4 5 1 0 2 4 4 3 4 4 3 1 4 1 4 2 5 1 5 3 2 3 2 2 5 5 2 1 4 4 5 2 3 5 5 3 3 4 5 2 1 4 1 5 1 3 1 2 4 2 2 3 5 3 3 5 1
5 1 2 2 1 4 4 4 3 4 2 4 1 4 3 1 5 0 3 3 2 1 1 3 4 4 1 5 3 1 5 2 3 3 4 5 5 5 4 4 1 2 3 2 5 1 1 1 4 5 3 2 5 5 5 4 2 1 2 5 4 2 4 2 3 3 4 3 2 3
1 5 2 3 5 1 4 5 3 3 2 2 4 3 5 2 1 3 0 2 2 3 5 1 5 4 4 4 5 3 1 2 5 1 5 5 3 4 1 5 5 2 3 1 3 5 1 3 1 3 3 3 2 3 3 2 5 1 3 5 5 3 2 1 5 4 2 2 3 2
3 2 3 5 1 5 1 5 3 3 1 2 1 3 3 2 1 4 3 0 1 4 1 5 2 5 3 5 1 4 4 3 5 5 1 5 2 5 5 1 3 1 4 4 5 1 2 5 4 2 3 1 5 4 1 1 5 5 1 5 5 3 4 4 4 3 4 3 3 3
5 4 4 4 4 1 2 5 5 1 3 2 2 2 1 3 1 1 3 1 0 3 1 4 4 2 2 1 1 4 5 1 5 5 5 5 5 1 2 3 2 5 3 5 5 1 1 4 2 5 2 4 3 5 5 5 1 1 4 3 4 3 1 2 4 5 2 5 3 2
4 4 5 3 3 4 3 2 4 5 1 1 5 4 4 1 2 4 1 5 5 0 4 3 1 5 5 3 1 3 3 1 5 1 4 5 2 2 3 4 1 1 5 2 1 1 2 1 4 3 4 2 1 3 4 2 4 3 1 2 3 1 3 5 5 2 4 4 4 2
5 4 4 4 4 3 3 4 3 2 3 4 3 4 2 5 2 1 5 5 2 2 0 1 3 3 2 1 5 1 3 4 5 5 1 2 2 4 3 4 4 3 1 2 1 2 3 2 1 5 3 5 1 3 2 1 4 4 4 5 2 4 1 1 5 1 4 3 2 2
3 1 3 1 3 3 2 4 3 5 4 3 5 4 3 1 5 5 4 1 3 4 3 0 2 3 5 5 1 1 3 4 2 5 2 1 5 2 5 4 4 3 5 4 2 4 5 5 3 1 2 1 2 3 5 2 2 5 5 1 2 3 4 1 3 1 1 2 3 5
2 2 2 1 1 5 5 4 5 5 3 1 5 4 2 2 2 4 3 2 4 4 3 5 0 2 5 4 2 5 3 5 3 2 5 3 1 2 2 1 3 1 2 5 3 3 4 2 5 5 3 5 5 1 2 2 4 1 4 3 5 4 4 4 2 2 5 2 3 4
3 1 4 4 5 1 1 4 1 4 4 1 4 5 4 5 3 4 3 4 3 3 4 2 1 0 3 5 1 4 4 1 1 2 5 4 2 1 5 3 3 4 3 5 1 1 1 3 4 3 3 4 3 4 4 3 2 4 2 1 3 4 5 5 3 1 5 3 5 5
5 5 3 3 3 4 3 2 4 4 4 5 4 2 1 5 3 5 2 5 3 4 2 4 5 2 0 5 4 5 2 1 4 4 5 4 1 4 1 2 1 4 1 4 4 1 5 5 2 4 4 4 3 1 5 5 3 1 4 2 4 1 5 2 4 2 4 1 2 3
4 2 4 1 3 1 3 2 1 2 1 1 1 5 3 4 3 3 1 3 3 3 3 5 5 4 3 0 3 3 1 5 4 4 2 4 4 2 3 3 3 4 4 3 3 2 4 2 1 5 3 3 1 5 5 1 2 1 4 4 5 2 5 3 1 2 5 5 2 5
2 4 4 1 5 5 1 3 3 4 5 2 5 1 3 1 4 1 1 5 5 5 3 1 5 3 4 1 0 5 3 4 3 2 5 5 3 4 3 4 4 4 3 1 1 5 2 3 2 4 1 1 1 1 3 2 5 1 5 1 3 5 4 5 5 4 2 2 5 2
4 2 4 1 1 1 4 1 1 5 2 2 4 1 1 4 3 4 3 4 4 4 2 2 3 5 1 4 3 0 3 4 2 2 5 2 3 5 1 5 4 3 4 1 1 2 1 1 1 4 3 3 2 5 4 5 4 1 5 5 4 5 1 5 3 1 2 1 3 1
2 5 5 4 4 1 3 2 5 1 5 3 3 1 4 4 3 5 4 4 5 5 1 1 3 2 2 1 1 3 0 3 1 1 2 4 3 4 3 1 2 1 4 4 3 4 4 1 2 2 2 4 2 3 1 4 1 5 5 1 4 5 1 5 3 3 3 2 4 2
4 3 3 2 3 1 1 2 2 4 3 3 4 3 3 2 5 1 1 1 2 1 3 1 4 1 3 4 4 1 2 0 3 1 3 2 5 1 2 1 2 3 4 3 5 4 4 4 1 3 4 3 5 1 4 1 4 4 3 2 5 5 5 2 2 2 2 4 4 2
3 2 4 4 4 5 2 2 4 2 2 4 4 2 2 3 5 1 5 4 5 5 1 1 2 3 4 1 3 1 2 2 0 5 1 2 4 5 4 1 5 1 4 2 5 2 5 2 3 2 4 5 3 4 4 3 3 4 2 4 3 5 2 1 3 2 2 5 1 1
5 5 4 5 5 5 1 4 5 5 4 4 4 1 5 2 2 1 5 4 5 1 1 2 2 3 3 5 5 1 4 5 1 0 1 1 3 4 2 4 5 1 3 1 3 4 2 4 5 1 3 3 2 5 3 3 4 5 4 3 5 5 4 1 1 1 5 1 5 4
2 4 5 1 5 5 2 2 1 3 2 4 4 2 5 2 3 3 5 4 4 2 2 3 1 4 2 4 4 5 1 1 5 2 0 4 2 5 4 5 4 5 5 4 1 3 5 3 3 5 2 1 1 3 1 1 3 2 3 1 3 5 3 3 1 1 4 1 3 3
3 3 1 5 1 3 4 2 5 1 5 3 1 2 5 1 4 4 3 2 1 5 3 4 4 5 3 2 2 1 4 4 5 5 4 0 2 3 1 5 1 1 2 4 1 5 4 2 4 1 3 4 1 2 2 4 1 5 2 2 4 4 2 5 3 4 5 2 5 4
4 3 1 2 5 3 2 1 2 1 2 3 2 2 1 4 3 2 3 3 2 1 3 4 1 2 5 4 3 1 5 4 4 4 2 3 0 5 3 5 1 5 2 2 4 4 2 5 5 5 5 5 4 2 4 3 5 4 2 3 5 3 3 5 4 1 3 5 5 3
3 3 5 3 3 3 5 5 2 4 1 4 1 1 5 1 3 4 2 5 5 4 4 1 4 5 3 1 3 4 1 5 3 2 5 3 2 0 5 5 5 3 5 2 5 4 5 5 1 3 3 3 2 5 1 4 5 1 5 5 4 2 3 5 5 3 1 5 5 5
5 2 5 4 1 4 3 4 5 2 4 1 1 3 3 5 4 2 2 2 2 5 5 5 4 5 4 2 1 3 5 3 2 1 1 3 1 3 0 3 5 3 2 1 5 2 1 2 2 3 1 4 4 5 4 2 1 3 1 2 4 4 5 3 4 1 1 4 5 4
1 2 3 3 4 1 2 5 1 1 2 5 3 1 2 5 3 1 2 4 4 1 2 5 3 2 2 4 1 4 3 5 4 5 5 2 5 3 3 0 1 4 3 4 1 4 1 2 2 5 2 4 5 4 1 2 1 5 1 3 2 1 5 5 4 2 3 2 3 3
4 1 2 4 3 1 4 5 2 5 3 5 4 1 2 5 3 2 2 1 2 2 5 2 4 1 1 3 2 3 4 5 3 3 4 3 4 1 2 2 0 3 5 5 5 4 1 4 3 5 4 1 2 4 3 5 4 3 1 5 2 5 5 5 4 4 4 2 1 5
3 5 5 2 3 4 2 4 5 3 3 4 1 1 2 5 4 2 2 5 5 3 3 1 2 2 1 1 4 1 3 3 4 4 1 5 5 3 3 2 1 0 4 3 2 3 5 2 1 3 2 2 3 5 5 4 4 3 1 3 4 4 5 4 3 5 1 2 4 5
5 5 1 2 2 5 5 3 2 2 3 5 1 4 5 3 4 4 4 1 1 5 2 1 1 5 1 2 3 3 2 4 1 2 2 3 1 2 2 3 3 5 0 1 5 1 2 1 2 2 2 2 1 5 5 3 4 2 5 5 2 3 2 2 1 4 3 3 1 1
4 3 2 5 5 3 5 4 1 2 3 4 5 4 2 5 4 3 2 4 5 3 1 4 2 2 2 2 2 5 5 1 2 2 2 4 3 4 1 5 2 5 3 0 4 3 4 3 3 4 5 1 5 3 5 3 4 4 1 4 3 1 1 5 5 1 1 4 1 1
5 5 5 1 2 4 4 4 4 4 1 4 4 2 4 4 2 1 2 4 4 3 5 1 3 1 1 5 4 2 3 1 4 5 2 5 4 3 1 5 3 3 5 2 0 2 1 1 4 2 4 3 5 1 3 3 4 1 2 3 4 2 4 3 1 2 2 1 4 4
4 2 2 2 2 3 2 2 4 1 2 3 4 3 2 4 4 4 2 1 2 1 4 5 3 4 4 4 2 1 5 4 5 2 4 2 3 2 1 3 4 2 2 4 5 0 3 4 5 2 3 3 4 4 3 4 3 2 3 1 3 5 4 2 2 1 4 1 4 5
5 5 5 1 2 4 3 1 1 1 4 3 2 5 3 1 5 4 4 1 4 3 5 1 5 3 1 5 4 1 3 1 5 1 5 3 2 2 3 3 1 1 2 3 3 1 0 5 4 5 2 1 2 1 2 5 2 1 4 5 2 4 2 1 1 3 2 5 5 5
4 3 2 2 2 4 5 3 5 3 2 2 4 5 5 4 4 4 1 4 5 5 2 3 4 3 3 5 4 5 4 3 1 3 5 2 3 1 5 3 1 1 3 3 5 4 3 0 5 1 4 2 3 2 3 5 2 1 5 2 4 3 1 1 2 5 3 1 2 4
3 5 4 5 3 1 3 3 5 5 5 2 4 4 3 4 3 5 4 5 2 3 5 2 2 1 3 4 3 1 2 4 3 2 3 3 2 2 3 3 5 5 2 1 4 3 5 5 0 3 3 1 1 3 1 4 1 5 5 2 1 3 4 4 2 3 1 1 4 1
3 4 3 1 3 1 1 5 3 5 4 2 3 2 3 3 5 5 4 4 1 3 2 3 1 4 1 3 5 4 2 4 2 4 1 3 1 3 2 5 4 4 3 5 2 4 4 2 5 0 1 5 1 5 1 1 3 1 3 4 4 2 4 2 1 5 1 3 2 3
4 3 2 2 4 5 3 4 3 4 3 3 1 4 4 2 1 4 3 4 2 4 4 3 5 5 1 2 3 3 4 3 3 3 1 3 4 2 1 1 3 5 4 3 3 5 5 5 3 1 0 3 2 5 1 2 2 5 2 2 4 2 1 1 1 5 4 2 2 4
5 3 4 1 3 1 5 3 3 4 4 2 2 4 4 4 4 4 4 2 3 5 4 3 3 5 4 3 5 1 4 1 2 3 2 2 5 1 5 5 5 4 3 1 5 1 4 5 2 1 5 0 5 1 2 1 5 1 2 1 2 1 4 2 3 1 2 5 2 5
4 3 1 5 5 2 5 1 3 4 1 2 2 3 2 4 5 3 3 1 1 3 3 2 5 3 2 4 5 3 3 4 2 1 2 4 4 1 2 5 4 3 5 3 2 5 5 1 4 4 2 2 0 4 4 3 3 4 1 3 2 2 1 1 1 5 1 4 2 4
5 1 1 3 3 1 2 2 2 3 1 1 2 1 5 1 3 5 3 5 2 5 4 4 5 5 1 3 1 5 1 2 1 5 2 5 1 5 4 1 4 4 1 4 1 1 1 1 1 3 4 1 1 0 2 3 2 1 1 1 3 5 1 5 4 4 5 4 5 1
1 2 4 3 5 2 3 3 2 4 4 1 2 3 3 4 1 5 3 5 3 4 4 4 2 1 1 2 3 4 2 1 3 2 3 4 5 1 4 1 5 5 5 1 3 2 5 1 2 1 3 4 2 3 0 5 5 1 5 4 5 1 4 5 4 2 3 2 1 1
3 4 4 2 4 4 1 3 5 1 3 5 2 5 1 4 3 5 4 1 5 3 4 5 2 4 1 3 1 5 1 4 5 1 1 4 5 2 2 1 5 1 3 3 1 1 3 4 1 2 3 2 1 3 1 0 2 5 1 1 3 3 4 4 3 2 5 2 1 4
3 3 3 3 4 2 5 3 5 3 3 2 4 3 3 1 4 4 1 4 5 4 3 5 4 5 4 3 3 4 2 2 3 2 2 5 3 1 3 1 5 4 4 5 2 4 3 4 2 2 5 1 5 3 2 2 0 4 2 3 2 5 2 2 1 5 4 2 3 4
2 2 4 3 2 5 5 3 2 2 1 4 5 2 5 2 1 5 4 3 2 5 5 1 4 4 3 4 3 3 1 4 1 5 5 4 5 2 5 1 1 5 3 2 2 1 4 4 5 4 2 2 5 5 4 5 5 0 3 5 2 3 2 1 1 5 5 4 4 1
5 5 1 2 3 4 1 2 4 1 1 2 2 1 1 3 3 3 4 2 4 1 3 3 2 5 2 2 5 4 2 5 5 3 4 2 3 5 5 4 5 1 2 5 5 3 5 3 4 3 4 1 5 1 2 4 4 2 0 2 4 1 1 1 1 2 4 1 3 5
2 2 5 4 2 2 2 4 2 5 3 5 1 4 1 4 3 3 3 5 2 2 1 1 3 2 3 5 1 1 3 2 1 3 5 1 3 1 5 1 3 1 2 2 5 5 4 4 5 5 4 4 1 1 3 5 1 3 4 0 1 3 3 1 3 5 5 1 1 2
4 1 3 1 1 1 2 3 5 4 5 5 4 1 1 3 3 5 4 5 1 3 1 4 3 1 3 4 1 1 2 1 5 2 2 1 3 1 1 4 4 5 4 3 4 1 5 4 2 3 3 3 4 3 3 2 4 2 3 2 0 4 4 3 4 5 2 5 2 3
2 1 3 1 3 2 1 4 5 5 5 1 4 2 2 5 2 1 1 2 5 3 5 1 3 3 5 1 1 2 2 4 2 3 4 2 4 3 3 2 1 1 4 2 2 3 3 1 4 2 2 1 2 5 4 1 5 1 1 1 1 0 3 3 4 1 2 4 2 1
1 5 5 3 2 4 1 1 4 5 1 3 4 2 5 3 4 4 1 1 3 5 1 1 1 2 3 4 3 5 3 4 5 3 1 5 2 5 1 2 3 4 1 1 1 2 2 2 4 5 1 4 1 1 4 4 1 1 2 2 3 5 0 3 2 1 5 2 1 2
2 4 4 5 5 5 2 2 5 3 1 1 1 3 3 5 3 1 3 1 4 3 5 4 4 3 1 1 5 5 3 3 3 3 3 2 4 4 2 4 4 4 2 5 1 2 1 1 1 2 5 1 5 1 3 5 5 3 3 2 3 3 1 0 1 2 2 3 2 5
1 3 4 5 5 5 3 5 2 2 2 4 1 4 2 1 4 4 4 2 5 3 3 5 5 5 1 2 1 5 5 5 1 1 5 3 1 5 2 3 5 4 4 2 3 3 5 1 2 4 2 2 2 4 2 2 5 4 5 2 5 1 3 4 0 1 2 4 1 2
2 2 5 4 2 4 5 3 4 1 4 3 4 4 1 4 3 3 1 2 2 5 5 3 1 5 5 3 2 4 5 3 4 4 1 3 4 3 3 4 3 1 4 2 4 1 1 2 4 1 3 2 1 2 2 5 5 1 3 5 3 5 4 1 2 0 2 5 4 4
5 1 1 2 4 3 1 3 2 4 1 5 4 2 1 1 4 2 3 3 3 1 2 1 3 3 3 4 3 2 1 5 1 4 1 3 1 4 4 5 5 4 3 5 3 1 5 1 4 3 3 3 4 2 1 1 3 3 5 3 2 1 2 1 5 1 0 2 1 5
5 5 2 1 1 5 4 1 1 5 3 4 5 2 1 3 2 4 3 5 5 1 1 3 4 2 2 2 2 3 5 1 1 1 5 1 5 3 3 5 5 5 2 2 5 4 2 3 5 4 5 5 1 4 5 3 1 5 3 4 5 5 4 4 5 5 2 0 1 2
5 5 4 5 5 1 2 4 4 1 2 3 3 5 1 5 3 1 5 4 5 3 3 3 5 4 3 1 5 5 3 3 3 1 4 3 1 2 5 3 3 1 5 4 5 5 4 5 5 5 3 4 2 4 4 2 3 5 3 3 3 1 1 2 5 1 3 3 0 2
4 3 2 5 2 2 1 5 3 2 1 4 3 1 4 2 2 2 3 3 2 4 5 5 5 5 4 2 1 3 2 5 1 5 1 4 5 2 3 1 1 3 1 2 3 5 2 4 2 4 2 5 4 5 5 4 3 3 4 4 1 4 3 5 3 1 5 3 1 0
66 10 25 60 20 40 48 43 58 56 4 23 39 13 52 55 3 56 25 50 49 39 61 23 58 1 19 47 9 17 31 41 11 70 66 38 16 45 64 32 21 67 41 25 27 52 58 47 9 36
32 66 12 54 3 26 28 30 6 28 47 8 10 64 33 49 61 69 56 62 2 49 3 22 34 15 64 12 20 4 21 49 60 60 62 7 68 42 59 21 16 62 55 69 53 35 46 57 33 11
53 25 15 42 33 21 25 17 10 69 36 42 43 63 7 15 17 50 43 58 59 66 60 45 49 59 16 6 19 1 33 7 24 27 61 10 65 3 21 14 62 59 17 23 12 56 61 50 10 55
28 44 16 61 70 32 67 4 12 61 10 53 23 43 56 45 68 16 23 7 43 54 6 2 21 56 26 46 58 20 41 30 58 31 1 43 27 13 43 16 66 53 31 13 18 24 66 48 64 17
19 50 18 14 62 67 3 22 26 13 6 28 33 27 2 35 11 20 48 59 4 68 52 33 3 4 6 9 50 44 39 10 8 17 41 57 17 59 52 1 41 56 38 42 56 5 63 41 29 22
51 49 57 40 12 6 58 32 55 14 34 6 16 18 42 6 34 6 36 70 54 48 48 6 33 45 42 16 17 70 32 2 41 51 42 64 49 22 13 62 7 32 4 49 13 39 65 24 1 46
61 61 45 55 50 31 59 37 52 50 37 18 53 12 46 28 36 9 19 10 29 14 24 63 66 41 12 67 27 15 36 13 44 57 47 37 51 9 45 3 10 40 32 70 55 59 54 43 59 29
6 3 13 7 58 55 51 12 4 63 33 10 9 37 20 54 26 11 68 6 47 44 27 60 26 16 3 4 46 41 58 12 31 58 63 63 38 18 16 43 65 57 70 22 5 13 55 30 31 7
67 52 11 19 61 4 7 44 25 12 55 64 3 16 67 22 65 34 65 8 38 10 51 69 46 60 45 45 4 55 25 35 28 35 56 35 20 14 46 38 18 21 14 1 69 27 22 32 7 57
48 11 27 29 14 65 16 67 33 16 38 27 35 33 70 40 29 28 24 16 63 56 26 9 65 5 22 48 36 6 52 65 50 37 49 32 43 60 35 25 50 18 52 31 42 46 26 56 67 67
9 55 26 69 36 50 21 19 66 30 49 32 45 55 4 64 35 51 7 37 21 18 35 8 10 58 40 40 59 58 47 56 12 9 6 20 4 2 11 45 45 35 59 36 7 3 13 17 15 21
45 21 34 9 8 25 41 33 39 47 46 61 20 57 50 13 70 3 34 25 11 57 59 51 62 24 23 10 28 52 45 42 37 54 21 26 35 30 24 22 24 4 50 5 40 68 64 1 25 25
38 6 22 20 52 69 8 53 37 70 70 51 55 34 15 34 48 7 42 46 58 21 8 7 63 26 37 69 15 64 44 66 49 68 10 29 66 50 31 4 25 30 30 64 14 45 21 15 56 63
20 65 44 31 42 16 42 52 17 58 2 30 46 60 27 70 40 66 69 47 7 5 20 30 6 67 2 66 22 62 13 22 62 12 25 5 57 65 39 59 38 3 16 29 26 32 3 4 17 50
58 40 48 18 29 2 6 39 62 24 5 67 37 5 31 31 53 1 40 38 28 4 41 12 61 11 51 70 51 11 46 46 40 65 35 50 9 64 33 13 58 52 42 17 61 11 9 59 39 68
41 53 33 16 45 1 36 31 1 38 64 0 51 11 38 53 23 37 67 11 70 19 5 53 13 61 62 65 7 57 49 63 55 42 28 4 63 57 29 18 26 54 0 6 36 28 39 39 37 69
56 64 8 65 31 17 27 63 0 52 11 0 40 53 25 8 60 19 37 33 20 33 28 5 39 22 0 18 42 43 67 69 68 48 4 0 39 6 26 67 14 50 0 51 32 0 30 53 58 24
70 19 54 35 65 53 0 45 0 54 41 0 48 3 18 17 14 8 33 30 23 25 43 49 40 31 0 55 57 8 11 67 67 0 24 0 2 1 37 47 34 16 0 20 60 0 49 23 57 13
5 7 31 41 0 14 0 27 0 55 9 0 31 23 14 48 10 30 0 0 12 29 0 47 9 63 0 38 37 0 4 6 1 0 52 0 55 39 41 0 6 38 0 45 17 0 47 42 66 0
57 69 32 22 0 28 0 57 0 0 23 0 5 62 36 0 0 49 0 0 33 60 0 66 1 33 0 29 62 0 2 29 45 0 44 0 23 15 3 0 55 1 0 4 62 0 0 44 63 0
34 27 0 1 0 0 0 13 0 0 32 0 14 8 37 0 0 0 0 0 0 41 0 19 8 19 0 17 41 0 38 55 3 0 18 0 41 0 62 0 40 7 0 41 34 0 0 3 0 0
10 1 0 51 0 0 0 10 0 0 26 0 4 45 54 0 0 0 0 0 0 0 0 52 30 9 0 54 13 0 60 33 13 0 37 0 45 0 0 0 48 41 0 58 0 0 0 6 0 0
0 35 0 33 0 0 0 0 0 0 25 0 0 0 62 0 0 0 0 0 0 0 0 46 56 68 0 60 0 0 61 16 69 0 16 0 25 0 0 0 9 0 0 59 0 0 0 9 0 0
0 34 0 0 0 0 0 0 0 0 0 0 0 0 0 0 0 0 0 0 0 0 0 11 22 42 0 35 0 0 7 14 0 0 32 0 0 0 0 0 0 0 0 37 0 0 0 51 0 0
0 32 0 0 0 0 0 0 0 0 0 0 0 0 0 0 0 0 0 0 0 0 0 34 0 0 0 0 0 0 62 40 0 0 0 0 0 0 0 0 0 0 0 0 0 0 0 0 0 0
0 0 0 0 0 0 0 0 0 0 0 0 0 0 0 0 0 0 0 0 0 0 0 0 0 0 0 0 0 0 0 0 0 0 0 0 0 0 0 0 0 0 0 0 0 0 0 0 0 0
0 0 0 0 0 0 0 0 0 0 0 0 0 0 0 0 0 0 0 0 0 0 0 0 0 0 0 0 0 0 0 0 0 0 0 0 0 0 0 0 0 0 0 0 0 0 0 0 0 0
0 0 0 0 0 0 0 0 0 0 0 0 0 0 0 0 0 0 0 0 0 0 0 0 0 0 0 0 0 0 0 0 0 0 0 0 0 0 0 0 0 0 0 0 0 0 0 0 0 0
0 0 0 0 0 0 0 0 0 0 0 0 0 0 0 0 0 0 0 0 0 0 0 0 0 0 0 0 0 0 0 0 0 0 0 0 0 0 0 0 0 0 0 0 0 0 0 0 0 0
0 0 0 0 0 0 0 0 0 0 0 0 0 0 0 0 0 0 0 0 0 0 0 0 0 0 0 0 0 0 0 0 0 0 0 0 0 0 0 0 0 0 0 0 0 0 0 0 0 0
0 0 0 0 0 0 0 0 0 0 0 0 0 0 0 0 0 0 0 0 0 0 0 0 0 0 0 0 0 0 0 0 0 0 0 0 0 0 0 0 0 0 0 0 0 0 0 0 0 0
0 0 0 0 0 0 0 0 0 0 0 0 0 0 0 0 0 0 0 0 0 0 0 0 0 0 0 0 0 0 0 0 0 0 0 0 0 0 0 0 0 0 0 0 0 0 0 0 0 0
0 0 0 0 0 0 0 0 0 0 0 0 0 0 0 0 0 0 0 0 0 0 0 0 0 0 0 0 0 0 0 0 0 0 0 0 0 0 0 0 0 0 0 0 0 0 0 0 0 0
0 0 0 0 0 0 0 0 0 0 0 0 0 0 0 0 0 0 0 0 0 0 0 0 0 0 0 0 0 0 0 0 0 0 0 0 0 0 0 0 0 0 0 0 0 0 0 0 0 0
0 0 0 0 0 0 0 0 0 0 0 0 0 0 0 0 0 0 0 0 0 0 0 0 0 0 0 0 0 0 0 0 0 0 0 0 0 0 0 0 0 0 0 0 0 0 0 0 0 0
