60 80 50 20 30
3
5
3
2
3
3
4
1
4
2
3
3
5
5
3
4
2
2
2
5
1
2
1
2
4
5
1
3
3
1
1
1
2
2
5
4
1
1
2
2
1
3
5
1
5
2
2
4
4
1
5
1
5
3
2
5
2
2
1
1
3
5
3
2
4
1
2
1
3
2
4
2
2
1
5
4
1
5
3
1
0 4 1 3 2 4 2 2 3 1 4 4 1 1 1 5 5 3 3 2 5 2 4 1 5 5 4 4 4 1 4 3 4 5 3 1 2 2 5 4 1 2 3 2 2 2 4 4 1 5 5 1 3 2 3 5 4 4 2 5 4 3 2 4 2 2 1 3 2 5 1 1 2 5 5 1 5 3 2 4
2 0 3 2 5 2 1 2 5 5 3 1 5 5 4 2 1 1 1 5 2 3 2 3 4 5 4 2 1 1 2 3 5 1 4 4 3 4 2 1 5 5 3 4 3 4 1 3 1 1 5 3 3 5 2 3 4 4 5 2 4 5 5 5 5 3 3 2 5 1 5 4 1 2 1 5 2 2 1 3
3 1 0 2 1 2 4 3 1 2 5 1 3 5 5 5 2 1 4 2 4 2 5 5 5 2 1 5 3 4 2 5 5 5 4 1 2 1 4 4 1 2 4 2 5 3 3 4 2 3 1 2 5 3 1 3 4 5 2 4 2 3 4 5 4 1 5 2 2 2 3 5 2 3 3 3 4 4 1 1
5 2 1 0 2 2 2 4 1 2 5 3 1 2 4 3 3 2 3 1 5 2 2 3 5 5 1 1 2 2 5 3 5 5 1 3 2 1 1 3 3 1 4 2 1 3 2 5 5 2 3 5 5 4 3 1 3 3 3 5 3 2 3 2 2 4 1 5 2 5 4 2 4 4 4 4 5 3 2 3
2 2 5 4 0 2 4 1 4 4 5 1 4 3 1 5 5 3 1 4 3 1 1 5 4 3 5 5 1 3 5 4 3 2 3 3 4 4 4 2 4 4 3 3 4 2 3 5 5 3 4 1 2 5 5 3 3 2 3 2 2 3 2 3 1 4 2 3 4 2 4 2 2 4 4 2 3 5 1 3
2 5 1 5 4 0 5 1 3 3 4 3 2 3 4 1 1 3 4 1 1 2 4 3 1 5 1 4 2 1 2 3 5 5 4 5 4 1 2 1 5 1 5 4 1 3 5 3 5 2 1 3 3 4 4 1 5 5 1 5 4 4 5 2 4 3 5 5 1 1 5 5 2 4 5 3 3 4 3 4
1 1 4 3 2 1 0 3 2 2 1 5 1 1 1 3 5 4 3 4 5 5 3 1 3 5 5 2 2 2 5 5 4 2 3 4 5 5 1 4 5 3 5 1 1 1 5 3 2 2 2 1 4 3 1 1 2 4 1 4 5 1 4 1 3 3 4 2 5 4 2 4 1 4 3 2 1 5 1 3
5 3 1 3 3 5 3 0 1 1 2 3 4 3 1 5 3 2 5 2 3 2 4 3 3 4 2 1 2 2 3 1 2 3 3 2 4 4 2 1 1 5 2 3 3 2 4 2 2 4 3 5 5 1 4 4 4 4 5 5 3 3 5 2 1 1 4 4 5 5 4 2 1 2 3 2 5 3 5 5
2 2 1 5 1 4 4 3 0 5 3 3 5 3 4 5 5 1 4 2 1 5 5 5 5 1 5 4 5 3 3 1 2 2 5 5 4 3 1 4 3 4 5 3 2 1 1 4 1 3 3 2 4 5 1 3 2 3 3 5 3 4 4 1 5 4 3 4 3 2 3 4 4 2 4 2 3 5 1 1
5 1 3 2 2 4 5 1 1 0 5 1 1 4 1 3 4 4 3 4 4 1 1 5 4 5 3 2 5 2 1 2 4 5 2 4 3 4 2 3 4 2 2 3 2 2 4 4 1 1 4 1 1 3 3 3 3 1 3 4 3 2 4 4 2 1 4 5 2 5 5 3 3 1 3 2 4 1 2 5
3 5 1 1 4 1 3 3 1 4 0 2 3 1 3 3 3 5 3 2 1 4 2 1 4 4 2 1 2 4 3 4 1 1 3 1 3 3 3 1 3 4 3 4 5 5 4 2 5 4 1 3 2 1 5 5 4 3 4 3 2 3 2 3 1 1 3 1 4 3 3 4 1 3 5 1 4 1 5 2
2 3 5 5 1 1 5 1 2 1 3 0 3 3 2 2 1 1 3 2 2 4 2 3 5 1 2 1 2 2 3 2 1 5 2 4 5 2 3 5 4 4 3 3 3 4 2 2 3 4 5 1 5 1 2 3 4 1 4 2 2 4 2 3 4 1 4 1 5 4 2 3 1 2 4 3 5 3 2 2
5 4 3 3 4 1 5 5 1 4 2 2 0 3 3 1 4 1 1 5 5 5 2 1 5 5 2 5 3 4 1 1 2 3 2 3 5 3 5 3 1 3 3 3 4 5 1 5 4 5 2 1 3 4 3 3 1 2 1 5 5 2 2 2 3 2 5 4 3 4 1 2 4 5 1 4 3 2 4 4
4 1 4 1 3 1 1 5 3 1 1 4 5 0 3 4 3 5 4 5 2 3 1 4 2 2 5 4 2 4 1 1 1 4 5 4 2 3 3 4 5 2 1 3 3 3 3 1 3 5 3 3 2 5 3 3 3 5 5 1 3 4 5 4 3 2 2 2 3 3 2 4 1 1 4 1 3 4 4 5
3 3 4 3 1 2 4 2 5 1 4 2 5 5 0 1 3 3 1 5 2 1 4 3 3 1 5 3 1 2 4 1 3 1 4 4 1 3 3 5 4 1 5 4 5 2 3 4 1 2 2 1 3 4 2 2 5 2 4 5 1 5 3 2 1 5 2 1 3 4 3 2 1 2 1 4 1 4 1 2
4 4 3 3 5 3 2 4 5 2 5 2 2 1 2 0 1 3 2 4 1 4 5 2 2 5 1 2 5 4 3 1 3 3 4 5 1 5 3 4 5 5 1 3 2 5 4 1 5 5 1 4 5 4 5 1 5 3 4 3 3 1 5 1 1 5 4 4 5 5 3 3 3 4 4 4 2 1 5 3
2 5 5 5 4 3 3 4 5 1 4 3 1 5 5 5 0 1 3 2 4 2 1 3 1 2 4 2 5 5 5 5 2 1 3 1 2 5 5 3 1 5 1 3 5 2 5 1 3 4 3 1 4 5 5 5 3 3 3 3 5 2 4 2 5 5 5 5 3 4 5 2 5 2 5 4 5 5 4 5
4 3 4 2 2 3 2 1 2 2 2 1 5 5 5 4 1 0 2 3 5 2 2 1 5 2 1 4 1 4 5 4 5 2 3 4 2 3 5 5 4 1 5 5 4 4 1 5 3 3 3 3 1 4 5 5 2 3 3 2 4 2 5 4 1 4 1 2 1 3 3 5 3 5 5 5 2 5 3 5
5 5 1 2 2 5 5 4 3 3 4 3 5 4 3 2 1 5 0 3 2 1 1 3 4 4 5 2 1 5 3 1 4 3 3 2 1 4 4 4 4 5 3 3 2 4 3 4 4 2 5 5 2 3 1 3 2 2 4 5 4 3 3 2 4 4 1 1 5 2 2 2 5 5 3 2 1 5 5 1
2 2 3 3 1 4 5 4 1 3 4 5 3 5 4 2 5 1 3 0 1 3 2 3 4 1 5 3 4 3 4 3 1 3 2 1 4 4 1 1 3 1 5 3 1 4 2 1 2 3 1 3 5 5 4 5 4 1 3 3 4 1 2 4 4 3 3 4 4 5 4 5 2 4 3 4 4 3 4 3
2 2 3 1 4 3 4 3 2 1 1 3 1 1 4 5 5 5 3 3 0 4 1 4 3 1 3 2 4 5 5 2 5 5 1 1 3 3 3 1 4 4 3 1 3 2 2 1 5 1 5 5 4 2 3 4 5 5 3 4 2 2 2 2 5 4 3 3 4 2 5 3 5 4 3 5 3 1 3 5
3 3 1 5 2 4 3 2 5 5 3 5 5 3 2 1 2 1 3 3 2 0 5 5 1 3 4 3 3 2 4 2 1 4 1 2 4 5 4 3 1 4 4 5 5 1 2 1 5 5 4 1 3 1 4 3 1 3 1 1 1 5 1 2 3 5 5 4 5 5 5 3 4 5 3 3 5 2 4 4
2 2 1 5 5 4 2 2 2 5 4 1 1 3 2 5 3 3 5 5 2 2 0 4 1 4 3 4 4 5 3 5 1 2 2 3 4 5 2 2 3 3 5 5 4 3 3 5 3 3 3 5 1 2 1 2 3 3 2 5 2 1 3 2 1 3 1 5 2 3 3 5 2 5 3 4 2 3 1 2
2 5 2 5 3 5 3 4 2 1 3 3 1 4 4 3 3 3 4 4 3 4 3 0 1 4 4 3 4 2 5 2 1 4 2 4 2 1 3 5 1 1 2 4 2 2 4 5 1 3 4 4 2 4 4 2 5 2 4 4 3 1 3 1 1 5 5 5 1 2 2 3 2 1 2 2 4 3 3 2
4 3 1 4 1 3 5 2 1 5 4 2 5 3 4 2 2 1 2 3 2 4 1 4 0 5 4 4 3 3 1 4 5 1 1 5 4 1 3 4 4 2 3 5 4 1 2 3 4 1 3 4 4 5 5 1 4 5 3 5 3 1 4 1 3 4 2 4 1 1 4 4 4 5 2 3 1 3 2 1
1 4 1 1 3 4 3 1 4 3 1 5 3 3 4 5 1 3 5 2 5 1 1 1 1 0 1 4 2 3 2 3 2 5 1 1 4 1 2 3 5 3 2 2 5 2 3 1 1 4 3 5 4 4 2 4 3 3 4 5 4 3 4 5 5 3 5 5 4 2 5 5 3 1 4 2 2 1 1 2
5 5 3 4 3 5 1 5 1 3 3 5 1 1 3 5 4 3 4 1 3 4 3 2 5 5 0 4 1 2 3 3 2 1 1 4 2 4 4 4 3 1 1 4 5 5 5 1 5 3 1 5 5 4 1 4 3 5 5 4 3 5 3 5 3 3 1 4 2 4 5 1 2 2 1 2 1 3 3 3
5 2 4 5 2 3 5 1 5 2 1 4 4 4 3 5 3 1 3 3 2 3 1 5 3 3 5 0 4 4 4 4 2 5 4 4 2 4 1 4 3 5 1 5 3 3 4 2 4 3 2 3 2 5 2 2 5 1 5 5 2 1 5 4 4 1 5 5 3 1 2 4 2 5 3 3 4 3 2 1
3 5 3 4 2 4 5 5 2 4 5 4 3 2 2 3 4 3 2 5 5 3 3 1 3 2 2 4 0 2 3 4 3 5 2 4 1 5 4 2 5 5 2 5 1 5 3 2 4 4 2 5 2 4 1 1 4 2 3 1 5 1 4 1 5 5 3 2 5 3 2 5 4 3 5 5 3 4 5 2
2 3 5 3 1 2 5 5 5 3 2 2 2 3 3 1 1 5 5 2 3 3 4 2 2 5 5 5 5 0 3 4 4 3 4 1 4 1 5 4 2 5 2 5 1 1 5 4 2 2 4 2 4 5 5 3 1 3 2 5 2 1 3 5 3 2 3 5 3 5 1 2 2 4 1 2 3 1 3 4
4 5 5 5 3 5 2 2 4 2 1 1 4 5 5 2 4 1 5 5 1 1 1 4 4 1 1 5 4 5 0 3 3 1 3 2 1 4 4 5 1 1 5 3 2 5 2 5 5 3 3 2 1 4 5 3 2 5 1 3 3 3 5 2 4 5 5 1 1 3 2 5 1 3 3 5 3 5 1 2
3 2 3 2 4 3 1 5 5 2 3 1 1 2 4 3 1 2 3 3 4 3 4 2 1 5 5 1 3 5 2 0 1 5 3 5 1 4 5 5 4 4 1 5 1 1 5 4 3 5 4 1 4 4 5 5 2 5 1 5 5 3 4 2 1 1 2 4 2 3 1 5 2 1 3 5 2 4 4 2
1 5 3 3 1 3 3 2 3 3 4 5 2 1 5 5 5 2 3 2 1 2 5 1 2 2 5 5 4 3 2 4 0 2 1 3 1 5 2 5 3 4 2 1 2 1 5 2 1 1 4 4 1 2 1 5 3 2 5 2 3 5 5 4 3 1 3 3 4 1 5 4 2 4 1 3 5 1 2 5
1 1 4 2 3 5 5 4 2 1 2 2 2 3 4 5 3 1 3 5 4 4 2 1 2 5 3 1 1 2 1 5 4 0 1 4 3 2 3 5 2 5 2 3 3 1 2 1 1 3 1 3 4 4 4 4 3 2 1 2 3 3 3 2 3 3 5 3 2 1 5 2 4 3 2 2 2 2 4 1
5 4 5 4 5 2 2 4 3 4 3 1 4 3 2 4 1 1 4 1 1 4 4 2 5 1 5 3 5 5 1 3 3 2 0 4 2 4 2 4 3 1 5 1 3 2 2 2 5 1 4 4 4 3 1 2 2 5 2 2 1 4 4 1 4 3 5 4 4 1 4 4 3 3 5 3 5 3 3 2
4 5 1 3 5 2 1 4 5 3 1 5 2 2 5 4 2 2 2 4 4 4 5 4 3 1 1 1 5 3 3 3 3 3 5 0 1 3 1 3 5 2 2 4 3 2 2 2 3 1 4 5 5 5 1 4 2 3 1 1 5 2 2 4 2 3 3 1 1 3 1 1 4 1 4 3 1 3 2 1
3 2 5 3 2 4 5 4 4 3 4 1 3 2 3 4 5 3 5 4 1 1 3 1 5 3 2 3 5 4 3 5 5 1 1 4 0 2 1 1 2 5 3 2 4 4 4 1 2 4 2 2 2 5 5 4 5 3 2 5 5 3 2 2 4 3 2 1 4 2 2 3 1 3 5 5 3 3 2 1
3 3 3 4 1 3 3 3 5 3 1 1 2 2 2 2 4 5 2 3 5 5 4 2 5 2 2 1 3 3 5 2 3 2 1 1 1 0 4 3 3 3 1 5 2 4 2 5 3 2 2 1 1 2 2 5 1 4 4 5 2 3 4 5 1 2 2 1 2 5 5 4 3 1 4 3 2 3 2 5
4 3 1 5 1 2 4 3 3 5 5 4 3 1 1 2 1 1 4 1 3 3 5 3 3 2 1 3 1 2 4 1 2 1 2 4 5 5 0 1 5 5 4 2 5 1 1 3 5 4 2 4 4 4 3 2 4 4 1 1 5 3 2 4 5 3 5 5 5 4 4 5 1 4 2 2 3 5 4 5
3 2 1 1 4 5 3 2 4 5 3 2 4 5 2 5 1 2 5 2 4 5 4 3 3 4 2 4 1 2 4 1 5 5 5 2 3 4 5 0 4 1 2 3 2 1 3 5 1 1 1 5 5 2 3 3 1 3 5 2 1 2 2 2 3 3 4 1 5 2 5 4 5 1 4 2 3 2 3 4
2 5 1 1 2 3 1 1 5 2 5 5 3 5 4 4 1 1 2 4 1 4 2 3 2 3 4 1 5 5 2 5 4 4 5 4 1 4 4 5 0 1 2 5 3 3 4 3 1 4 2 4 4 1 4 5 2 1 1 4 1 3 1 1 2 3 5 2 1 4 5 2 5 3 1 1 3 5 1 2
4 1 3 2 4 1 3 5 1 3 5 1 4 4 1 1 5 3 4 1 5 1 1 2 2 4 5 3 2 3 2 1 3 1 3 2 5 2 4 2 3 0 5 2 5 1 5 2 4 2 2 3 2 3 1 4 4 4 4 2 5 4 2 1 4 1 4 4 5 1 3 2 1 5 3 3 4 2 5 4
2 2 5 3 3 5 2 1 3 4 1 2 4 4 3 4 4 1 2 2 5 5 3 1 1 4 3 2 2 3 3 2 2 2 4 4 4 1 4 4 3 1 0 5 5 4 5 2 5 3 1 2 4 2 1 3 3 5 4 1 4 3 1 2 4 1 3 3 3 5 3 5 5 5 1 4 4 2 1 4
5 1 2 3 2 1 5 1 3 5 4 1 4 5 3 1 5 2 4 1 2 3 5 2 1 3 3 1 1 1 5 1 2 1 2 3 3 4 1 1 2 4 3 0 4 4 1 1 1 1 5 2 2 5 2 3 1 2 5 1 1 4 2 5 2 1 3 3 1 3 5 3 5 5 5 4 4 5 1 4
1 4 2 3 4 4 3 2 4 5 2 5 3 3 4 4 5 5 2 4 5 4 5 5 3 3 2 4 4 4 3 4 5 5 3 4 2 3 5 2 5 5 2 1 0 2 2 2 1 5 3 1 1 5 1 2 5 1 2 2 4 2 3 1 2 4 2 1 5 1 2 3 5 4 2 1 4 4 4 4
4 2 2 2 2 3 1 5 2 5 3 5 1 2 1 3 4 5 4 3 4 4 4 5 5 2 2 5 3 4 3 3 3 3 3 2 2 3 1 1 2 4 4 5 2 0 3 2 2 5 4 1 3 5 5 4 5 5 4 5 2 3 2 3 4 5 5 3 3 5 4 2 4 5 5 5 2 1 5 5
1 1 2 1 5 1 1 3 2 1 3 1 1 1 5 2 1 3 5 4 2 5 4 3 5 3 4 3 3 3 2 1 4 4 2 3 2 1 5 3 2 2 2 4 2 2 0 4 4 2 3 2 2 5 2 1 2 2 4 1 3 3 3 2 1 1 3 5 3 2 3 1 2 4 2 4 4 4 5 1
2 2 3 4 2 1 4 3 4 1 5 1 1 1 3 4 3 3 4 3 3 1 1 5 5 1 1 3 4 2 3 4 3 4 3 5 1 2 3 5 2 2 3 4 2 2 5 0 4 5 3 1 3 1 3 3 2 1 2 5 2 2 3 3 2 3 4 4 1 2 4 5 2 5 5 4 3 4 4 3
2 2 1 5 1 2 3 1 4 3 5 4 4 2 1 1 4 3 2 4 2 1 4 1 3 1 3 3 1 4 1 1 3 5 1 4 3 4 3 3 1 2 5 3 3 3 4 3 0 4 2 4 5 2 5 1 5 2 4 1 2 3 4 1 3 2 3 1 2 3 4 1 1 4 4 3 1 3 3 2
5 2 3 1 1 1 5 4 3 1 3 5 2 2 3 2 5 3 4 1 4 1 3 4 2 2 1 2 3 2 3 2 4 4 1 4 2 4 1 2 5 1 4 3 3 1 2 1 2 0 1 4 1 5 1 3 3 2 3 3 5 4 3 1 3 4 5 1 4 1 4 4 5 4 4 5 4 4 1 1
4 1 2 1 1 5 1 2 5 2 4 5 5 3 4 3 4 2 5 5 1 4 2 5 4 5 2 3 1 2 2 4 1 5 5 2 2 5 3 2 4 2 5 2 4 3 2 5 2 5 0 5 5 1 1 1 2 4 1 4 5 2 4 4 2 1 2 1 2 1 1 5 1 2 4 2 4 1 1 1
4 2 4 1 5 3 3 3 4 1 3 5 1 2 2 1 5 4 2 5 4 4 3 4 4 2 3 1 3 3 3 1 2 4 2 5 3 5 2 4 2 3 1 4 2 2 4 2 1 4 5 0 3 2 2 5 5 4 1 3 3 2 3 4 3 5 3 2 3 3 3 1 4 2 2 4 3 4 3 5
3 2 1 2 3 5 4 4 5 2 4 1 2 5 4 1 2 2 1 2 2 5 5 1 2 1 3 1 4 4 5 3 2 4 1 4 5 4 3 1 5 4 3 2 2 2 5 5 4 3 1 4 0 1 3 4 1 1 2 4 2 1 1 2 1 2 1 5 3 2 5 2 1 5 3 1 1 2 2 5
4 5 5 3 4 3 2 1 2 2 4 1 4 4 2 2 4 1 1 2 3 3 5 4 2 5 1 5 4 5 4 3 5 5 4 2 3 5 5 1 5 4 1 5 4 2 2 1 3 2 5 2 3 0 5 4 4 5 1 3 3 1 3 3 4 1 4 2 3 4 4 1 2 4 2 4 2 3 4 2
4 4 5 1 4 5 5 1 5 1 4 4 1 2 3 1 4 4 5 1 2 3 4 1 3 5 1 2 5 4 3 4 4 5 1 1 3 4 5 5 4 4 3 4 3 3 5 3 3 2 4 1 1 1 0 1 1 5 1 2 3 1 5 3 5 2 3 1 1 4 1 2 5 2 5 3 1 2 3 5
2 5 5 4 3 3 2 3 1 1 1 2 2 1 2 5 3 2 5 5 4 2 2 3 2 5 1 5 1 3 4 5 1 2 3 5 1 3 2 3 2 3 2 2 2 1 5 4 5 2 4 3 3 2 1 0 2 2 4 1 2 1 1 2 4 2 2 2 2 3 2 5 1 4 4 3 2 5 5 5
2 5 2 1 5 4 5 5 3 2 1 1 1 5 1 1 5 4 2 2 1 4 3 4 5 4 5 2 4 5 5 2 4 4 5 4 2 4 3 1 4 4 2 1 1 1 3 2 3 1 1 5 5 4 2 3 0 2 4 5 5 1 5 4 3 2 1 4 4 4 2 3 1 1 4 5 5 5 3 5
4 4 1 5 1 2 3 5 5 4 2 4 1 5 2 1 5 1 1 2 4 1 5 1 5 5 5 5 5 2 2 4 5 1 1 4 4 4 5 2 3 1 3 2 2 3 2 4 2 2 2 2 1 5 1 3 2 0 5 5 3 1 2 4 2 5 5 3 4 4 5 2 2 2 2 3 1 5 1 5
4 1 1 1 4 2 4 1 4 4 5 3 1 2 5 2 2 2 4 1 4 5 5 5 3 4 2 1 4 1 4 1 4 1 2 3 1 5 5 1 3 5 5 1 4 4 3 2 5 1 1 5 2 1 5 4 5 4 0 3 5 2 5 5 4 5 4 5 2 1 3 2 1 5 3 3 5 4 1 1
5 1 5 1 3 1 3 4 4 1 2 4 1 3 5 1 2 4 3 2 1 4 4 5 4 4 4 1 1 3 4 2 3 1 5 2 5 4 4 4 3 1 5 5 4 4 4 1 5 5 5 1 4 1 4 2 2 2 5 0 4 5 3 4 2 4 3 2 3 2 2 2 1 5 1 2 4 2 4 3
5 2 1 3 3 2 4 4 1 3 3 4 5 4 3 5 2 4 5 2 2 5 5 3 5 5 4 1 4 1 5 4 3 4 2 4 1 1 1 3 5 1 2 1 5 5 2 4 5 4 3 5 4 3 4 3 5 3 5 1 0 1 4 2 4 2 4 2 4 2 4 1 2 2 1 3 5 5 1 1
2 3 3 1 5 1 2 2 1 5 4 1 1 1 3 3 3 4 3 1 3 5 1 1 2 2 1 3 2 2 4 3 5 3 4 1 2 2 4 4 1 2 4 5 4 3 2 1 5 5 3 5 2 1 5 5 3 2 3 3 2 0 3 5 3 1 1 2 2 5 3 5 5 1 2 3 4 3 5 5
2 4 1 1 2 5 1 2 1 2 3 5 4 1 5 1 3 4 3 5 2 5 3 5 2 4 5 3 1 2 1 3 5 1 4 5 2 1 5 4 5 5 5 3 5 3 4 2 4 3 5 1 2 5 3 3 4 2 3 2 4 5 0 4 3 1 2 3 4 3 1 5 3 4 5 4 5 2 1 5
1 5 1 2 2 4 4 4 2 4 1 5 2 5 1 4 3 4 5 5 3 4 2 4 2 5 1 1 4 2 5 4 4 5 4 5 5 3 3 2 4 3 3 2 5 3 3 4 2 5 4 1 3 1 5 1 4 4 2 3 2 3 5 0 3 2 3 3 1 3 1 3 5 4 2 2 2 5 3 3
4 2 1 2 4 4 4 2 5 5 4 5 4 5 1 3 2 5 3 3 1 5 2 1 2 4 1 4 4 2 3 1 1 1 4 4 4 2 4 3 2 2 3 2 5 1 3 5 3 4 3 2 2 4 1 3 2 4 3 1 1 1 1 3 0 1 2 1 2 2 5 2 2 4 3 1 1 4 2 1
1 5 4 5 3 3 5 5 5 3 2 5 3 5 4 3 3 4 2 5 5 4 2 2 3 5 4 3 2 1 1 2 1 1 1 1 1 1 5 5 1 1 2 1 3 5 4 2 2 2 5 3 4 5 1 2 4 1 2 1 5 5 2 5 1 0 5 1 2 3 4 2 2 3 5 4 3 1 1 3
3 3 4 5 4 3 5 4 1 2 5 4 2 1 4 1 2 5 4 1 5 3 2 2 3 4 5 5 2 2 1 4 3 1 4 2 1 2 1 1 1 1 4 3 5 5 5 4 3 1 4 4 1 5 3 5 5 5 4 3 1 3 5 3 5 4 0 2 1 1 2 4 1 3 5 2 1 4 2 2
4 5 4 5 4 5 2 3 1 3 5 1 3 4 4 3 3 4 4 5 3 1 1 1 3 4 1 4 2 4 4 3 3 1 3 4 5 5 1 1 2 2 2 2 5 1 4 2 4 1 4 5 5 4 2 2 4 1 4 2 3 3 4 5 3 3 2 0 4 2 4 3 1 2 2 2 2 5 3 2
1 3 3 1 4 2 3 2 1 2 5 2 5 3 2 1 3 5 5 4 5 3 1 5 2 3 4 4 3 3 2 4 5 3 5 4 5 1 2 3 3 2 4 1 4 2 1 3 5 5 5 5 3 4 3 2 5 4 1 5 2 2 3 3 1 4 2 2 0 5 4 5 1 2 3 2 1 5 4 1
1 4 4 5 3 2 5 1 4 1 1 5 5 4 1 5 2 2 5 2 5 3 5 3 3 5 3 4 3 3 2 2 5 3 4 2 1 1 4 1 5 1 3 4 1 5 1 4 2 5 3 4 1 3 1 4 1 1 1 5 4 2 5 1 5 2 5 5 1 0 5 4 3 2 1 5 2 2 2 4
5 3 4 5 2 3 2 5 1 2 3 3 4 2 1 5 5 4 3 5 5 4 2 2 1 5 1 4 1 2 1 4 4 2 2 5 2 2 3 3 4 2 2 4 1 2 2 4 5 5 1 1 5 1 1 1 4 1 3 5 4 4 5 3 1 1 1 5 2 1 0 1 1 2 2 4 3 4 1 2
5 2 3 4 3 5 2 2 3 1 5 5 5 5 2 1 1 1 4 1 2 5 3 5 5 2 5 4 4 1 4 2 5 4 3 5 4 1 4 4 2 4 1 2 1 1 5 5 5 3 4 4 5 5 5 4 4 1 5 2 4 3 5 2 2 3 5 3 1 5 3 0 2 1 5 2 3 1 3 1
5 2 5 1 3 3 3 1 3 2 4 2 3 5 4 1 3 5 3 1 3 2 1 2 4 3 3 2 2 4 3 4 5 5 1 2 1 5 2 2 4 4 3 2 3 2 3 1 5 5 1 4 5 1 5 4 3 3 4 5 1 3 4 1 4 2 3 3 3 4 1 4 0 4 4 1 2 1 4 4
2 1 5 4 2 1 2 2 4 3 3 3 3 1 3 5 1 4 1 2 5 4 2 3 4 4 2 4 4 2 1 2 1 1 2 5 2 5 2 3 4 1 3 5 3 2 4 4 1 4 2 1 4 4 4 2 5 2 1 4 4 5 1 3 4 2 5 1 1 4 3 2 4 0 2 5 2 1 2 1
5 5 5 4 2 1 2 2 2 5 1 3 3 4 3 5 5 3 4 3 2 5 2 5 1 2 3 3 2 1 4 3 3 1 4 3 4 1 3 3 3 4 1 5 2 2 5 4 1 4 4 3 4 1 5 2 3 1 2 2 5 3 1 2 1 3 4 2 1 5 1 3 2 3 0 1 4 5 3 1
1 1 4 3 5 5 5 1 2 5 2 4 5 3 1 4 3 5 2 5 1 5 5 5 3 2 2 5 4 5 2 1 4 4 2 4 2 2 5 3 3 2 2 3 4 4 3 3 5 5 1 1 5 1 2 3 5 2 2 4 2 2 4 1 4 1 3 5 4 5 2 2 4 5 3 0 3 2 1 2
3 2 4 4 1 2 5 2 1 5 1 5 1 5 5 3 3 2 3 4 3 3 4 4 4 2 2 2 2 3 4 2 5 3 1 2 3 3 3 4 5 3 5 4 5 2 4 5 1 2 4 2 5 4 1 2 1 2 5 4 2 4 5 4 4 2 1 4 4 5 4 4 1 3 2 5 0 3 1 2
1 2 2 1 4 1 1 4 3 5 2 3 1 3 2 2 4 1 1 1 5 1 1 5 2 2 3 5 2 3 3 1 1 1 3 3 4 2 3 2 2 1 1 3 2 5 3 4 3 4 3 1 3 5 3 5 5 2 1 3 1 2 3 3 2 3 4 5 2 2 1 2 1 5 5 2 2 0 4 4
5 1 4 1 3 2 1 4 1 1 1 1 3 4 3 2 2 2 5 4 4 5 3 3 4 3 4 1 1 1 5 2 3 5 3 4 1 2 3 1 5 2 4 4 1 1 5 5 2 3 2 1 5 2 3 4 1 2 2 3 2 2 4 5 2 4 4 2 5 4 2 5 4 2 4 4 2 4 0 4
3 1 3 5 4 1 1 3 2 1 4 2 2 5 4 5 1 4 5 5 3 4 3 4 5 1 5 2 3 2 4 5 1 3 3 1 2 4 5 2 3 4 1 3 2 2 4 2 4 3 2 2 5 1 5 1 2 5 5 4 5 4 5 2 4 2 1 2 2 4 1 3 4 3 5 2 4 2 5 0
59 48 44 36 30 48 7 55 45 8 51 42 42 37 62 35 56 16 54 71 62 13 76 37 8 3 22 49 23 67 15 21 62 31 39 33 47 24 60 24 33 62 39 1 27 10 46 5 65 29 44 36 11 51 20 42 34 62 20 33
27 24 39 30 15 66 21 44 4 61 25 36 6 2 67 63 2 42 29 56 26 57 7 80 34 5 27 62 2 16 34 59 48 9 43 26 70 28 28 26 43 75 53 30 59 27 64 10 21 10 1 78 58 60 9 8 68 79 44 54
45 73 62 23 24 50 51 42 18 60 29 8 80 76 43 71 55 27 44 52 28 11 26 59 43 38 25 10 61 40 35 38 29 14 48 17 51 35 70 80 13 33 2 64 42 49 29 23 31 80 17 32 79 18 4 74 44 27 52 27
24 43 72 21 56 74 66 41 49 39 55 33 46 51 44 16 69 3 2 37 61 20 23 48 28 47 19 63 20 44 75 24 69 57 47 80 33 42 9 73 45 37 5 6 16 56 78 55 78 36 24 51 76 78 62 80 54 26 18 52
72 34 41 74 23 2 25 8 12 7 43 2 66 35 60 55 13 43 28 22 20 64 52 42 36 16 58 26 29 1 43 25 65 33 36 2 80 75 45 57 54 11 64 17 10 50 23 65 48 25 66 40 49 57 45 73 40 48 76 47
43 15 12 69 74 32 18 56 30 32 18 74 73 54 7 75 49 63 62 57 33 67 78 46 80 35 74 40 68 14 27 76 14 22 4 32 38 70 48 34 78 24 24 47 11 75 69 15 66 21 76 41 59 59 74 77 58 73 28 31
80 59 25 67 43 40 35 2 39 29 53 40 39 31 77 24 46 70 79 13 22 17 69 14 1 77 2 24 67 76 39 33 76 50 52 64 42 34 3 60 4 42 3 57 39 57 74 43 51 49 25 2 28 5 17 67 30 25 32 78
5 12 37 7 62 61 4 69 58 28 76 41 40 50 22 9 7 76 41 68 80 22 59 9 33 64 66 43 56 71 53 51 71 3 59 27 13 22 66 33 57 9 79 32 21 53 35 45 75 23 50 49 42 32 1 63 1 72 31 48
60 58 35 48 54 35 6 5 2 13 16 29 56 77 15 64 12 48 61 11 7 44 43 68 44 33 10 28 43 63 9 1 54 46 25 34 60 78 71 47 5 56 41 45 68 36 57 18 41 64 69 24 53 70 68 48 75 40 42 64
79 35 69 27 21 21 72 21 23 64 48 48 53 71 33 70 27 72 58 64 34 9 41 67 15 49 5 39 58 12 72 23 32 10 74 54 30 29 36 76 36 64 48 39 15 29 42 9 67 72 62 27 7 77 66 72 70 21 71 28
8 46 71 59 58 59 77 78 1 54 23 25 57 68 34 4 48 24 59 58 60 34 25 24 67 26 31 64 66 52 13 58 39 75 8 23 11 48 24 65 11 16 11 33 29 15 24 12 46 66 49 15 44 62 32 51 77 52 54 65
64 62 14 75 18 77 34 51 21 22 32 70 4 47 74 52 23 15 16 33 54 55 37 25 64 74 23 7 1 35 23 53 23 80 17 18 76 30 8 31 35 65 47 23 62 20 3 13 30 65 33 54 54 44 70 1 17 11 39 61
32 4 18 66 2 1 78 59 17 57 9 56 27 49 19 48 65 50 5 9 63 18 61 12 69 62 7 58 35 5 14 31 11 64 34 69 6 32 51 77 47 58 54 37 34 55 62 67 69 69 65 1 66 20 13 58 47 44 38 14
73 63 16 52 11 41 67 11 51 11 6 21 37 78 64 25 54 44 57 69 45 27 50 10 31 58 78 4 7 73 54 45 75 79 76 29 8 55 62 56 73 76 18 71 64 18 4 52 35 7 20 73 73 34 27 27 69 66 77 44
50 30 4 18 39 80 15 70 46 49 30 6 19 1 2 67 59 28 34 5 56 16 80 29 5 43 80 74 27 74 32 71 77 39 45 22 58 18 74 23 67 67 59 67 43 71 19 7 3 73 75 14 26 71 46 69 74 3 23 49
66 65 28 10 77 9 13 7 68 3 80 59 70 5 68 22 66 66 72 19 75 5 3 6 45 28 61 16 18 69 68 26 28 59 66 48 54 67 39 52 26 55 32 16 79 3 41 46 53 12 8 65 4 8 23 78 24 67 78 39
48 60 17 32 73 71 71 61 52 67 1 10 15 44 61 76 30 49 25 32 79 48 38 38 74 72 69 70 39 57 1 54 21 2 80 15 65 2 29 27 76 32 27 70 20 42 32 35 64 4 58 28 47 24 77 56 3 12 9 41
70 31 6 44 65 20 40 17 27 72 64 35 9 73 26 13 41 58 17 66 25 26 36 16 59 71 60 5 64 34 46 61 37 43 68 12 61 57 26 1 53 23 51 14 28 2 79 71 58 9 79 45 13 2 51 50 36 55 79 66
69 70 54 60 64 63 12 36 74 18 72 65 49 12 75 18 9 46 9 65 78 40 33 75 30 14 62 13 50 51 31 79 6 18 46 16 78 21 69 59 75 71 33 10 41 51 30 28 25 2 77 10 69 31 35 70 4 35 11 12
49 37 59 42 42 5 8 39 56 41 37 64 64 36 36 77 6 4 6 55 10 53 48 11 57 27 73 15 54 17 21 12 2 34 55 36 4 60 30 2 80 26 45 65 1 12 54 1 39 59 26 52 72 4 21 28 5 41 33 17
29 6 5 15 19 24 42 66 6 51 0 14 47 70 25 6 42 1 51 60 4 61 5 72 2 51 56 35 65 18 60 11 3 60 28 52 39 36 12 75 64 57 61 58 70 60 0 16 18 19 15 38 51 50 75 39 16 64 26 29
9 20 1 9 12 62 23 47 41 6 0 79 26 16 46 58 11 12 63 1 70 56 72 44 14 75 26 32 26 2 44 34 47 21 26 0 57 11 55 39 48 31 63 72 0 62 0 72 12 42 2 69 9 55 0 52 0 0 4 59
38 50 40 55 9 16 19 31 54 59 0 76 32 21 3 46 29 0 66 0 32 39 55 50 73 52 43 54 48 38 16 20 0 37 50 0 31 0 73 0 24 36 74 75 0 61 0 63 76 71 0 35 50 16 0 57 0 0 0 2
34 14 13 14 0 0 74 24 13 80 0 19 45 60 0 3 36 0 67 0 51 47 77 31 70 36 21 72 17 70 64 0 0 51 53 0 41 0 7 0 20 80 22 46 0 52 0 17 11 48 0 9 80 14 0 75 0 0 0 67
4 75 57 46 0 0 38 0 43 0 0 24 5 46 0 40 31 0 21 0 16 21 0 26 66 66 0 57 49 46 61 0 0 67 0 0 50 0 34 0 66 5 44 27 0 70 0 49 8 28 0 79 22 41 0 68 0 0 0 74
63 56 7 77 0 0 20 0 11 0 0 68 44 43 0 32 67 0 35 0 69 3 0 22 40 12 0 73 42 26 19 0 0 72 0 0 32 0 0 0 40 14 7 31 0 11 0 0 26 0 0 0 37 61 0 0 0 0 0 38
16 47 0 64 0 0 73 0 8 0 0 0 0 0 0 43 0 0 4 0 0 74 0 4 78 56 0 44 37 59 76 0 0 38 0 0 0 0 0 0 50 8 69 9 0 54 0 0 16 0 0 0 67 25 0 0 0 0 0 18
17 0 0 73 0 0 50 0 59 0 0 0 0 0 0 27 0 0 74 0 0 35 0 3 24 50 0 19 59 0 0 0 0 16 0 0 0 0 0 0 79 48 73 0 0 24 0 0 0 0 0 0 78 0 0 0 0 0 0 0
40 0 0 0 0 0 46 0 37 0 0 0 0 0 0 36 0 0 0 0 0 54 0 0 54 0 0 59 57 0 0 0 0 65 0 0 0 0 0 0 7 60 0 0 0 35 0 0 0 0 0 0 0 0 0 0 0 0 0 0
53 0 0 0 0 0 33 0 0 0 0 0 0 0 0 47 0 0 0 0 0 0 0 0 0 0 0 0 0 0 0 0 0 0 0 0 0 0 0 0 0 45 0 0 0 0 0 0 0 0 0 0 0 0 0 0 0 0 0 0
0 0 0 0 0 0 0 0 0 0 0 0 0 0 0 0 0 0 0 0 0 0 0 0 0 0 0 0 0 0 0 0 0 0 0 0 0 0 0 0 0 0 0 0 0 0 0 0 0 0 0 0 0 0 0 0 0 0 0 0
0 0 0 0 0 0 0 0 0 0 0 0 0 0 0 0 0 0 0 0 0 0 0 0 0 0 0 0 0 0 0 0 0 0 0 0 0 0 0 0 0 0 0 0 0 0 0 0 0 0 0 0 0 0 0 0 0 0 0 0
0 0 0 0 0 0 0 0 0 0 0 0 0 0 0 0 0 0 0 0 0 0 0 0 0 0 0 0 0 0 0 0 0 0 0 0 0 0 0 0 0 0 0 0 0 0 0 0 0 0 0 0 0 0 0 0 0 0 0 0
0 0 0 0 0 0 0 0 0 0 0 0 0 0 0 0 0 0 0 0 0 0 0 0 0 0 0 0 0 0 0 0 0 0 0 0 0 0 0 0 0 0 0 0 0 0 0 0 0 0 0 0 0 0 0 0 0 0 0 0
0 0 0 0 0 0 0 0 0 0 0 0 0 0 0 0 0 0 0 0 0 0 0 0 0 0 0 0 0 0 0 0 0 0 0 0 0 0 0 0 0 0 0 0 0 0 0 0 0 0 0 0 0 0 0 0 0 0 0 0
0 0 0 0 0 0 0 0 0 0 0 0 0 0 0 0 0 0 0 0 0 0 0 0 0 0 0 0 0 0 0 0 0 0 0 0 0 0 0 0 0 0 0 0 0 0 0 0 0 0 0 0 0 0 0 0 0 0 0 0
0 0 0 0 0 0 0 0 0 0 0 0 0 0 0 0 0 0 0 0 0 0 0 0 0 0 0 0 0 0 0 0 0 0 0 0 0 0 0 0 0 0 0 0 0 0 0 0 0 0 0 0 0 0 0 0 0 0 0 0
0 0 0 0 0 0 0 0 0 0 0 0 0 0 0 0 0 0 0 0 0 0 0 0 0 0 0 0 0 0 0 0 0 0 0 0 0 0 0 0 0 0 0 0 0 0 0 0 0 0 0 0 0 0 0 0 0 0 0 0
0 0 0 0 0 0 0 0 0 0 0 0 0 0 0 0 0 0 0 0 0 0 0 0 0 0 0 0 0 0 0 0 0 0 0 0 0 0 0 0 0 0 0 0 0 0 0 0 0 0 0 0 0 0 0 0 0 0 0 0
0 0 0 0 0 0 0 0 0 0 0 0 0 0 0 0 0 0 0 0 0 0 0 0 0 0 0 0 0 0 0 0 0 0 0 0 0 0 0 0 0 0 0 0 0 0 0 0 0 0 0 0 0 0 0 0 0 0 0 0
0 0 0 0 0 0 0 0 0 0 0 0 0 0 0 0 0 0 0 0 0 0 0 0 0 0 0 0 0 0 0 0 0 0 0 0 0 0 0 0 0 0 0 0 0 0 0 0 0 0 0 0 0 0 0 0 0 0 0 0
0 0 0 0 0 0 0 0 0 0 0 0 0 0 0 0 0 0 0 0 0 0 0 0 0 0 0 0 0 0 0 0 0 0 0 0 0 0 0 0 0 0 0 0 0 0 0 0 0 0 0 0 0 0 0 0 0 0 0 0
0 0 0 0 0 0 0 0 0 0 0 0 0 0 0 0 0 0 0 0 0 0 0 0 0 0 0 0 0 0 0 0 0 0 0 0 0 0 0 0 0 0 0 0 0 0 0 0 0 0 0 0 0 0 0 0 0 0 0 0
0 0 0 0 0 0 0 0 0 0 0 0 0 0 0 0 0 0 0 0 0 0 0 0 0 0 0 0 0 0 0 0 0 0 0 0 0 0 0 0 0 0 0 0 0 0 0 0 0 0 0 0 0 0 0 0 0 0 0 0
0 0 0 0 0 0 0 0 0 0 0 0 0 0 0 0 0 0 0 0 0 0 0 0 0 0 0 0 0 0 0 0 0 0 0 0 0 0 0 0 0 0 0 0 0 0 0 0 0 0 0 0 0 0 0 0 0 0 0 0
0 0 0 0 0 0 0 0 0 0 0 0 0 0 0 0 0 0 0 0 0 0 0 0 0 0 0 0 0 0 0 0 0 0 0 0 0 0 0 0 0 0 0 0 0 0 0 0 0 0 0 0 0 0 0 0 0 0 0 0
0 0 0 0 0 0 0 0 0 0 0 0 0 0 0 0 0 0 0 0 0 0 0 0 0 0 0 0 0 0 0 0 0 0 0 0 0 0 0 0 0 0 0 0 0 0 0 0 0 0 0 0 0 0 0 0 0 0 0 0
0 0 0 0 0 0 0 0 0 0 0 0 0 0 0 0 0 0 0 0 0 0 0 0 0 0 0 0 0 0 0 0 0 0 0 0 0 0 0 0 0 0 0 0 0 0 0 0 0 0 0 0 0 0 0 0 0 0 0 0
0 0 0 0 0 0 0 0 0 0 0 0 0 0 0 0 0 0 0 0 0 0 0 0 0 0 0 0 0 0 0 0 0 0 0 0 0 0 0 0 0 0 0 0 0 0 0 0 0 0 0 0 0 0 0 0 0 0 0 0
0 0 0 0 0 0 0 0 0 0 0 0 0 0 0 0 0 0 0 0 0 0 0 0 0 0 0 0 0 0 0 0 0 0 0 0 0 0 0 0 0 0 0 0 0 0 0 0 0 0 0 0 0 0 0 0 0 0 0 0
