60 80 40 20 30
5
5
1
5
3
5
1
4
4
1
3
5
2
4
4
4
1
1
2
3
3
4
4
2
1
4
1
3
1
5
5
1
2
1
1
3
2
3
1
1
1
5
2
5
5
2
3
1
1
2
1
3
4
3
3
3
4
2
5
2
1
5
3
3
2
3
1
2
2
4
1
4
4
4
4
4
2
4
2
2
0 4 1 2 3 3 2 3 2 3 4 4 1 4 4 4 2 3 1 2 1 2 5 5 1 5 2 5 3 2 5 5 2 3 4 4 3 2 5 4 5 3 4 2 3 5 1 4 5 5 5 4 3 3 2 2 5 3 5 2 4 3 3 2 1 1 3 4 3 3 3 1 3 3 4 5 4 2 1 3
5 0 5 1 4 4 2 1 5 2 5 4 3 5 3 4 3 5 2 4 2 5 2 5 2 4 3 2 2 4 3 4 4 3 5 5 3 4 2 4 2 1 3 3 3 2 5 5 4 5 3 2 4 4 5 2 4 5 2 1 5 1 1 5 3 2 1 3 1 2 5 3 3 4 3 3 4 4 4 5
1 4 0 2 2 1 1 5 1 2 2 2 2 2 1 2 5 3 4 3 3 2 3 4 5 5 5 4 2 3 4 5 5 4 2 5 1 3 5 1 2 1 4 4 2 3 2 5 3 2 1 5 3 1 4 3 2 1 1 5 5 2 2 4 4 4 5 1 3 2 4 2 4 2 2 2 3 3 2 2
3 2 5 0 4 3 4 2 3 5 2 1 2 2 5 3 2 4 2 2 3 3 3 3 5 3 2 2 5 4 5 4 1 4 1 3 4 4 5 4 5 5 2 4 2 3 2 4 5 2 5 5 5 2 5 4 2 2 4 3 2 3 2 2 4 2 4 3 5 2 4 2 1 3 2 2 3 4 4 4
3 5 5 3 0 3 3 2 1 2 1 4 5 1 3 5 2 2 4 5 3 2 4 5 5 4 3 3 4 1 4 3 1 2 4 5 5 3 2 3 3 5 5 5 2 3 2 2 4 4 5 3 4 5 2 5 1 4 2 4 5 5 5 3 3 2 5 2 1 5 1 1 5 4 5 4 1 2 1 4
5 5 2 1 3 0 2 3 1 5 1 3 1 3 1 4 1 4 5 5 3 2 2 2 2 1 1 4 1 2 5 5 1 5 5 3 2 3 4 2 5 2 3 3 4 5 2 3 5 2 1 2 1 2 1 2 5 4 2 1 2 2 2 1 3 5 4 5 4 5 4 1 1 4 2 4 2 1 5 1
2 5 2 4 4 2 0 1 3 5 4 4 3 4 2 2 5 3 2 3 3 3 3 1 3 1 4 1 3 2 5 3 3 2 4 2 5 5 4 1 4 5 4 2 2 4 3 1 1 3 5 1 5 1 5 2 5 4 2 1 1 2 1 1 1 4 5 1 3 2 4 3 4 1 4 3 5 4 3 3
5 5 2 4 2 4 1 0 5 2 1 1 3 3 1 5 2 3 4 3 2 4 2 2 4 1 2 2 2 5 1 1 1 2 5 4 1 3 1 3 5 4 2 4 4 3 2 4 5 5 3 4 1 4 5 5 5 1 3 1 1 3 1 4 1 1 5 1 2 2 2 3 1 5 4 5 2 1 3 3
3 1 3 1 1 1 4 2 0 3 2 2 2 2 3 5 4 3 1 5 5 5 3 2 4 2 2 4 2 2 4 4 3 4 5 5 1 5 2 5 4 1 3 5 1 4 2 4 3 2 4 5 1 5 2 5 2 3 2 4 4 2 1 4 2 2 1 2 2 4 3 2 2 4 3 4 1 2 4 3
2 3 3 4 1 2 5 5 4 0 4 2 5 4 2 1 1 4 1 4 3 3 3 2 5 1 1 1 4 5 5 1 1 1 4 5 1 1 5 5 2 2 2 1 4 5 3 4 2 2 5 2 4 4 1 2 3 2 4 5 4 5 1 5 5 4 4 1 4 3 5 1 2 3 1 5 3 3 1 1
4 3 5 4 1 1 3 5 2 2 0 3 3 2 5 4 3 5 3 2 5 5 2 2 2 4 4 3 5 2 1 3 5 1 3 1 1 3 1 3 5 3 2 2 3 3 4 1 4 3 4 3 4 1 1 2 4 4 1 5 4 2 4 1 1 4 3 1 2 4 1 1 4 2 2 5 1 5 4 4
2 1 2 4 3 5 3 3 2 2 5 0 2 3 3 2 2 2 3 4 2 1 5 3 4 5 1 5 4 3 1 3 1 1 5 3 5 5 2 3 5 3 4 1 4 4 2 2 4 4 5 1 4 5 5 1 5 4 3 5 1 5 1 5 3 2 5 2 2 5 2 5 1 3 2 1 4 3 1 5
4 5 4 2 4 2 2 5 2 5 1 3 0 5 2 1 5 3 3 4 5 5 5 3 2 5 3 4 2 5 4 1 5 3 2 5 2 2 4 3 5 2 1 3 3 1 5 5 5 1 4 5 1 1 3 1 1 4 4 1 4 5 2 4 4 4 5 3 1 5 3 4 4 4 2 1 3 4 3 4
3 1 5 1 3 3 1 2 3 4 5 5 1 0 4 5 5 1 2 2 4 5 2 4 2 5 2 4 4 2 1 1 5 4 5 3 1 2 1 5 4 1 2 4 5 5 5 1 5 5 4 4 2 1 3 1 1 3 2 3 3 5 2 1 2 4 2 5 3 2 4 2 3 1 1 4 3 5 5 2
2 4 2 4 2 5 2 4 2 5 1 1 3 1 0 5 3 2 2 2 2 2 2 3 5 5 5 5 2 3 2 3 2 4 5 1 5 5 2 4 2 4 5 2 4 4 5 4 4 3 1 4 5 2 2 1 2 4 3 1 2 1 2 1 1 4 1 5 1 1 3 2 4 3 1 4 4 5 4 2
3 5 2 5 5 5 3 4 5 5 4 4 5 3 5 0 3 3 3 3 3 3 1 4 4 4 4 5 2 4 4 2 5 1 5 2 4 1 3 3 4 4 5 2 3 3 3 1 5 3 3 4 4 4 2 1 2 2 4 5 4 5 1 5 1 1 4 2 4 5 4 4 5 2 2 2 4 1 4 5
5 5 4 5 5 1 1 4 2 3 3 1 4 4 3 2 0 2 4 2 3 4 1 1 5 1 5 4 5 3 5 3 4 5 3 4 4 4 5 1 2 1 4 1 3 5 2 4 5 1 2 2 5 5 1 3 4 3 5 4 5 1 1 3 5 2 5 3 5 2 1 1 1 4 3 5 2 2 1 5
3 3 2 4 1 1 3 1 3 5 2 5 1 5 5 1 1 0 5 3 1 2 5 3 1 1 5 5 3 1 3 1 3 5 1 5 2 3 5 5 3 2 1 4 5 2 2 1 2 1 3 2 4 3 3 4 3 2 4 1 5 2 3 2 2 2 5 3 4 4 4 3 2 5 2 3 2 4 3 5
3 4 1 3 4 4 2 1 2 5 5 1 2 1 1 5 1 2 0 1 5 2 1 1 5 5 3 4 4 1 2 4 5 4 5 3 1 2 2 1 2 5 2 1 5 2 3 5 3 1 1 3 4 2 1 2 1 1 4 5 4 2 4 1 1 2 5 5 5 5 2 1 1 3 1 5 5 4 3 4
5 2 2 1 1 4 1 2 1 2 1 3 4 2 2 4 5 4 4 0 1 4 5 3 2 1 1 2 4 4 3 5 2 2 4 4 2 2 3 2 3 2 1 3 5 1 4 2 1 4 1 2 3 5 4 1 4 4 2 4 3 3 4 2 2 5 4 3 5 4 5 5 4 3 1 5 4 3 1 1
3 2 1 3 2 3 5 2 3 4 2 3 4 1 2 3 5 1 5 2 0 1 3 3 3 3 3 1 4 1 1 4 1 3 1 4 5 2 2 1 2 2 3 1 1 5 3 4 3 1 2 5 5 5 1 3 4 1 2 2 5 2 2 2 4 1 2 1 1 4 1 4 1 3 5 3 5 3 1 3
1 5 2 5 5 4 1 4 1 4 1 1 5 4 4 2 3 4 4 3 4 0 2 5 5 4 2 4 3 1 3 1 4 2 1 4 1 2 2 5 4 1 3 1 2 1 2 4 3 3 4 4 3 2 5 1 1 5 2 4 2 1 1 2 5 3 5 2 5 4 5 2 2 2 5 5 3 5 5 3
2 1 3 3 2 2 3 4 1 3 3 1 3 1 4 2 1 2 1 4 1 4 0 5 3 5 1 3 5 1 4 5 5 4 1 3 1 5 4 3 3 5 2 3 2 1 2 4 5 1 2 2 1 4 5 1 3 2 2 4 2 4 3 4 3 1 2 5 1 5 2 3 5 1 1 3 4 1 3 5
2 1 1 1 5 1 1 5 4 3 2 4 1 3 5 5 1 1 2 1 2 2 1 0 3 4 5 5 3 3 5 3 4 2 1 3 4 3 1 2 2 1 2 4 5 1 4 1 2 3 1 5 3 2 1 2 4 4 2 5 5 1 3 3 3 1 4 2 2 4 4 1 5 3 3 5 3 4 2 1
5 3 4 1 2 2 1 5 4 3 1 3 2 3 4 2 4 4 2 4 1 2 2 1 0 4 1 2 3 3 3 1 2 2 2 5 1 1 3 4 1 5 3 4 3 4 5 1 2 1 2 1 5 5 4 5 4 4 4 5 3 4 2 4 3 2 3 1 2 5 5 2 3 2 4 3 5 2 5 5
3 5 2 1 5 4 4 2 4 5 2 3 5 5 2 2 1 1 5 5 5 3 3 2 2 0 4 2 1 4 5 3 2 5 1 3 5 4 1 5 5 3 3 3 4 1 1 5 1 4 5 5 4 1 4 1 1 5 4 3 3 4 1 2 3 5 5 5 4 3 2 3 1 3 3 4 4 3 4 4
1 1 5 2 2 3 1 3 4 2 2 2 3 5 4 5 3 5 3 5 2 1 5 5 1 1 0 5 5 3 3 5 5 3 5 1 4 1 2 4 2 4 2 1 3 2 3 1 3 4 1 1 1 3 2 4 1 3 3 4 4 3 3 5 3 4 1 3 4 1 4 3 2 1 3 4 3 3 1 2
2 2 4 4 3 5 2 3 1 2 4 3 5 5 3 4 1 4 3 5 3 4 3 2 1 2 3 0 2 2 4 4 2 4 5 3 5 4 2 1 2 2 2 3 4 2 2 5 5 4 1 2 3 2 4 4 3 3 3 3 1 3 4 1 3 1 1 2 3 3 3 2 3 2 2 4 1 4 4 4
2 5 5 1 4 3 4 5 2 1 5 4 3 1 4 2 3 1 3 4 2 3 4 2 1 2 3 5 0 4 4 1 4 1 3 4 2 1 1 2 3 2 3 3 3 4 1 1 1 4 1 5 5 5 5 2 3 4 5 4 3 1 2 1 4 2 1 4 3 1 5 3 3 5 5 5 4 4 5 3
1 2 3 1 2 1 2 5 1 3 2 4 1 4 1 5 3 2 1 3 2 1 5 2 1 4 2 4 2 0 3 4 3 5 3 5 1 1 4 5 3 1 5 5 5 3 5 4 2 3 1 3 4 4 2 4 5 4 1 4 3 2 2 4 4 2 1 2 5 5 2 4 2 2 5 1 2 5 1 3
3 2 2 5 3 3 5 3 4 2 4 5 2 2 5 1 5 5 5 4 2 1 2 2 5 4 2 5 2 3 0 3 3 2 5 5 5 4 1 1 5 5 2 2 5 5 2 3 2 1 3 5 1 5 5 1 5 3 3 1 2 5 1 1 5 1 5 4 3 3 5 4 1 5 5 4 1 4 1 3
3 3 3 2 2 1 4 4 5 5 4 2 4 1 1 1 4 2 2 2 4 4 1 2 1 2 1 3 5 5 2 0 3 5 1 2 3 1 1 1 2 4 2 5 4 5 4 3 3 1 2 5 4 5 5 4 2 4 2 1 2 5 5 1 1 2 1 5 4 2 3 1 3 2 5 3 5 3 1 1
1 3 5 3 4 5 2 4 4 1 4 5 2 3 1 2 1 5 2 2 4 5 3 1 5 2 1 2 1 1 5 2 0 2 3 3 5 5 5 3 5 4 5 3 5 5 2 1 3 1 2 1 3 1 5 4 5 3 5 2 3 4 1 1 1 2 5 2 5 2 5 5 3 2 4 2 5 5 2 2
4 4 3 2 4 1 5 4 1 1 5 3 4 1 1 3 4 1 4 3 1 4 4 4 4 1 4 1 5 4 3 2 3 0 3 5 5 4 4 5 5 4 4 3 4 2 2 5 4 2 4 3 5 2 4 2 4 1 2 1 3 2 5 3 1 3 2 1 2 2 3 5 2 2 2 2 2 3 3 5
5 3 4 3 2 4 5 2 3 3 3 4 1 2 3 1 4 3 2 2 1 3 1 5 2 3 5 1 1 3 3 4 4 5 0 4 4 3 2 1 5 5 1 3 3 3 4 1 3 2 2 3 2 2 1 2 5 5 4 3 5 1 2 3 5 5 3 1 4 4 4 2 2 5 1 3 2 5 5 3
2 2 3 5 1 4 2 5 1 2 3 2 5 2 1 3 3 1 3 5 4 4 2 1 2 5 4 5 5 1 3 3 4 4 5 0 3 3 4 4 4 5 2 5 2 5 1 5 5 2 4 1 3 2 1 2 3 2 4 4 4 1 5 3 4 1 5 2 5 5 1 3 4 2 1 3 2 5 1 1
2 5 2 4 5 4 3 3 2 2 1 1 3 5 5 5 2 4 5 5 3 3 2 5 1 2 1 2 1 2 4 1 2 3 2 1 0 5 4 1 2 2 2 2 2 3 3 3 2 1 4 2 1 4 1 1 2 3 5 5 4 2 1 2 2 3 3 3 5 2 3 2 2 2 3 5 3 3 2 5
5 5 1 3 2 2 4 4 3 4 4 5 4 1 2 2 3 1 4 1 5 3 5 4 5 3 1 2 5 3 1 5 4 1 1 1 1 0 1 2 5 5 4 4 1 3 1 4 3 2 3 1 3 4 1 1 4 3 2 5 3 1 4 1 3 3 2 2 2 3 2 2 4 3 4 2 2 5 5 4
4 2 1 3 3 1 2 4 3 5 1 2 3 5 3 2 3 1 4 1 4 1 1 3 4 5 4 4 2 4 2 1 5 5 5 4 1 2 0 2 5 1 4 2 5 3 5 1 3 5 2 1 2 1 2 1 2 3 1 4 5 2 2 4 2 4 2 3 1 1 5 1 2 5 2 5 1 3 2 4
5 4 5 1 2 2 1 2 2 4 2 2 1 1 5 4 4 5 1 2 2 3 1 3 5 5 4 3 5 1 5 1 3 4 2 2 5 3 2 0 3 2 5 2 5 4 5 2 2 2 3 5 1 2 1 4 5 1 5 5 1 3 2 5 3 4 1 2 1 2 2 1 4 2 4 5 4 2 5 3
4 3 2 4 3 3 2 3 3 1 4 1 5 3 2 3 1 4 3 2 5 2 4 1 2 5 2 5 4 5 4 4 4 3 1 3 3 3 3 4 0 3 5 2 2 2 4 4 4 5 3 4 1 4 2 5 4 3 4 5 1 4 2 2 5 3 4 4 4 3 2 5 5 3 4 5 1 5 3 4
2 1 5 4 3 2 2 1 2 5 4 4 2 1 2 5 5 5 4 3 5 3 3 1 2 2 3 4 5 2 2 2 2 4 2 5 3 3 4 5 2 0 4 5 4 5 5 2 4 2 3 1 5 5 3 3 5 1 1 4 4 5 2 2 5 1 1 5 4 1 4 3 5 4 2 3 5 2 4 3
5 2 1 5 2 2 4 4 2 5 4 1 4 2 4 4 3 2 4 5 2 2 1 1 3 3 5 1 5 3 5 1 5 2 1 1 4 3 4 4 3 1 0 5 5 5 1 4 5 2 1 3 4 2 5 4 2 4 5 4 3 5 3 1 2 5 5 3 5 4 3 3 2 1 5 5 4 1 5 3
5 1 1 2 1 5 3 3 2 1 1 4 4 2 5 2 4 2 2 3 5 3 2 5 2 1 5 3 4 1 1 5 2 1 2 5 4 3 3 3 4 5 1 0 3 3 4 4 3 5 5 1 5 2 4 1 5 1 2 3 2 5 1 4 1 2 5 5 1 1 4 2 3 5 1 2 2 3 4 4
1 1 3 4 3 2 4 2 2 1 5 2 3 5 3 4 4 2 1 1 1 3 2 1 5 3 1 3 3 1 2 4 1 5 1 2 3 4 1 4 2 4 5 4 0 3 5 1 3 5 2 1 1 3 4 3 4 5 2 5 4 1 4 4 5 4 4 4 3 5 3 1 3 5 1 2 2 5 4 2
5 2 4 1 2 1 3 5 3 4 3 5 4 3 3 3 3 4 3 1 4 4 3 5 1 4 3 3 1 3 2 4 4 4 5 5 2 1 2 2 4 1 4 4 1 0 1 1 5 5 1 5 1 4 2 3 5 2 1 2 2 2 3 1 5 4 5 3 3 4 1 4 1 2 5 2 5 3 5 1
1 4 5 5 3 3 4 3 1 2 3 4 4 4 4 1 1 4 3 5 4 5 2 5 5 5 2 2 1 1 3 3 5 3 1 2 1 3 2 1 3 2 1 5 5 5 0 3 5 3 1 4 4 3 3 4 1 4 5 2 1 5 2 5 3 5 1 5 4 3 3 3 2 1 4 2 4 2 4 4
2 3 2 5 5 2 2 2 1 3 1 3 1 1 2 3 3 4 3 3 1 4 1 3 4 1 1 5 3 2 3 4 2 3 3 3 5 4 5 5 2 2 2 4 3 1 3 0 1 3 5 3 2 2 2 3 5 1 4 1 4 3 5 1 3 4 1 2 2 5 3 2 2 5 1 3 2 2 4 2
3 2 3 5 4 3 5 2 3 2 1 2 1 1 3 4 3 2 5 1 2 4 3 5 3 1 4 1 2 1 3 1 2 1 2 1 4 1 3 1 1 1 4 2 5 1 1 2 0 2 4 5 4 4 4 4 1 3 2 1 4 5 3 2 1 1 5 4 3 3 5 1 1 4 4 2 3 1 5 2
5 4 5 5 5 3 5 4 4 3 3 2 1 3 1 3 4 5 3 1 1 2 1 4 4 4 4 5 3 4 5 2 4 2 2 4 5 3 4 4 1 3 2 4 3 3 3 2 1 0 5 1 4 5 5 4 3 3 1 3 5 5 2 2 2 3 2 2 5 1 5 4 2 1 5 1 1 4 5 3
2 4 1 2 2 3 3 2 4 2 1 3 4 5 3 5 1 1 5 4 5 5 2 5 2 1 4 4 2 4 1 3 3 1 3 4 3 5 5 5 4 1 4 3 4 3 2 1 5 4 0 5 4 1 3 4 1 1 3 1 3 4 5 1 3 3 2 2 2 2 1 3 3 5 4 4 4 5 3 2
4 1 5 1 3 4 5 2 5 2 3 4 1 4 3 3 5 1 1 4 1 3 3 1 5 4 1 4 4 3 2 2 5 2 4 1 5 4 1 5 2 1 3 4 2 2 1 2 2 5 3 0 5 4 2 5 3 2 5 1 1 2 2 5 4 2 4 1 4 2 4 5 3 4 2 4 2 1 2 4
3 3 3 4 3 5 1 1 1 3 1 3 4 3 5 1 2 2 2 3 4 4 3 5 1 2 2 3 4 5 5 5 2 5 5 2 2 4 4 1 2 3 2 3 2 2 1 2 1 2 3 2 0 5 4 5 2 3 5 2 1 5 5 4 5 2 2 2 4 1 2 4 4 5 5 3 3 4 5 4
1 5 1 5 1 4 4 2 5 1 3 4 3 2 2 2 4 4 1 4 3 4 1 3 1 2 2 1 3 1 5 1 5 1 2 1 1 4 2 3 1 3 4 3 5 1 5 1 4 2 4 3 2 0 3 5 4 3 1 2 4 2 1 1 1 2 4 4 5 4 2 1 1 2 3 2 5 4 1 5
5 1 4 3 4 1 1 4 1 3 3 1 3 2 3 5 5 5 1 2 3 2 5 5 2 2 1 5 2 5 3 3 1 5 2 2 5 5 3 1 2 3 3 2 4 1 3 2 1 2 5 3 1 1 0 3 5 1 2 1 1 3 3 1 5 3 4 2 2 4 1 3 5 2 4 1 2 1 1 5
5 2 4 4 2 2 3 2 4 2 5 1 3 3 1 3 3 2 3 1 4 1 1 4 4 5 2 4 3 5 1 1 4 4 2 3 4 5 4 3 2 3 4 2 3 4 5 1 5 1 1 2 2 4 3 0 5 3 1 5 3 3 5 2 3 4 2 3 4 1 1 2 3 4 3 1 2 3 3 3
1 2 2 1 4 5 2 2 5 2 5 4 1 2 3 3 4 4 2 4 3 1 4 4 3 3 4 2 1 5 4 2 2 2 3 2 3 2 2 2 5 1 4 1 1 4 2 5 2 1 2 1 1 1 2 1 0 1 5 1 2 1 1 1 3 3 5 5 1 4 1 3 4 4 2 5 4 1 1 1
4 1 2 4 5 3 2 1 5 4 2 1 3 2 4 2 1 1 2 2 4 1 1 2 4 1 5 2 3 1 4 1 4 4 4 4 2 3 3 2 4 3 5 4 5 5 1 4 1 3 3 2 2 1 4 1 3 0 4 3 3 1 4 4 2 5 1 5 3 1 2 5 4 3 1 5 3 5 3 3
4 4 1 1 2 4 4 4 4 4 5 1 3 2 2 1 5 4 2 4 4 3 4 3 1 1 3 2 1 2 2 1 5 1 2 1 4 4 3 2 5 4 1 1 1 1 2 3 4 1 5 1 3 3 1 4 3 5 0 4 1 4 4 1 2 2 4 5 3 2 4 4 1 4 5 4 3 3 4 3
1 5 3 2 2 5 5 1 3 3 5 1 2 3 1 4 2 1 4 4 1 2 4 5 5 3 3 1 1 4 1 3 3 4 5 5 1 5 5 1 2 1 5 2 2 1 1 2 3 1 3 1 3 1 4 4 1 5 1 0 5 2 1 1 3 5 2 5 1 1 2 5 5 3 3 3 4 3 5 2
2 2 1 1 4 2 1 2 1 5 1 3 1 1 3 5 1 2 3 4 5 3 2 2 3 2 5 2 4 3 4 4 1 5 5 4 1 1 5 2 3 4 4 1 4 4 1 2 2 2 1 5 1 5 5 5 2 2 5 5 0 3 1 1 1 3 4 4 4 5 2 1 3 3 1 3 5 5 2 4
5 5 5 1 5 3 5 4 4 3 5 4 2 5 2 4 1 4 1 4 2 2 1 1 1 1 3 5 4 2 5 2 5 3 3 5 5 4 1 3 5 3 5 5 2 3 5 2 1 3 2 3 4 4 4 5 4 1 4 4 5 0 5 3 1 5 2 2 2 5 4 1 3 1 2 1 4 3 2 4
2 5 1 5 3 1 2 5 4 4 1 2 1 3 2 5 5 2 3 3 3 3 2 2 5 1 1 5 2 5 3 3 1 3 3 5 2 1 2 1 1 5 3 5 1 5 2 4 2 1 1 2 5 1 5 3 1 1 4 2 5 4 0 5 2 2 3 1 1 1 1 3 4 1 2 1 3 1 5 4
5 4 5 3 4 4 1 5 4 1 1 4 5 2 3 5 1 2 5 1 3 2 3 4 5 2 1 5 3 2 5 1 4 3 4 4 1 3 2 5 1 3 5 1 1 4 2 2 5 5 1 3 3 2 4 1 3 4 1 5 4 2 4 0 4 5 1 4 2 5 5 4 4 4 5 4 3 5 1 3
2 4 2 2 3 4 2 2 2 3 5 2 5 3 1 4 2 5 2 2 2 2 5 5 3 5 1 2 1 3 1 4 4 2 5 4 5 2 1 5 5 5 1 3 1 2 1 1 2 1 5 1 4 4 4 3 1 1 3 5 3 4 5 4 0 3 2 1 3 5 2 1 3 3 2 3 4 1 5 5
5 4 5 3 1 5 3 4 3 3 4 3 4 2 5 1 3 1 4 2 3 1 5 2 2 2 3 1 3 5 4 5 5 2 1 3 4 4 5 1 3 4 1 1 2 4 3 5 5 2 2 5 3 2 2 2 1 1 4 5 4 5 5 1 2 0 3 4 1 1 2 3 5 3 4 2 3 5 3 1
2 3 5 2 2 1 5 3 3 5 3 4 5 2 5 4 1 1 5 2 1 2 5 4 1 5 3 2 4 5 4 4 2 2 2 5 1 3 2 5 3 5 3 1 4 2 5 3 3 3 3 5 2 5 5 3 3 4 5 2 2 3 5 2 1 3 0 5 1 1 2 4 1 3 1 4 2 1 3 2
2 4 4 2 1 1 4 1 5 5 5 3 1 2 2 1 4 3 3 4 2 3 5 1 5 5 4 4 1 2 5 5 2 3 2 3 3 1 4 1 5 4 2 5 3 2 5 1 3 3 2 1 2 3 4 5 3 3 4 5 1 1 4 3 5 1 2 0 4 5 1 5 2 2 4 4 2 4 5 3
4 1 1 4 4 5 2 5 2 2 5 5 4 5 5 1 5 1 5 2 4 5 3 3 3 1 4 5 1 3 1 3 5 2 3 3 3 5 2 2 1 2 4 1 3 4 4 4 4 1 4 3 4 5 5 5 1 1 4 4 5 2 2 3 1 3 3 4 0 5 2 5 3 1 2 2 2 2 1 1
3 3 3 3 3 2 5 2 1 1 5 3 3 5 2 4 3 4 2 4 2 4 2 5 1 5 5 1 3 4 4 2 5 5 5 2 3 1 3 3 2 2 3 3 5 1 3 5 5 3 5 1 2 5 5 1 1 3 3 3 4 4 5 4 2 2 5 2 5 0 3 5 4 5 5 4 1 3 2 2
3 2 4 3 1 2 4 2 4 5 1 1 2 2 5 4 2 4 2 1 3 3 5 1 4 3 5 1 2 4 1 5 4 3 2 4 1 3 5 1 4 1 3 3 4 2 2 4 3 5 5 3 4 4 2 5 3 4 2 4 1 5 1 5 5 2 1 1 4 4 0 2 3 4 1 3 4 2 4 1
1 1 3 5 4 3 1 5 5 4 2 5 3 3 1 1 3 3 1 5 4 4 3 3 2 3 5 3 4 1 4 3 4 3 4 4 3 1 3 4 4 2 2 2 4 4 1 3 3 3 5 3 4 3 5 5 4 3 3 1 2 3 4 4 4 2 4 1 2 4 3 0 5 1 2 4 2 3 3 1
5 4 3 2 4 2 3 5 4 5 4 3 2 5 5 3 5 3 5 1 4 1 5 5 1 1 3 4 1 5 5 5 3 3 1 4 4 4 1 2 4 1 2 2 5 5 2 2 5 4 5 3 5 2 1 4 5 1 3 1 3 2 1 3 5 1 1 3 2 1 3 2 0 1 3 5 1 4 3 3
4 2 1 2 5 3 2 5 2 1 4 5 4 3 1 2 5 5 3 1 2 4 1 1 3 1 2 1 4 4 4 4 5 4 5 1 2 3 2 2 3 5 1 2 2 3 2 4 2 4 1 5 5 4 1 2 5 2 3 4 5 5 1 5 2 5 4 3 2 1 1 5 2 0 5 5 5 2 2 5
4 3 1 2 5 1 5 4 5 1 3 2 5 5 2 5 4 5 2 5 3 2 3 3 3 4 1 3 4 4 2 2 2 5 5 5 1 5 2 2 5 1 3 2 4 4 1 3 2 2 2 1 4 1 4 2 1 3 4 4 3 5 4 4 1 4 5 2 5 3 3 1 2 1 0 5 2 2 5 1
3 3 5 1 1 3 1 5 1 5 5 2 2 3 5 4 3 4 5 2 3 5 4 2 5 3 1 4 5 5 5 4 2 2 3 2 2 4 1 1 3 4 2 4 1 1 1 2 1 1 1 3 1 3 4 1 1 2 3 4 4 3 1 3 3 5 5 4 1 4 4 2 1 2 2 0 5 2 4 5
1 4 1 4 3 5 4 2 5 2 4 5 5 5 5 2 4 1 1 5 1 3 3 1 5 2 5 4 5 4 5 2 4 5 4 4 5 1 4 2 5 2 1 2 5 2 4 4 1 3 4 2 3 1 1 3 3 2 3 3 5 1 1 4 3 4 3 1 5 5 2 5 3 1 5 3 0 2 1 2
3 5 3 3 2 1 5 2 4 2 3 2 5 4 1 2 1 1 3 4 1 5 5 5 4 2 5 2 2 4 1 1 1 4 2 5 5 4 2 5 2 5 2 4 4 2 2 4 1 3 3 2 1 4 5 2 4 4 3 3 5 3 4 1 5 2 3 1 2 5 1 3 1 1 2 3 3 0 5 3
4 5 3 4 1 3 5 5 2 4 1 3 3 5 5 4 3 2 5 1 3 2 4 1 5 1 4 5 2 5 3 2 3 3 4 4 3 1 3 5 1 5 3 5 2 1 3 2 1 4 2 2 3 4 1 4 1 1 1 4 1 3 4 3 1 2 3 4 3 1 2 1 1 4 2 5 5 3 0 5
4 5 2 5 2 4 2 1 3 5 3 3 3 3 3 3 3 3 4 1 2 3 2 1 3 2 2 2 1 4 4 1 4 5 3 1 2 3 4 4 3 1 5 1 2 4 1 1 5 4 4 3 1 5 2 4 5 4 1 4 1 5 1 2 1 4 5 4 1 1 3 5 3 3 3 3 2 4 3 0
63 55 2 30 55 63 33 73 66 3 62 46 42 43 70 62 25 8 74 3 62 17 17 52 31 36 5 79 14 8 73 15 8 66 16 29 15 70 74 36 12 16 60 48 11 37 3 10 32 52 38 79 69 44 63 39 1 60 32 24
29 24 64 56 42 76 52 43 77 25 41 40 37 10 75 63 71 42 14 18 8 28 9 19 8 14 51 19 54 26 27 16 56 44 20 13 7 11 2 48 58 19 75 64 54 51 56 11 5 59 20 52 19 3 76 7 80 14 19 61
50 63 56 49 8 79 30 78 25 60 1 41 46 80 50 77 29 40 51 62 28 14 5 79 68 33 52 3 10 38 1 55 79 56 46 35 46 54 40 22 80 80 27 2 1 46 39 31 46 42 54 74 45 42 23 58 25 64 44 44
25 39 24 25 38 65 54 46 26 1 44 15 32 57 5 42 39 75 66 12 5 27 20 68 13 13 56 4 15 67 59 76 47 20 39 9 54 73 15 11 24 73 31 6 55 80 79 5 36 62 50 25 18 77 8 78 53 56 3 70
77 50 58 41 48 57 44 75 44 14 66 38 76 50 51 26 20 17 28 59 61 71 39 37 9 66 31 41 20 36 41 68 27 52 35 19 1 29 76 76 33 37 18 27 34 52 10 4 41 73 40 19 14 25 56 49 12 41 14 15
48 42 10 38 80 20 58 71 20 58 19 72 13 13 68 35 1 58 26 7 17 47 12 57 53 23 54 73 25 76 58 25 10 9 25 39 77 19 4 25 19 21 37 30 36 28 20 68 57 18 67 37 65 46 49 57 47 20 39 46
58 8 17 67 19 8 10 60 28 29 51 8 40 60 4 49 61 7 11 47 33 23 64 62 79 73 34 9 26 10 45 52 53 11 24 46 16 16 77 75 77 4 1 3 29 25 80 75 61 35 42 45 74 59 10 27 30 78 62 3
5 66 9 13 11 41 48 74 3 41 56 44 25 56 2 8 32 76 38 43 80 30 67 9 55 57 27 48 47 71 23 69 32 57 40 80 6 46 52 77 63 22 54 8 75 41 5 63 56 20 29 38 34 18 67 17 49 13 33 12
64 29 51 65 23 19 72 28 6 10 64 45 57 9 10 45 54 18 24 2 1 58 79 25 49 38 80 55 5 31 28 34 2 72 72 63 28 75 23 1 55 63 62 51 38 20 67 37 16 21 63 42 68 75 78 50 26 32 60 10
45 65 49 77 47 48 34 48 58 24 80 34 58 76 30 16 24 36 50 63 26 11 71 28 23 17 39 69 76 7 72 78 21 65 19 31 9 33 26 54 69 25 25 58 56 18 75 16 48 51 13 8 76 68 1 36 15 43 77 39
8 43 23 51 69 74 32 36 19 32 20 51 47 24 19 21 70 16 5 72 34 46 2 24 58 76 55 25 13 20 56 44 74 27 71 37 50 78 36 47 6 69 63 13 24 62 35 76 68 37 79 67 38 9 47 29 79 62 61 19
68 14 18 69 25 18 40 2 68 51 45 68 26 73 39 57 45 59 16 33 60 72 50 46 69 64 23 72 8 17 57 48 61 77 26 65 79 66 21 6 29 68 58 57 73 42 68 15 47 23 59 24 22 37 24 67 56 57 72 47
35 69 3 6 68 7 25 33 39 48 4 31 18 53 40 9 75 19 63 61 63 25 1 44 39 3 12 27 34 23 33 58 34 46 75 79 24 30 53 30 75 48 76 65 17 27 34 8 2 66 71 33 50 10 65 62 3 73 5 50
78 16 20 80 78 2 51 27 17 5 60 57 44 55 31 78 34 1 43 14 11 37 55 8 28 56 79 53 73 33 34 40 50 4 80 53 58 20 51 51 65 75 65 22 65 36 59 17 23 25 57 63 33 32 52 59 7 42 57 80
55 57 8 63 32 51 70 34 33 16 2 4 72 41 1 17 59 77 72 68 45 21 53 39 65 58 24 18 69 32 2 8 29 39 49 71 2 27 58 53 78 53 26 71 57 64 8 7 64 32 39 39 62 79 39 9 65 63 8 27
70 70 7 45 65 72 41 37 36 70 35 28 39 20 72 37 57 22 78 22 56 6 45 40 24 44 7 57 77 47 79 26 1 74 6 25 78 74 46 19 68 51 9 40 50 11 22 39 54 57 7 44 49 8 33 41 77 22 50 72
53 10 36 11 35 75 69 40 12 73 39 79 1 29 24 69 41 11 79 64 75 63 73 23 16 75 15 68 27 34 18 12 15 53 53 73 17 10 72 43 53 11 17 34 27 53 46 27 59 1 37 65 31 21 45 38 54 10 22 33
74 72 25 31 20 39 50 49 50 20 46 59 2 49 76 46 78 54 20 19 79 36 36 26 22 70 29 32 48 21 71 41 52 36 56 33 52 68 33 52 32 3 70 62 62 23 33 2 12 7 5 69 44 40 70 40 41 23 38 20
73 67 40 74 12 34 14 57 10 8 10 14 66 77 42 31 17 24 19 73 25 53 7 41 38 65 61 44 58 29 75 24 72 51 62 10 60 23 10 8 38 74 55 41 18 45 43 67 11 79 66 6 1 33 27 71 45 53 68 55
54 40 4 35 2 5 77 67 24 76 24 64 49 8 27 73 16 6 6 8 78 70 80 10 59 77 48 43 71 19 52 56 33 21 54 34 3 69 43 49 7 31 56 55 12 10 52 26 66 34 23 68 58 61 32 75 78 12 41 56
31 78 79 21 34 15 6 10 71 23 6 10 54 42 69 11 38 20 77 65 54 4 60 53 71 48 26 64 57 0 54 13 28 1 48 56 27 50 3 78 4 79 30 73 46 17 18 0 30 27 52 4 36 72 51 6 57 54 71 31
9 45 54 4 14 27 0 3 73 37 33 63 6 75 54 0 60 0 22 35 23 62 15 13 80 25 36 37 23 0 67 33 3 0 65 40 14 56 0 38 28 32 41 77 74 58 0 0 52 48 16 58 9 76 44 34 0 80 80 49
42 21 0 12 41 56 0 41 9 9 27 30 45 52 0 0 44 0 4 27 70 52 38 17 61 62 50 12 50 0 21 4 64 0 4 42 37 38 0 0 54 0 80 54 6 24 0 0 26 72 0 2 61 55 0 21 0 59 34 41
38 53 0 24 21 23 0 11 14 47 74 76 68 38 0 0 31 0 39 4 32 0 49 31 56 19 74 61 24 0 53 2 43 0 78 21 76 6 0 0 62 0 53 0 0 66 0 0 0 38 0 53 72 74 0 0 0 72 11 14
4 33 0 2 44 16 0 6 54 68 0 74 0 66 0 0 5 0 56 70 51 0 48 16 0 10 17 34 61 0 17 20 11 0 31 0 34 62 0 0 49 0 7 0 0 65 0 0 0 67 0 46 37 6 0 0 0 46 51 51
67 23 0 0 0 38 0 52 37 7 0 17 0 0 0 0 8 0 31 44 21 0 62 65 0 78 0 31 9 0 50 75 0 0 0 0 10 26 0 0 0 0 45 0 0 0 0 0 0 12 0 80 0 71 0 0 0 49 74 59
17 54 0 0 0 0 0 62 30 6 0 21 0 0 0 0 43 0 27 69 69 0 0 60 0 30 0 2 0 0 39 0 0 0 0 0 12 8 0 0 0 0 3 0 0 0 0 0 0 4 0 14 0 0 0 0 0 51 0 0
18 0 0 0 0 0 0 0 48 79 0 66 0 0 0 0 66 0 47 28 0 0 0 0 0 46 0 0 0 0 10 0 0 0 0 0 0 0 0 0 0 0 20 0 0 0 0 0 0 0 0 62 0 0 0 0 0 0 0 0
0 0 0 0 0 0 0 0 43 0 0 26 0 0 0 0 11 0 57 25 0 0 0 0 0 0 0 0 0 0 0 0 0 0 0 0 0 0 0 0 0 0 0 0 0 0 0 0 0 0 0 54 0 0 0 0 0 0 0 0
0 0 0 0 0 0 0 0 0 0 0 0 0 0 0 0 0 0 2 0 0 0 0 0 0 0 0 0 0 0 0 0 0 0 0 0 0 0 0 0 0 0 0 0 0 0 0 0 0 0 0 9 0 0 0 0 0 0 0 0
0 0 0 0 0 0 0 0 0 0 0 0 0 0 0 0 0 0 0 0 0 0 0 0 0 0 0 0 0 0 0 0 0 0 0 0 0 0 0 0 0 0 0 0 0 0 0 0 0 0 0 0 0 0 0 0 0 0 0 0
0 0 0 0 0 0 0 0 0 0 0 0 0 0 0 0 0 0 0 0 0 0 0 0 0 0 0 0 0 0 0 0 0 0 0 0 0 0 0 0 0 0 0 0 0 0 0 0 0 0 0 0 0 0 0 0 0 0 0 0
0 0 0 0 0 0 0 0 0 0 0 0 0 0 0 0 0 0 0 0 0 0 0 0 0 0 0 0 0 0 0 0 0 0 0 0 0 0 0 0 0 0 0 0 0 0 0 0 0 0 0 0 0 0 0 0 0 0 0 0
0 0 0 0 0 0 0 0 0 0 0 0 0 0 0 0 0 0 0 0 0 0 0 0 0 0 0 0 0 0 0 0 0 0 0 0 0 0 0 0 0 0 0 0 0 0 0 0 0 0 0 0 0 0 0 0 0 0 0 0
0 0 0 0 0 0 0 0 0 0 0 0 0 0 0 0 0 0 0 0 0 0 0 0 0 0 0 0 0 0 0 0 0 0 0 0 0 0 0 0 0 0 0 0 0 0 0 0 0 0 0 0 0 0 0 0 0 0 0 0
0 0 0 0 0 0 0 0 0 0 0 0 0 0 0 0 0 0 0 0 0 0 0 0 0 0 0 0 0 0 0 0 0 0 0 0 0 0 0 0 0 0 0 0 0 0 0 0 0 0 0 0 0 0 0 0 0 0 0 0
0 0 0 0 0 0 0 0 0 0 0 0 0 0 0 0 0 0 0 0 0 0 0 0 0 0 0 0 0 0 0 0 0 0 0 0 0 0 0 0 0 0 0 0 0 0 0 0 0 0 0 0 0 0 0 0 0 0 0 0
0 0 0 0 0 0 0 0 0 0 0 0 0 0 0 0 0 0 0 0 0 0 0 0 0 0 0 0 0 0 0 0 0 0 0 0 0 0 0 0 0 0 0 0 0 0 0 0 0 0 0 0 0 0 0 0 0 0 0 0
0 0 0 0 0 0 0 0 0 0 0 0 0 0 0 0 0 0 0 0 0 0 0 0 0 0 0 0 0 0 0 0 0 0 0 0 0 0 0 0 0 0 0 0 0 0 0 0 0 0 0 0 0 0 0 0 0 0 0 0
0 0 0 0 0 0 0 0 0 0 0 0 0 0 0 0 0 0 0 0 0 0 0 0 0 0 0 0 0 0 0 0 0 0 0 0 0 0 0 0 0 0 0 0 0 0 0 0 0 0 0 0 0 0 0 0 0 0 0 0
