60 80 40 20 30
5
2
3
5
4
1
1
4
1
1
2
1
5
4
5
1
3
3
5
2
5
1
3
2
2
1
5
3
4
3
1
1
1
3
2
2
3
5
5
3
1
1
5
2
5
5
4
4
3
4
4
1
5
4
4
2
5
5
1
5
3
5
1
1
1
4
1
4
4
4
1
3
3
2
2
3
4
5
1
5
0 5 4 5 3 1 5 4 5 3 2 4 5 1 2 4 4 3 1 3 5 4 4 5 3 4 4 1 2 1 1 5 4 4 2 3 2 3 1 5 4 5 2 2 4 1 2 5 3 5 5 3 3 4 5 3 1 3 5 1 2 1 1 1 2 5 4 5 1 3 1 3 5 3 2 3 3 1 4 1
2 0 2 2 3 5 4 1 4 2 3 2 2 2 2 2 5 1 3 5 5 3 3 2 3 2 3 2 5 3 1 4 3 1 1 5 5 4 1 2 5 1 3 4 5 4 5 2 5 1 4 1 3 5 2 3 3 4 3 4 4 4 5 5 1 4 1 5 4 5 5 4 3 4 4 4 2 1 2 1
5 3 0 1 3 4 3 5 1 1 2 1 1 5 5 2 3 2 5 3 3 3 4 5 2 4 4 5 3 4 4 4 4 4 5 1 5 2 3 4 1 1 4 2 4 3 3 5 2 3 2 1 2 3 1 2 5 3 3 3 2 3 3 4 2 4 2 2 3 2 3 3 1 2 5 3 5 4 4 5
5 3 3 0 2 4 3 4 4 3 5 3 5 3 2 2 4 3 3 5 5 2 2 5 3 4 1 3 1 1 2 5 1 4 1 1 2 2 4 4 1 2 5 3 3 2 2 2 1 1 4 4 4 1 2 4 4 4 2 3 5 1 4 4 3 1 2 2 2 2 5 3 1 3 3 1 2 4 2 3
5 4 5 5 0 5 3 5 2 5 2 5 4 3 2 4 2 4 1 1 3 5 2 5 2 4 5 5 1 1 3 2 3 1 3 5 3 3 4 3 1 2 4 2 1 3 2 3 1 4 2 4 2 3 1 1 4 3 2 2 3 4 5 2 5 5 1 1 5 5 5 1 5 4 4 2 5 3 4 1
1 4 2 1 4 0 2 1 3 4 5 4 2 4 3 2 5 5 3 2 4 5 4 1 3 1 5 1 1 5 5 3 4 4 2 3 5 2 3 1 1 3 3 2 2 2 4 5 5 5 3 5 3 2 5 5 3 3 5 2 2 3 3 3 1 1 3 5 3 2 4 4 5 1 5 4 2 3 1 2
3 3 4 2 4 3 0 2 5 4 5 2 1 4 2 3 3 5 2 2 1 3 3 5 1 2 1 4 2 2 4 2 1 1 4 1 1 4 5 3 3 3 4 2 5 1 2 3 2 1 5 4 1 4 2 3 1 2 2 3 4 1 5 1 4 3 1 2 1 3 4 3 1 5 3 3 4 3 3 1
1 1 1 4 5 5 5 0 1 5 3 2 5 5 5 4 4 4 4 5 5 3 1 4 2 2 4 4 1 5 3 1 1 4 2 5 4 2 2 2 3 3 2 4 2 3 1 5 1 5 4 4 3 4 5 5 1 1 1 3 1 4 5 2 4 2 1 5 1 5 2 4 5 1 4 5 5 5 2 1
4 3 1 3 4 3 1 4 0 5 4 3 2 1 5 4 4 1 1 4 2 5 1 2 2 2 2 3 1 5 2 3 2 4 1 1 5 2 5 2 2 2 5 1 5 3 2 5 4 5 2 1 5 3 1 4 3 3 1 2 4 1 2 4 1 2 4 3 5 3 1 4 5 2 3 4 2 2 3 4
1 4 1 5 4 1 5 1 3 0 3 5 4 3 4 1 5 5 1 2 3 4 5 3 5 2 5 5 5 1 5 5 1 4 4 1 1 3 3 4 5 3 5 5 4 4 4 4 3 1 5 5 5 3 4 1 1 5 4 4 3 4 4 5 4 2 4 2 3 3 3 5 1 2 2 5 1 5 3 1
4 3 4 1 3 4 1 3 4 5 0 4 4 3 4 2 1 2 5 3 1 3 3 5 3 3 4 1 2 2 2 3 2 1 2 1 4 3 2 3 4 1 5 1 5 5 3 2 3 5 4 1 2 5 2 5 1 4 1 4 5 5 2 5 3 5 5 1 1 4 5 4 4 4 3 2 4 5 3 5
5 2 1 2 4 1 4 1 1 5 4 0 2 4 5 3 1 3 2 5 4 3 1 4 1 3 5 2 1 4 5 1 5 4 4 2 4 3 5 5 3 5 4 4 3 5 2 4 4 2 4 3 2 3 1 1 5 2 5 5 1 3 1 5 3 1 3 5 1 1 4 1 4 3 3 3 5 2 5 3
1 3 3 3 4 3 4 4 4 1 2 3 0 2 3 4 2 3 1 1 4 5 4 1 1 3 2 1 4 1 1 2 3 2 4 2 2 3 4 3 4 2 2 1 5 1 1 4 3 5 1 2 5 2 4 3 1 2 1 5 1 2 4 4 5 1 1 3 5 2 3 2 4 4 4 1 3 3 3 4
2 4 4 5 4 4 1 2 3 2 3 2 4 0 1 5 1 1 5 1 1 2 1 4 1 5 3 5 3 4 2 1 5 1 5 4 4 2 4 1 3 2 1 1 5 3 2 2 2 1 4 2 3 5 5 1 2 5 4 3 1 5 5 5 5 3 5 4 3 2 3 5 1 4 1 1 4 3 5 1
4 1 1 3 4 2 5 1 3 1 1 3 4 3 0 3 1 5 1 4 1 2 1 5 5 4 2 3 2 4 5 5 5 3 5 2 5 3 5 4 1 5 5 3 2 3 4 2 2 4 1 5 3 2 2 4 1 3 3 4 2 3 5 4 1 4 1 5 3 4 3 2 5 2 3 1 4 1 1 1
2 1 3 5 5 2 1 5 5 1 4 5 5 4 1 0 2 1 2 3 1 5 1 3 2 5 1 2 5 4 2 4 2 3 1 1 5 2 3 3 5 5 3 3 1 3 5 3 1 4 2 1 2 3 3 3 3 2 3 1 1 3 5 1 1 5 2 3 5 5 3 2 4 3 3 4 5 2 1 3
2 5 5 1 4 3 1 2 2 1 5 3 3 5 5 5 0 2 3 3 2 2 2 5 3 3 4 3 2 1 4 1 2 3 2 4 1 2 1 5 1 2 1 2 5 2 4 3 3 5 2 3 2 4 1 2 1 3 3 5 3 2 4 5 1 2 3 1 5 3 4 3 5 1 2 3 5 4 1 2
5 3 3 5 2 2 4 3 5 2 5 3 3 3 2 2 5 0 5 1 5 4 3 4 3 4 2 3 1 2 5 5 1 4 3 5 2 4 1 3 1 2 2 4 2 5 2 3 3 4 1 4 1 2 4 3 4 5 3 2 2 5 3 4 5 5 1 5 5 2 5 2 4 3 4 5 1 3 5 2
1 1 4 1 5 5 5 5 5 4 5 2 3 2 5 3 1 1 0 5 4 5 1 4 4 3 3 1 5 5 1 2 3 4 1 1 4 3 5 2 5 5 1 2 4 1 3 5 2 3 3 3 3 1 1 5 3 1 4 1 1 4 2 2 2 1 3 1 3 3 2 4 3 2 2 4 2 4 4 5
1 1 5 2 4 4 5 4 5 1 4 5 3 1 3 4 2 1 4 0 3 1 3 4 5 4 5 5 1 3 5 4 3 5 4 5 4 1 5 4 2 1 4 2 1 1 5 1 2 5 4 2 3 1 5 2 3 5 1 2 3 2 4 5 5 2 4 1 5 3 2 1 5 5 5 1 2 2 5 3
5 3 5 3 3 5 2 4 4 4 5 2 4 1 4 1 1 5 4 1 0 2 3 3 4 3 5 1 2 1 4 5 5 4 1 3 5 3 3 3 4 2 4 2 3 5 3 3 3 1 4 4 4 4 5 3 2 5 2 3 5 5 3 2 2 3 3 2 5 5 4 3 5 2 4 4 1 3 3 3
3 5 2 5 3 1 3 3 1 5 1 2 3 1 1 3 4 1 1 1 3 0 2 4 4 1 1 2 5 3 5 5 3 2 4 1 1 3 2 1 1 4 5 1 4 5 2 2 5 2 1 1 2 4 2 3 5 2 5 2 5 4 3 4 5 5 1 1 3 5 2 5 1 5 2 4 2 1 1 4
4 1 3 2 4 1 1 1 3 3 2 3 4 1 4 4 2 3 5 1 2 4 0 2 3 5 5 2 2 3 3 4 4 3 5 3 5 5 1 4 4 4 4 1 5 3 1 4 4 1 5 2 3 3 3 4 2 1 4 1 3 2 5 4 3 4 2 5 5 1 5 2 3 5 2 4 4 3 5 4
1 4 1 3 2 3 1 5 1 3 3 3 2 1 1 2 2 2 3 3 4 3 1 0 2 5 2 4 1 2 1 4 1 5 5 2 3 1 3 5 1 4 1 3 1 5 4 5 5 5 4 4 5 3 4 2 2 3 2 3 3 2 5 4 5 2 2 2 1 2 2 1 2 5 2 5 4 1 5 1
1 2 3 2 1 5 2 3 3 5 1 3 4 1 1 4 2 3 3 2 4 2 2 2 0 1 4 3 3 5 2 1 3 4 4 3 2 3 1 1 2 2 1 4 1 1 3 3 4 3 1 5 4 1 5 3 2 4 3 4 4 5 2 4 1 1 5 1 2 4 3 4 1 4 5 1 1 4 3 5
5 5 5 1 1 5 3 5 3 2 5 2 4 4 4 2 3 4 2 3 3 5 4 2 4 0 3 2 2 2 5 3 2 5 3 1 5 5 3 4 3 5 2 2 1 5 1 1 3 1 3 1 1 3 2 1 4 2 3 5 5 1 3 4 3 5 5 2 3 5 1 5 1 2 1 3 2 4 4 4
1 4 3 4 4 4 1 5 3 3 3 1 5 2 3 2 3 3 3 5 1 4 2 2 1 2 0 4 1 1 5 4 2 3 5 5 3 2 5 2 5 2 3 2 1 4 3 3 2 1 1 3 5 4 2 5 3 3 2 1 5 2 2 1 5 4 5 3 1 5 2 2 5 5 3 2 5 2 2 5
3 2 1 2 4 1 5 5 1 5 5 2 5 2 4 5 3 1 3 3 2 4 1 2 2 1 4 0 2 3 5 2 1 4 3 2 4 1 2 3 5 4 1 5 5 2 5 5 1 1 1 1 2 1 4 3 1 2 2 4 2 2 3 5 3 5 5 2 4 2 5 5 4 3 5 5 2 2 1 2
4 4 3 2 5 4 5 2 5 3 3 5 5 1 1 3 1 3 2 1 2 2 2 3 4 3 5 5 0 4 2 4 5 4 1 3 2 4 4 2 2 1 3 2 4 4 3 4 4 1 2 3 2 4 1 4 4 1 4 4 2 5 5 5 4 5 3 5 4 2 2 4 2 4 1 4 3 1 4 2
4 5 3 3 4 5 4 4 4 2 2 5 5 1 5 3 5 4 1 4 4 1 2 4 2 4 3 4 2 0 4 4 1 2 4 1 5 3 1 1 1 2 1 3 4 2 3 1 5 3 1 5 5 4 4 1 5 1 3 3 5 5 1 5 3 5 3 2 1 1 1 2 1 1 2 2 5 3 4 3
4 1 1 4 5 1 1 2 2 5 1 4 2 5 4 5 2 4 4 1 5 2 4 4 3 2 2 1 4 3 0 1 1 2 2 3 5 5 3 1 2 1 3 4 5 2 4 2 5 4 3 4 3 5 5 5 2 2 1 4 5 5 3 2 4 4 4 4 4 3 4 5 1 3 4 1 1 5 2 3
5 3 1 5 4 4 2 4 2 2 5 1 1 3 2 1 4 1 1 4 3 2 3 5 2 1 4 5 3 3 3 0 4 1 3 4 3 2 5 4 3 3 4 1 3 4 5 3 4 5 3 5 3 3 4 3 5 5 3 2 4 3 2 5 4 3 3 2 4 5 5 2 2 4 5 1 3 1 3 2
4 1 2 1 3 2 3 4 4 1 1 2 4 2 3 1 5 3 4 4 2 1 2 4 2 5 4 3 4 3 1 1 0 4 2 5 3 5 1 4 1 4 5 1 4 3 1 4 3 4 2 4 2 3 5 2 4 4 3 4 3 4 3 2 4 3 3 1 5 4 2 5 4 1 3 2 3 5 2 1
5 5 3 5 3 3 2 5 4 2 5 4 4 1 3 2 5 2 1 1 5 2 4 4 5 1 1 3 2 5 1 3 3 0 4 1 3 4 2 4 5 2 1 3 5 1 4 5 3 4 4 1 5 2 1 5 5 5 3 3 1 1 4 5 2 1 4 5 1 3 5 2 2 2 1 3 1 4 2 1
5 2 5 2 5 5 2 1 1 5 3 1 3 2 1 4 5 5 5 3 2 3 3 1 1 4 5 1 2 2 5 4 2 2 0 5 3 4 5 3 1 2 3 2 1 3 5 3 2 3 4 3 2 2 2 1 2 1 4 2 5 2 1 4 5 5 4 4 4 2 4 3 4 4 3 3 3 4 3 2
4 3 2 2 3 3 3 4 3 3 2 2 5 3 4 1 2 1 4 1 3 4 5 4 1 4 3 4 2 5 4 5 5 1 1 0 3 5 4 2 2 4 3 1 5 1 3 3 4 2 1 4 5 5 5 1 5 3 5 1 4 2 5 2 3 2 1 5 4 3 1 3 3 1 3 1 1 2 3 5
5 3 5 5 3 5 1 3 5 3 1 3 2 2 5 1 3 3 2 1 3 1 4 4 5 1 3 3 2 4 1 5 2 5 3 3 0 5 3 1 4 5 2 5 5 1 1 2 1 2 2 5 4 1 3 5 2 5 2 1 4 2 4 1 3 3 5 5 1 2 2 5 3 1 2 5 5 4 1 1
1 4 2 1 1 5 2 4 4 2 1 3 2 3 1 2 5 1 3 3 2 4 1 2 5 1 2 5 5 4 3 2 4 3 2 3 3 0 4 1 2 4 3 5 2 4 1 2 5 4 1 5 1 1 1 1 3 3 5 4 4 2 3 5 2 2 4 2 2 5 1 5 2 2 1 1 1 2 2 3
1 2 3 3 2 4 1 5 3 4 1 5 2 2 5 1 5 3 3 1 4 5 3 2 4 1 4 3 3 3 1 5 4 4 2 4 5 2 0 3 1 5 4 1 4 1 1 5 4 4 1 5 2 3 3 4 2 3 4 4 5 4 4 1 5 1 5 1 1 5 4 4 3 3 1 4 2 2 3 2
1 3 4 5 2 4 1 1 2 5 1 1 3 5 3 2 1 1 1 4 3 2 5 1 1 1 3 4 5 4 1 2 2 5 2 2 1 1 4 0 5 1 4 3 4 4 4 5 5 2 2 2 4 1 2 1 1 3 4 1 3 2 5 4 5 1 5 4 3 5 1 4 5 2 1 3 1 5 4 2
4 4 5 4 1 4 1 3 3 3 4 2 1 4 3 3 1 4 3 1 2 3 1 5 4 4 4 3 2 2 5 3 5 5 5 2 5 4 1 5 0 5 1 2 1 2 2 2 4 4 5 2 1 4 3 2 3 1 5 5 5 3 1 4 2 1 2 5 5 3 4 4 2 2 3 3 2 2 2 2
4 4 4 4 4 3 4 4 2 3 5 1 4 4 2 5 1 5 5 1 1 1 3 1 3 4 1 1 2 1 5 3 3 5 2 1 5 4 3 2 5 0 5 2 4 4 1 1 4 3 2 2 3 2 4 1 3 1 3 3 3 5 3 1 5 2 5 2 1 3 4 2 1 5 3 3 3 3 4 3
2 1 2 4 5 4 3 3 5 5 4 5 3 4 2 2 5 4 5 2 5 2 1 4 3 1 5 1 1 3 1 1 5 5 5 1 2 1 1 5 1 5 0 3 1 4 4 4 1 2 5 1 3 4 2 1 1 3 5 2 3 4 3 4 3 5 3 1 4 4 2 4 3 4 3 1 2 4 1 1
5 1 4 3 4 5 5 5 2 2 5 4 5 3 3 3 2 2 4 5 4 1 4 2 2 5 3 4 1 2 3 4 2 1 1 3 3 2 5 1 3 2 4 0 3 2 3 2 1 2 1 4 3 5 5 4 4 5 1 1 3 2 5 3 5 1 3 5 1 4 3 3 5 2 5 1 3 5 5 5
4 3 3 2 1 2 5 2 3 2 3 5 2 4 1 5 3 1 3 3 4 3 3 2 5 4 1 2 5 5 2 1 3 1 1 2 4 5 3 4 4 1 3 3 0 3 5 5 2 5 2 5 1 2 2 1 5 1 1 3 3 4 3 2 3 1 2 2 1 5 2 3 5 4 4 3 3 4 5 4
4 1 5 2 4 4 5 1 4 1 4 2 3 5 5 3 2 2 1 3 4 4 5 1 1 4 1 5 2 5 5 1 4 3 1 4 5 4 1 3 2 5 5 1 3 0 1 3 4 2 4 3 5 2 4 3 5 3 1 5 1 5 5 3 1 1 4 2 4 2 4 2 3 5 4 5 3 3 5 5
2 2 3 2 1 3 2 3 3 5 5 1 3 5 1 3 3 2 3 1 5 5 3 1 2 4 4 3 5 1 2 3 4 5 1 4 5 2 1 4 5 2 2 2 4 4 0 2 2 2 5 2 5 1 1 5 1 1 4 2 1 1 1 1 4 5 3 5 3 4 2 1 5 5 5 3 4 3 3 1
4 1 1 1 2 2 4 4 2 2 5 5 2 3 2 5 2 3 1 1 1 2 5 2 1 4 5 5 3 5 1 3 5 3 1 5 2 2 3 5 4 3 5 5 1 5 5 0 3 1 4 5 1 3 4 3 1 5 2 3 5 3 5 3 5 3 5 4 1 1 1 1 3 3 2 3 4 5 3 5
3 4 1 3 4 1 3 1 4 5 4 4 1 5 1 1 1 4 4 4 5 5 2 2 4 2 3 5 1 1 4 4 3 2 5 2 3 4 4 3 1 1 2 4 2 3 5 5 0 1 2 1 3 5 5 5 3 2 4 3 5 3 1 4 3 2 4 5 5 2 3 5 3 2 2 4 1 2 5 2
3 2 5 2 4 3 3 4 2 4 1 5 5 4 3 3 1 3 3 1 5 5 3 4 5 2 4 1 5 5 2 5 2 5 5 3 1 2 5 5 1 2 5 5 1 5 5 3 4 0 5 4 5 5 3 4 4 3 4 3 5 1 5 4 4 5 3 3 1 4 2 1 3 1 1 1 4 2 1 2
5 3 2 3 2 4 5 4 3 1 3 3 2 3 3 2 4 5 4 5 3 4 4 3 3 4 1 2 5 2 1 4 2 2 1 1 5 5 4 5 5 5 4 4 2 4 3 3 5 2 0 1 5 1 5 4 4 4 4 3 2 2 3 5 5 5 1 5 4 4 4 3 4 4 2 1 4 1 1 3
3 5 2 3 4 4 3 3 5 4 5 1 2 4 1 1 3 4 5 5 2 1 5 2 1 3 3 4 1 3 1 4 1 5 4 2 3 4 5 2 5 5 3 5 5 5 5 1 3 3 1 0 3 2 4 3 4 3 3 3 4 2 2 5 4 2 4 5 3 2 1 3 2 5 5 3 5 1 2 2
2 1 5 2 5 3 5 4 3 3 1 5 3 2 2 1 3 4 2 2 5 3 4 5 1 2 4 5 3 3 2 2 4 1 4 1 3 4 2 5 5 5 1 1 4 1 3 2 3 5 4 1 0 4 4 3 2 5 4 1 1 2 4 3 2 2 2 1 3 3 5 5 1 1 2 5 1 1 4 3
2 1 1 1 1 1 2 2 2 4 2 1 1 1 4 4 1 4 3 3 3 2 2 4 5 4 3 5 4 1 4 4 4 3 2 1 4 3 2 3 2 3 2 5 1 2 1 1 3 4 2 5 2 0 5 1 1 4 4 2 1 4 4 2 5 1 5 2 2 1 4 2 3 1 4 3 3 1 1 1
3 3 1 3 2 3 2 4 1 3 4 3 2 5 1 4 3 2 5 1 2 2 2 4 5 3 2 2 2 2 1 2 4 2 4 4 1 4 4 5 2 3 3 1 3 1 2 5 2 4 2 4 3 5 0 2 4 4 1 3 2 5 2 2 4 3 5 1 5 2 2 3 2 5 5 3 4 2 1 4
4 2 5 5 3 5 1 2 5 1 1 3 5 3 5 1 4 5 3 3 1 2 1 3 4 4 1 5 4 4 5 5 3 5 5 3 1 2 4 3 1 4 3 4 2 4 5 1 3 3 1 1 4 5 1 0 5 2 1 1 2 1 3 3 1 3 5 5 4 2 4 5 4 1 4 3 1 4 2 2
5 5 4 5 1 5 4 3 2 2 5 5 4 4 1 1 3 4 1 4 1 4 4 5 3 3 3 2 2 2 1 4 5 2 2 1 3 5 4 4 1 3 4 4 2 3 2 4 5 2 4 3 3 4 3 2 0 3 1 5 4 4 3 2 2 1 3 2 4 5 5 5 3 5 3 4 1 3 4 2
2 2 1 3 1 2 5 3 1 5 2 2 4 3 1 2 3 5 2 1 5 1 2 5 2 5 4 4 4 1 1 5 5 3 1 2 3 4 1 2 2 1 2 5 5 4 3 3 1 1 2 1 2 3 1 2 1 0 2 3 5 4 1 1 1 3 3 5 3 4 4 5 3 1 4 3 3 4 2 5
2 5 2 4 5 1 5 5 4 2 2 1 5 1 2 5 1 3 4 4 4 1 4 1 1 5 3 2 3 2 3 3 4 3 3 5 5 2 3 2 3 2 3 4 4 3 4 2 1 4 2 1 2 5 1 3 3 5 0 1 1 5 5 5 5 5 2 4 4 1 3 3 4 5 2 3 4 5 4 3
2 4 3 4 3 2 3 3 1 5 4 5 4 2 3 2 5 4 3 3 1 1 5 4 4 1 4 2 4 3 2 3 5 4 1 5 1 5 1 5 1 3 4 5 4 3 4 1 3 2 3 3 2 5 2 4 2 5 2 0 1 1 2 1 2 1 5 3 2 3 5 3 3 3 1 1 3 5 5 1
4 1 5 2 4 1 5 4 1 1 2 2 5 3 5 3 4 3 4 4 1 4 4 4 5 5 4 4 5 2 2 3 3 3 2 5 2 3 2 2 1 2 3 3 5 1 4 4 4 5 1 5 4 3 3 4 5 1 2 5 0 5 1 1 1 5 1 4 5 3 4 3 4 4 1 5 3 5 2 4
2 4 2 5 2 2 3 1 1 2 1 2 1 3 1 2 3 1 2 4 2 1 5 2 1 2 5 4 5 4 4 4 1 3 3 2 3 1 5 2 5 2 4 4 2 4 3 4 4 4 4 2 4 1 2 3 3 2 1 2 5 0 1 2 1 3 5 4 5 4 3 1 4 3 4 5 5 5 1 3
5 4 5 2 5 5 1 5 2 3 2 2 1 1 2 5 3 4 5 4 3 4 3 2 4 3 5 5 1 3 4 3 4 5 2 2 4 4 2 4 1 2 5 1 4 4 3 5 5 3 3 1 3 1 3 3 3 3 4 2 3 1 0 5 1 2 3 2 3 1 2 3 5 5 2 2 5 3 3 2
4 1 1 4 1 1 5 5 2 2 3 5 3 4 2 1 3 2 3 1 2 2 5 3 2 3 4 2 3 4 1 1 1 4 4 3 3 2 2 4 3 1 5 2 5 3 3 5 5 1 1 1 4 2 4 1 4 4 2 2 1 2 2 0 5 3 3 5 3 1 3 2 3 3 5 2 2 1 5 5
1 4 2 3 5 2 4 2 4 2 5 3 4 3 5 2 5 5 3 2 3 1 4 3 5 4 3 4 1 5 3 3 3 3 3 2 5 5 1 3 3 5 4 1 4 1 4 5 5 5 2 5 2 2 5 4 3 3 2 2 2 1 4 5 0 5 3 4 1 4 5 4 5 4 5 4 5 1 1 1
4 2 3 2 5 2 1 1 5 4 3 4 5 2 4 5 4 4 1 3 1 4 5 4 5 4 1 2 3 4 4 1 1 2 4 5 2 4 1 4 3 4 3 4 2 3 3 1 3 4 4 5 4 2 3 4 5 2 3 2 1 4 3 4 1 0 3 2 3 5 2 3 5 2 4 2 4 1 5 2
3 3 5 5 1 3 3 4 3 5 2 2 5 1 5 2 3 4 4 2 4 3 1 1 5 4 3 1 4 2 3 5 2 2 5 4 5 4 4 2 1 1 5 4 1 5 1 2 5 5 3 5 1 4 2 1 3 1 3 3 1 3 5 1 3 1 0 2 4 2 3 2 5 1 3 2 4 2 2 2
5 5 2 3 1 5 2 3 4 4 3 4 2 2 3 5 5 5 5 4 1 1 2 2 3 2 1 5 5 2 1 4 2 5 5 2 1 3 1 4 2 1 1 2 5 1 4 1 3 2 5 3 4 3 5 5 4 1 3 3 5 4 5 4 2 2 4 0 5 4 4 5 4 3 3 4 2 4 3 1
5 3 4 1 1 1 3 1 2 1 2 3 4 5 3 5 2 4 4 2 4 5 4 2 4 1 4 4 2 4 2 3 3 4 1 2 1 5 1 4 5 1 4 1 5 4 5 4 4 1 2 1 1 5 4 2 3 1 4 2 2 2 5 2 5 3 3 4 0 5 3 5 3 5 1 2 1 5 4 1
3 2 1 3 1 4 1 1 5 3 2 1 2 4 3 3 5 3 1 5 3 5 4 4 3 4 3 4 1 5 5 1 4 4 4 5 4 3 5 1 1 3 2 4 3 5 2 4 5 3 4 3 2 5 3 4 5 5 1 3 5 3 2 4 1 1 4 5 5 0 2 1 3 3 4 1 3 5 5 4
5 2 5 5 5 4 5 3 5 4 5 4 5 5 1 4 1 5 2 4 4 5 3 3 3 2 1 5 2 3 5 3 2 4 5 3 4 3 3 2 4 5 1 3 1 1 3 2 2 4 2 2 2 2 3 1 3 2 2 3 4 2 2 3 4 2 1 1 4 5 0 2 3 3 1 4 4 5 1 4
5 3 2 4 5 5 4 5 3 1 1 2 5 3 4 3 2 4 1 2 3 5 3 5 1 1 4 3 1 3 5 2 5 2 4 4 5 5 2 1 2 1 2 1 1 3 4 4 5 5 1 1 4 3 3 5 3 5 4 3 5 2 4 5 4 4 4 5 2 1 1 0 2 4 1 4 5 3 4 1
5 3 1 5 3 1 3 5 4 2 2 4 3 3 3 4 1 5 5 4 4 5 3 2 5 3 3 4 4 4 3 1 1 1 5 3 2 4 1 2 5 4 1 5 2 1 2 1 3 1 1 4 4 4 4 3 2 5 5 4 5 3 5 1 3 1 1 5 3 2 2 2 0 4 2 3 5 4 5 3
3 2 3 3 2 3 2 3 4 1 5 5 1 3 4 2 3 2 5 3 1 4 1 3 2 1 5 5 3 3 1 1 1 3 3 4 1 2 5 3 1 2 2 5 4 1 3 2 4 1 3 1 2 4 3 3 3 1 1 4 1 5 4 5 1 5 2 5 4 5 2 4 2 0 4 2 5 5 3 5
3 2 3 2 4 4 4 2 2 1 2 3 3 3 2 1 1 3 5 3 5 3 2 2 2 2 2 1 5 4 5 5 4 4 3 5 2 1 4 2 2 5 5 1 4 5 4 1 4 4 3 5 2 4 2 2 1 4 1 3 5 4 5 3 5 3 1 3 4 4 4 2 5 3 0 3 2 2 1 4
4 1 1 1 1 3 4 3 5 3 4 1 1 4 4 5 3 4 4 5 3 2 2 3 4 2 1 2 5 3 1 5 3 1 1 2 5 2 3 3 4 3 3 4 1 4 4 1 2 2 4 4 4 5 5 5 5 3 5 3 5 1 4 5 1 1 3 2 2 5 4 3 5 2 5 0 1 4 1 2
3 5 3 1 4 2 5 4 3 5 4 1 2 5 5 3 1 4 3 3 4 5 3 2 4 5 3 1 3 2 1 1 3 4 4 3 4 3 2 2 2 1 3 5 3 5 4 1 5 1 5 5 5 5 4 3 1 2 5 4 4 5 5 5 5 4 3 1 4 2 1 1 4 1 1 1 0 1 5 5
3 3 2 5 2 3 1 3 1 3 4 4 2 2 3 5 2 5 2 5 5 4 3 3 3 5 2 1 4 4 4 1 2 3 1 2 3 2 4 2 3 4 4 1 1 5 4 3 1 3 1 1 4 5 1 1 1 2 1 3 2 4 4 4 5 2 1 5 4 4 5 5 4 2 4 4 1 0 4 4
1 3 2 1 1 4 1 1 2 5 4 1 1 2 5 1 1 5 3 4 1 5 3 5 1 5 4 4 5 3 2 3 2 5 4 4 5 2 4 4 1 4 2 2 3 1 5 1 3 3 1 4 1 1 3 1 1 3 1 4 1 3 5 2 1 2 3 4 4 4 5 1 3 1 1 3 5 3 0 5
4 2 3 3 1 5 5 3 3 4 1 2 4 4 2 4 1 2 1 4 1 2 1 4 3 4 3 5 3 5 5 2 2 5 5 2 3 1 3 2 5 5 2 1 4 4 2 5 5 4 2 2 2 3 1 5 5 1 3 3 2 4 4 2 5 1 5 3 1 3 5 1 5 2 4 2 5 3 4 0
63 59 6 19 47 61 32 32 23 23 75 5 54 53 51 50 73 23 62 78 59 14 13 27 43 7 15 11 35 62 57 9 25 31 70 52 58 28 54 17 26 45 68 10 46 10 78 14 42 21 47 11 74 12 45 14 70 18 24 50
29 27 49 46 34 75 49 50 71 26 43 52 36 12 77 51 27 22 39 64 19 65 2 30 51 53 20 14 17 32 3 44 42 52 57 62 77 32 49 30 29 64 74 22 53 52 22 28 29 64 79 35 23 78 55 6 21 41 66 73
50 67 45 39 29 78 29 75 24 52 40 47 57 75 40 78 22 45 51 53 16 12 16 40 5 4 30 7 72 40 77 69 76 9 73 55 61 39 64 67 40 41 40 8 59 39 2 23 46 32 24 60 4 63 74 65 74 50 45 25
25 42 67 28 9 63 51 53 10 4 56 17 59 1 59 11 72 2 9 50 58 24 39 38 75 51 57 39 16 38 42 5 35 19 58 53 52 45 17 59 75 47 69 76 54 49 71 6 60 23 33 38 72 71 20 49 65 33 75 24
77 54 19 57 40 55 42 61 44 32 19 10 42 66 2 36 47 33 32 38 25 61 11 34 6 34 19 53 9 8 38 41 8 24 75 46 23 40 42 26 44 28 45 77 73 74 51 53 4 45 23 34 9 14 54 35 50 12 15 71
48 45 46 24 73 3 54 47 74 20 27 44 22 59 60 3 8 6 71 34 17 42 72 37 11 79 39 46 30 54 11 60 40 78 77 28 7 70 23 47 13 8 5 73 13 23 57 38 33 72 34 17 26 40 5 61 17 19 47 66
58 9 13 55 1 38 10 72 42 21 59 78 8 20 75 71 40 64 47 27 80 20 75 60 14 24 60 42 37 60 63 31 59 7 10 19 47 58 60 36 31 54 32 18 60 75 46 30 18 42 29 79 77 33 73 15 55 8 3 62
5 70 12 67 39 14 46 6 13 28 15 25 52 69 33 42 65 60 40 54 26 27 38 52 16 8 69 12 6 20 56 71 15 54 60 48 25 38 65 80 15 4 35 56 35 25 18 29 2 13 69 59 70 74 57 17 58 65 12 53
64 32 18 59 33 46 68 55 37 16 23 13 9 21 10 10 14 69 70 62 57 51 79 47 36 43 52 70 32 21 41 47 66 72 67 36 54 11 29 63 22 73 22 59 2 17 58 46 51 53 62 25 10 37 32 55 19 48 10 37
45 69 42 20 79 73 33 42 47 68 65 51 76 65 4 4 62 74 67 70 50 9 54 44 78 30 22 64 22 57 9 72 54 65 40 17 8 72 1 71 67 59 58 48 38 61 6 74 40 39 46 51 24 69 10 25 52 22 40 67
8 46 74 71 60 10 31 39 11 57 69 34 62 25 12 79 45 8 68 74 60 41 7 46 59 71 65 13 46 34 16 27 46 43 35 61 68 18 32 76 59 38 60 33 23 78 10 36 72 60 65 16 15 60 66 40 72 63 19 60
68 16 76 10 71 23 38 2 33 73 61 32 60 48 19 16 43 71 5 59 52 62 60 29 34 42 33 76 47 61 5 28 5 68 7 6 44 49 45 64 32 75 38 50 49 42 26 76 6 37 45 52 44 28 36 57 67 78 49 78
35 73 62 78 25 49 24 10 20 41 77 57 51 61 36 20 12 7 66 7 7 22 47 49 71 54 55 60 65 73 61 1 37 13 31 34 14 9 71 20 72 79 2 45 36 34 28 67 22 22 72 53 39 38 19 80 28 55 53 38
78 18 11 80 57 35 48 33 16 45 52 74 3 32 14 47 3 30 18 55 74 33 53 75 42 22 75 48 79 13 55 73 19 42 76 8 30 23 68 40 54 5 76 61 37 62 60 34 74 33 70 65 7 35 2 79 31 74 64 23
55 61 1 64 75 71 66 43 61 24 39 1 48 79 28 67 64 12 19 12 79 18 58 71 67 48 51 72 75 19 75 21 7 20 6 63 80 54 21 79 77 72 14 32 70 16 19 47 12 55 15 64 61 56 12 21 30 24 28 80
70 75 20 13 36 74 39 46 63 50 1 37 14 35 49 63 46 53 33 1 47 5 36 3 74 76 42 73 68 27 58 20 39 73 65 56 46 34 19 44 39 39 8 27 32 54 64 12 80 44 1 48 50 59 50 64 73 43 77 27
53 12 24 1 10 15 65 57 50 61 24 63 58 62 39 23 17 5 3 63 78 55 69 14 12 18 54 67 48 10 51 10 53 60 1 44 45 4 63 73 16 16 6 11 50 12 9 39 14 25 32 76 66 8 75 9 41 61 34 41
74 26 22 14 26 2 47 68 29 33 29 36 27 64 79 32 71 49 28 21 24 32 66 63 72 38 24 9 45 30 74 36 80 39 21 58 53 63 5 70 57 13 53 21 1 77 72 18 53 8 53 49 20 23 56 2 60 30 20 64
73 71 31 41 11 30 14 80 54 30 60 18 10 40 48 55 28 47 2 15 69 47 51 64 44 72 44 41 31 37 36 59 26 35 17 26 67 25 39 75 71 31 79 4 45 44 50 45 15 77 22 46 60 66 43 53 63 16 59 14
54 43 4 73 3 18 72 40 43 49 73 65 35 52 15 40 30 66 59 18 13 60 4 45 58 70 8 37 42 44 65 68 20 59 30 47 20 33 22 16 34 74 78 69 72 13 3 42 34 2 60 73 3 68 65 78 62 46 60 68
31 58 34 53 15 54 6 11 59 3 32 46 70 58 63 27 25 78 72 35 40 74 0 19 29 63 0 58 13 80 34 12 48 79 49 49 72 36 69 23 76 27 21 16 34 35 11 44 17 20 0 30 0 79 52 36 6 26 32 28
9 48 10 35 13 13 76 0 27 7 17 40 0 6 76 58 52 52 78 61 11 64 0 66 22 60 0 80 54 29 29 45 32 61 0 68 66 55 2 51 3 0 63 3 29 26 5 41 66 47 0 75 0 45 23 62 20 42 52 49
42 24 59 31 23 11 0 0 36 18 8 70 0 22 11 12 21 46 24 60 67 46 0 0 48 75 0 65 3 79 37 0 68 15 0 3 69 66 27 43 80 0 34 38 61 1 0 8 59 5 0 0 0 72 0 71 51 70 42 59
38 57 64 0 61 34 0 0 5 79 45 50 0 51 0 17 57 11 0 25 0 54 0 0 9 9 0 17 1 25 23 0 24 30 0 5 5 26 67 62 0 0 0 39 22 68 0 78 0 35 0 0 0 53 0 12 69 47 14 55
4 36 7 0 0 0 0 0 8 29 21 69 0 10 0 62 7 34 0 56 0 25 0 0 30 77 0 10 36 36 40 0 62 21 0 11 51 75 56 46 0 0 0 0 12 36 0 59 0 63 0 0 0 46 0 27 0 80 54 51
67 0 44 0 0 0 0 0 0 38 50 28 0 7 0 30 15 51 0 5 0 3 0 0 70 62 0 40 44 14 17 0 21 37 0 1 12 79 0 25 0 0 0 0 5 76 0 0 0 80 0 0 0 54 0 0 0 76 0 42
17 0 23 0 0 0 0 0 0 31 55 72 0 80 0 74 58 9 0 52 0 0 0 0 0 33 0 52 66 6 25 0 1 55 0 0 60 0 0 19 0 0 0 0 14 0 0 0 0 57 0 0 0 41 0 0 0 64 0 0
18 0 8 0 0 0 0 0 0 10 9 79 0 0 0 61 0 19 0 20 0 0 0 0 0 37 0 63 76 35 70 0 11 23 0 0 64 0 0 0 0 0 0 0 30 0 0 0 0 0 0 0 0 67 0 0 0 7 0 0
0 0 40 0 0 0 0 0 0 0 25 22 0 0 0 39 0 0 0 11 0 0 0 0 0 0 0 26 14 39 43 0 58 0 0 0 26 0 0 0 0 0 0 0 66 0 0 0 0 0 0 0 0 30 0 0 0 56 0 0
0 0 0 0 0 0 0 0 0 0 3 23 0 0 0 0 0 0 0 0 0 0 0 0 0 0 0 0 27 28 0 0 75 0 0 0 29 0 0 0 0 0 0 0 7 0 0 0 0 0 0 0 0 0 0 0 0 73 0 0
0 0 0 0 0 0 0 0 0 0 0 0 0 0 0 0 0 0 0 0 0 0 0 0 0 0 0 0 0 0 0 0 0 0 0 0 0 0 0 0 0 0 0 0 0 0 0 0 0 0 0 0 0 0 0 0 0 0 0 0
0 0 0 0 0 0 0 0 0 0 0 0 0 0 0 0 0 0 0 0 0 0 0 0 0 0 0 0 0 0 0 0 0 0 0 0 0 0 0 0 0 0 0 0 0 0 0 0 0 0 0 0 0 0 0 0 0 0 0 0
0 0 0 0 0 0 0 0 0 0 0 0 0 0 0 0 0 0 0 0 0 0 0 0 0 0 0 0 0 0 0 0 0 0 0 0 0 0 0 0 0 0 0 0 0 0 0 0 0 0 0 0 0 0 0 0 0 0 0 0
0 0 0 0 0 0 0 0 0 0 0 0 0 0 0 0 0 0 0 0 0 0 0 0 0 0 0 0 0 0 0 0 0 0 0 0 0 0 0 0 0 0 0 0 0 0 0 0 0 0 0 0 0 0 0 0 0 0 0 0
0 0 0 0 0 0 0 0 0 0 0 0 0 0 0 0 0 0 0 0 0 0 0 0 0 0 0 0 0 0 0 0 0 0 0 0 0 0 0 0 0 0 0 0 0 0 0 0 0 0 0 0 0 0 0 0 0 0 0 0
0 0 0 0 0 0 0 0 0 0 0 0 0 0 0 0 0 0 0 0 0 0 0 0 0 0 0 0 0 0 0 0 0 0 0 0 0 0 0 0 0 0 0 0 0 0 0 0 0 0 0 0 0 0 0 0 0 0 0 0
0 0 0 0 0 0 0 0 0 0 0 0 0 0 0 0 0 0 0 0 0 0 0 0 0 0 0 0 0 0 0 0 0 0 0 0 0 0 0 0 0 0 0 0 0 0 0 0 0 0 0 0 0 0 0 0 0 0 0 0
0 0 0 0 0 0 0 0 0 0 0 0 0 0 0 0 0 0 0 0 0 0 0 0 0 0 0 0 0 0 0 0 0 0 0 0 0 0 0 0 0 0 0 0 0 0 0 0 0 0 0 0 0 0 0 0 0 0 0 0
0 0 0 0 0 0 0 0 0 0 0 0 0 0 0 0 0 0 0 0 0 0 0 0 0 0 0 0 0 0 0 0 0 0 0 0 0 0 0 0 0 0 0 0 0 0 0 0 0 0 0 0 0 0 0 0 0 0 0 0
0 0 0 0 0 0 0 0 0 0 0 0 0 0 0 0 0 0 0 0 0 0 0 0 0 0 0 0 0 0 0 0 0 0 0 0 0 0 0 0 0 0 0 0 0 0 0 0 0 0 0 0 0 0 0 0 0 0 0 0
