60 80 30 20 30
1
5
3
3
2
4
5
3
3
1
2
4
1
5
3
5
4
4
3
1
4
1
2
1
2
4
2
4
5
4
5
1
2
1
1
5
3
4
2
1
5
3
1
2
5
3
1
5
2
1
1
1
3
2
2
2
3
2
5
3
1
4
5
5
3
1
1
1
4
5
1
1
5
1
5
3
5
1
3
4
0 4 2 4 4 4 2 2 5 1 3 4 2 3 3 4 1 2 5 5 3 4 1 5 1 3 4 4 1 4 1 2 4 3 2 4 5 2 2 2 1 3 3 2 3 5 4 3 3 3 2 5 2 4 1 2 3 1 5 2 4 3 1 1 4 1 4 4 1 1 5 1 1 3 3 5 5 3 4 4
3 0 5 3 1 1 4 4 3 4 3 5 2 1 3 2 4 2 5 3 2 2 1 2 1 2 1 4 2 3 2 4 5 2 5 2 5 4 1 1 3 5 2 3 5 2 1 1 2 3 1 2 5 2 1 4 4 2 3 2 4 5 2 4 4 4 3 1 5 1 2 1 1 2 1 1 5 3 2 2
2 3 0 5 2 4 5 2 2 4 4 5 4 5 5 4 1 1 5 2 1 3 3 2 2 3 4 1 4 3 2 3 5 4 3 3 1 2 5 2 1 2 5 2 4 4 2 3 3 5 2 1 3 5 5 4 2 2 5 3 4 5 2 3 2 5 5 2 3 1 4 4 4 5 5 2 3 1 2 4
3 2 1 0 2 2 1 5 2 5 5 2 3 4 2 4 1 3 4 3 4 4 4 1 5 2 4 4 4 3 5 1 1 3 1 5 1 4 3 2 5 2 5 1 4 1 1 4 1 2 5 5 1 5 3 4 5 2 1 4 3 3 4 3 3 2 1 4 4 3 2 3 1 3 3 5 2 1 3 1
2 3 1 4 0 5 4 2 3 5 2 1 4 2 5 1 5 3 3 3 3 4 3 1 3 3 3 2 1 4 4 2 2 4 2 5 5 5 4 5 3 4 2 1 5 3 3 5 1 5 5 5 2 2 3 1 5 3 2 3 2 2 1 2 4 1 3 4 3 3 2 3 1 3 4 2 5 3 3 5
1 1 5 4 5 0 5 1 4 5 4 1 5 5 1 3 4 4 2 3 1 4 1 4 1 5 3 2 3 5 1 2 4 3 3 4 5 4 2 2 3 5 2 4 1 1 3 1 1 2 1 5 5 2 4 4 2 3 5 4 4 2 3 1 1 5 4 4 4 3 4 4 2 3 5 1 3 5 3 3
3 1 3 5 2 4 0 2 4 5 2 4 4 2 5 3 4 2 1 2 3 2 3 1 1 2 5 2 2 1 1 2 3 4 2 5 1 2 3 4 1 4 2 3 3 3 5 1 2 1 3 1 2 2 5 3 1 2 5 3 2 5 1 4 4 5 1 2 3 1 4 2 4 3 1 4 5 2 1 5
5 3 2 4 5 1 5 0 2 2 5 5 1 4 2 1 2 3 5 2 4 1 2 3 3 4 4 3 5 1 1 2 5 3 1 3 1 4 1 4 1 1 3 2 5 5 1 1 2 3 1 5 2 3 5 2 1 3 3 2 5 4 4 3 1 2 3 3 3 1 5 1 4 5 4 1 1 3 3 4
2 1 4 4 4 4 2 4 0 2 2 3 4 5 2 5 3 3 1 1 5 2 4 4 3 5 1 3 3 4 1 4 3 5 5 5 2 4 1 2 1 5 2 4 3 1 5 1 3 5 5 4 2 1 1 5 4 1 2 3 3 5 3 4 1 3 5 2 2 1 2 1 1 5 1 4 4 4 4 3
1 3 3 1 3 1 5 2 2 0 2 3 2 3 2 5 4 3 4 1 2 3 2 3 4 3 3 3 5 1 3 1 5 3 3 2 4 4 2 1 4 5 4 5 1 3 2 3 3 4 2 2 3 3 1 2 1 1 2 2 1 1 1 2 4 3 3 1 3 3 4 2 4 2 3 4 2 5 4 4
2 4 2 4 1 3 5 2 2 3 0 1 1 2 5 5 5 3 3 2 2 3 4 1 1 4 2 2 1 3 3 3 2 1 1 1 1 4 2 3 3 1 1 3 1 4 2 2 3 1 2 3 3 1 3 1 2 4 5 4 4 3 1 5 4 5 5 3 2 5 5 5 2 5 5 1 2 2 2 5
2 3 3 2 4 5 4 5 5 3 4 0 2 3 2 5 1 2 5 2 1 1 3 2 5 3 4 1 1 5 2 1 3 2 3 5 3 3 4 3 5 5 2 2 3 4 3 3 5 2 4 1 5 1 4 5 5 2 3 4 1 2 1 3 3 1 3 3 4 5 3 1 5 5 4 2 3 1 2 1
5 3 5 2 2 5 4 4 1 1 3 3 0 2 4 3 4 2 1 5 4 4 5 1 1 5 3 1 3 2 2 5 4 4 2 5 2 5 1 1 2 3 4 2 4 5 2 1 5 1 2 1 5 1 3 4 1 5 2 1 5 1 4 2 4 5 4 2 1 3 5 2 1 3 3 1 5 5 1 2
3 1 2 3 2 2 1 2 5 5 2 1 2 0 3 4 5 3 3 3 4 3 2 5 4 3 2 4 2 1 2 3 3 5 3 1 1 4 3 1 5 2 3 5 3 3 3 2 5 1 1 3 1 4 3 4 4 2 5 1 5 3 2 2 4 4 2 3 1 3 3 3 5 4 4 5 4 3 2 3
4 3 4 3 2 5 3 4 5 3 2 1 3 2 0 3 5 2 3 2 3 1 3 2 1 4 2 3 5 5 2 3 3 4 1 2 3 3 3 3 1 2 1 4 2 5 5 4 2 5 3 3 1 2 4 5 4 2 3 5 2 4 3 3 2 1 4 3 2 1 2 3 4 1 1 1 5 4 1 4
3 3 2 2 5 1 3 2 3 2 1 5 2 4 5 0 1 3 2 1 5 4 3 5 3 1 5 5 4 4 3 2 4 4 3 5 2 4 3 2 4 5 4 5 1 1 3 3 4 1 4 5 5 2 1 2 5 3 2 4 4 5 3 1 3 1 5 2 4 5 3 4 5 4 1 2 4 4 1 3
5 5 5 1 3 4 4 1 1 5 5 1 1 1 4 4 0 3 4 2 2 4 5 1 5 5 2 2 1 1 4 3 3 5 2 4 1 1 4 1 4 1 1 1 5 4 5 4 2 4 3 5 1 4 4 3 4 1 3 2 4 5 4 2 3 4 2 2 5 1 1 4 5 5 4 5 3 4 4 2
2 1 4 3 2 1 1 3 3 5 2 4 5 3 3 3 4 0 5 2 4 3 5 5 5 2 3 3 1 5 1 2 4 3 4 1 1 1 1 5 1 5 4 4 4 2 4 3 1 4 2 2 5 1 5 2 3 4 4 2 4 2 2 5 1 3 1 2 1 5 4 4 1 4 4 4 1 2 2 2
2 5 5 4 3 5 5 2 2 4 1 2 3 3 3 1 2 1 0 5 5 4 2 1 1 1 1 3 3 3 3 3 2 2 5 1 1 5 4 4 2 5 1 4 1 1 4 4 5 5 2 3 4 5 5 5 4 1 1 5 5 3 2 2 2 1 4 2 2 5 4 2 3 5 2 1 5 3 5 1
5 4 5 5 4 1 5 3 3 1 2 2 4 1 4 5 3 4 1 0 3 4 4 5 2 4 3 2 5 5 3 4 1 2 3 3 1 5 5 2 2 1 4 2 2 3 5 1 1 5 4 5 2 1 5 3 3 4 1 2 3 2 4 2 4 4 5 1 1 3 3 2 5 2 1 5 4 5 4 1
5 2 1 1 3 5 4 4 1 3 5 5 1 2 1 3 3 2 2 2 0 1 1 5 2 2 5 1 4 4 4 1 1 3 2 1 2 1 1 4 3 5 4 2 5 4 2 2 3 1 5 4 4 5 2 1 1 2 3 1 5 3 2 2 3 2 4 3 5 1 3 5 2 1 2 4 3 4 2 2
2 2 5 5 1 5 5 3 4 2 5 2 2 1 3 3 3 5 1 3 1 0 3 4 3 5 3 1 4 3 1 4 5 4 5 4 4 1 5 5 1 4 2 1 4 3 5 4 3 1 4 4 4 1 5 1 3 4 5 2 3 1 3 5 2 3 1 4 5 4 1 2 3 4 3 5 4 3 1 5
1 4 1 4 2 1 1 2 4 2 1 3 3 2 1 2 2 2 3 4 1 1 0 4 4 5 4 5 1 1 3 1 3 4 3 4 5 2 4 4 1 5 4 5 2 5 1 2 1 1 5 4 3 2 5 1 1 3 3 1 2 3 2 5 5 4 2 1 1 3 1 4 5 2 5 5 4 1 5 4
1 3 1 3 3 4 5 5 1 2 2 3 3 4 5 5 1 5 3 2 5 4 5 0 5 5 4 2 2 5 3 4 5 4 2 1 1 1 2 4 1 2 3 2 5 4 2 3 5 5 3 1 4 1 3 2 4 2 4 4 3 5 4 3 4 1 1 3 3 5 1 2 4 1 2 1 5 4 1 1
5 5 1 1 1 5 2 2 2 1 3 4 2 2 3 1 4 2 3 3 2 3 4 5 0 3 1 3 4 5 1 1 2 3 3 1 2 1 4 1 3 2 2 3 3 5 3 4 3 2 1 1 2 4 5 5 1 3 2 3 2 5 5 5 2 2 5 3 1 3 3 5 3 4 4 3 5 5 2 4
1 4 2 3 3 5 4 5 2 3 1 2 4 1 2 2 3 4 3 4 5 1 4 1 2 0 4 2 2 2 3 4 5 3 3 5 5 2 1 5 3 5 1 3 4 1 3 1 3 3 3 3 1 4 3 2 5 3 3 3 2 5 4 3 1 1 3 1 3 5 2 2 4 2 4 1 3 5 5 5
3 5 1 4 4 2 4 4 5 2 3 3 1 2 3 3 3 4 1 3 4 5 3 5 5 4 0 5 2 4 3 3 4 3 3 1 3 1 3 5 3 1 4 4 4 3 1 5 1 4 2 1 2 2 3 3 3 1 2 3 2 5 2 4 5 4 5 1 3 1 5 4 1 5 5 2 4 2 5 2
1 4 5 2 1 1 5 4 2 3 3 1 2 3 1 4 1 5 2 1 4 1 4 4 4 1 3 0 2 5 4 1 4 2 5 2 1 3 3 2 4 5 4 2 2 2 1 5 3 5 3 4 3 5 1 4 3 5 2 3 1 3 4 1 3 2 4 3 5 3 1 1 2 4 1 1 5 1 4 3
3 2 1 1 1 3 3 2 3 1 5 4 3 2 5 5 2 5 3 2 1 4 2 5 1 5 3 4 0 5 4 3 1 4 4 5 2 1 5 1 4 3 2 3 3 2 2 2 5 3 4 3 4 5 4 5 3 1 4 5 3 3 5 3 5 3 2 2 3 4 4 4 3 3 2 3 4 2 1 4
3 1 3 5 2 4 4 1 2 2 4 2 3 5 3 5 1 1 5 4 1 5 2 1 1 5 1 3 4 0 2 1 3 2 4 4 1 5 3 2 1 4 2 5 1 2 5 1 4 1 1 1 2 3 3 5 2 5 2 3 2 3 3 5 4 2 1 1 3 4 2 4 1 3 5 2 5 3 4 1
4 2 5 3 3 1 3 3 5 5 3 4 4 1 3 4 1 3 1 3 1 4 2 3 1 3 2 4 3 3 0 4 3 1 3 1 1 3 5 3 2 5 3 1 5 2 1 2 3 3 3 5 4 4 5 3 2 4 5 3 3 2 4 4 3 5 1 1 5 3 2 2 3 5 2 4 5 3 5 1
2 1 1 5 2 1 3 2 1 2 3 5 4 3 3 3 2 3 1 3 2 1 5 1 3 5 3 3 2 4 3 0 5 4 2 5 3 4 3 4 4 5 5 3 2 1 1 2 2 4 4 4 3 3 3 1 5 2 4 4 2 1 3 1 4 2 4 1 1 3 5 1 4 3 1 2 3 1 4 5
2 3 2 2 3 5 3 3 4 4 3 3 2 5 4 2 2 3 5 2 2 4 2 2 3 5 4 3 3 1 1 4 0 2 4 3 4 5 1 5 1 4 2 5 1 3 3 2 4 1 3 1 1 3 5 2 1 3 3 1 4 2 3 5 1 5 5 1 5 4 1 2 1 1 1 4 2 2 3 2
2 4 2 1 5 1 4 1 2 5 2 3 3 3 5 4 2 3 5 5 3 3 5 2 3 2 4 3 5 2 5 1 4 0 2 4 2 2 4 4 3 2 2 3 5 3 4 4 1 1 5 1 3 5 1 1 1 1 3 4 4 1 4 3 1 3 4 3 5 2 3 2 2 4 1 5 5 3 2 5
3 4 1 1 2 4 1 1 1 3 2 1 5 3 1 5 5 4 3 2 2 2 1 5 4 5 4 4 5 2 1 2 1 2 0 1 5 1 3 4 4 4 5 1 4 2 1 2 3 3 5 2 4 2 5 5 4 1 3 1 4 3 5 5 1 3 1 1 5 5 5 2 4 2 1 2 5 5 3 5
2 4 3 3 3 3 2 5 4 2 1 2 4 5 1 1 1 3 3 4 2 3 5 1 1 5 2 1 5 3 2 4 2 3 4 0 4 4 5 1 4 3 1 3 5 1 3 4 5 3 1 5 5 1 2 2 2 3 2 1 3 3 1 4 4 5 1 3 1 2 4 2 5 3 4 5 4 3 3 5
1 2 2 5 5 2 3 4 5 2 1 3 4 2 3 4 4 3 3 4 3 3 2 1 1 1 5 2 3 2 2 2 3 2 3 3 0 5 4 2 1 3 5 5 1 2 3 1 3 3 5 5 3 2 3 3 2 2 2 5 4 5 1 2 2 4 4 3 5 4 1 4 5 4 5 4 2 2 4 2
4 2 1 1 5 4 4 3 4 4 1 1 2 2 3 4 3 4 3 2 5 3 2 2 5 2 4 5 5 3 1 1 3 2 1 2 4 0 1 1 3 2 3 1 5 4 2 4 3 2 5 3 4 4 1 3 2 4 1 5 5 3 4 1 2 4 4 5 2 5 1 4 4 1 4 4 3 5 3 3
2 1 4 1 3 3 3 3 1 5 4 3 1 5 3 2 2 5 1 4 3 2 5 5 1 3 5 1 2 4 1 3 5 5 4 2 2 5 0 1 5 5 4 2 1 1 1 4 3 5 5 2 5 3 2 1 5 2 2 2 1 4 4 1 2 2 1 2 4 2 5 5 1 2 2 1 1 2 5 2
2 4 4 4 3 3 1 3 2 2 5 2 5 4 2 3 1 1 5 1 4 3 1 2 3 1 2 4 3 5 1 3 4 5 3 1 3 5 1 0 4 1 3 1 2 2 5 2 4 1 1 5 1 1 2 5 4 3 2 4 1 5 4 5 1 2 4 5 2 5 3 2 2 5 3 1 2 5 1 4
3 3 5 4 4 3 2 2 3 5 4 2 3 2 2 4 5 2 1 2 1 4 4 2 3 3 4 2 3 1 4 5 2 5 3 4 2 4 5 3 0 1 4 2 4 4 5 1 3 3 2 5 1 5 3 2 2 3 3 1 4 1 3 4 4 3 2 4 3 2 1 5 2 5 1 3 5 2 3 2
5 2 3 5 4 5 3 3 1 1 1 2 3 4 5 1 1 4 3 4 5 2 4 1 1 2 4 5 3 1 1 1 3 5 1 1 5 1 2 1 2 0 2 5 4 1 2 1 5 2 1 4 2 2 3 4 3 4 3 2 1 2 1 5 3 5 5 3 4 1 4 2 2 1 1 2 4 2 5 1
5 4 4 1 1 4 5 4 2 5 3 1 2 1 3 1 5 3 4 2 1 3 1 1 4 2 3 4 5 5 3 4 1 5 3 4 2 4 3 2 4 5 0 1 1 4 4 2 2 2 3 2 3 1 2 4 1 5 5 3 5 3 5 3 4 1 1 5 3 4 3 1 2 2 2 5 2 2 2 5
1 3 2 2 2 4 3 1 4 3 4 4 5 5 4 2 2 3 1 5 5 1 4 4 2 5 3 2 2 1 2 5 2 1 2 2 1 5 1 5 3 2 2 0 5 3 2 5 3 4 5 1 5 1 1 2 5 1 2 4 5 3 3 3 2 3 1 2 5 5 4 5 2 4 5 5 3 2 1 2
3 5 2 5 3 3 2 1 1 4 3 5 5 2 1 2 3 4 3 2 5 1 1 2 2 5 3 3 1 1 3 1 1 4 5 1 1 3 5 4 2 4 3 4 0 2 4 1 4 5 3 4 5 1 2 1 3 1 5 5 5 5 5 1 3 1 1 1 4 2 2 3 1 5 1 3 3 3 2 5
1 5 4 3 1 1 5 5 1 2 1 4 5 4 3 4 3 3 3 4 1 3 1 4 1 3 3 1 5 3 2 5 3 1 5 1 2 1 5 1 3 2 1 4 2 0 5 4 4 3 3 3 5 2 5 3 1 3 5 2 2 1 4 3 3 4 3 5 4 2 1 3 1 4 2 1 3 3 2 3
3 4 5 5 4 5 2 1 1 4 2 5 1 5 1 1 3 1 3 2 1 2 5 5 2 5 3 2 1 2 4 1 3 4 4 5 5 2 1 1 1 5 3 3 3 5 0 5 1 3 2 3 5 4 1 3 5 5 2 4 5 4 5 2 3 3 5 4 3 5 1 3 5 5 3 4 4 5 2 4
1 4 4 5 1 1 3 5 1 3 3 4 3 5 3 2 4 4 3 3 1 5 2 3 4 1 1 3 3 3 3 3 4 5 3 4 5 5 4 5 5 2 5 2 2 5 5 0 3 3 1 5 3 3 3 2 2 1 4 1 5 2 5 3 5 2 4 1 2 4 2 2 5 4 2 4 4 5 5 5
4 5 2 4 4 1 3 2 2 4 2 5 1 5 1 1 5 3 5 3 3 4 3 4 2 5 1 3 4 3 5 3 1 3 2 1 3 4 4 1 5 3 5 3 3 4 4 1 0 4 1 1 1 3 4 3 5 2 4 1 5 3 1 4 1 3 3 4 2 5 1 1 2 2 2 4 4 4 5 1
3 2 2 1 4 2 3 3 1 4 5 3 5 5 5 4 5 5 1 3 5 5 3 1 2 3 3 1 5 3 4 2 1 2 4 1 3 2 4 1 3 5 4 3 5 2 2 5 5 0 1 2 2 3 2 5 4 4 3 2 4 3 5 4 2 2 3 5 4 2 5 2 1 2 5 1 1 2 3 2
1 1 1 1 3 3 5 5 3 3 4 1 5 5 3 2 4 5 4 5 2 2 4 2 2 1 4 2 3 3 1 4 1 5 2 1 3 4 4 2 2 1 5 1 5 3 2 4 1 5 0 2 1 3 1 3 4 1 3 2 2 5 3 3 1 2 5 3 3 2 4 3 1 5 1 4 3 3 1 3
2 2 4 5 4 3 4 2 5 3 4 3 3 5 3 5 3 3 1 4 5 1 1 5 1 5 3 4 2 5 2 3 3 2 2 2 5 4 2 1 3 1 5 2 2 2 3 2 3 2 3 0 1 5 3 5 1 2 1 5 3 4 1 1 1 2 5 3 3 4 4 1 4 2 2 3 2 4 4 3
2 4 3 4 5 3 3 1 2 3 1 1 5 5 4 3 4 5 5 1 2 2 5 3 5 1 4 3 2 5 1 5 4 4 2 4 3 1 5 3 1 5 1 2 4 5 3 4 4 2 5 3 0 5 3 1 1 3 2 1 4 4 5 4 5 4 3 2 2 3 3 5 2 4 3 2 4 1 2 2
4 4 4 3 4 4 4 5 1 4 1 4 3 3 5 5 2 1 4 3 2 5 5 2 2 3 4 5 3 2 4 5 1 3 3 4 2 3 5 4 3 1 1 4 5 3 2 5 2 3 4 4 2 0 1 5 1 4 3 3 2 2 1 2 5 5 5 3 5 4 3 1 1 2 1 1 5 2 2 5
4 2 2 2 2 4 1 3 5 2 3 4 5 3 1 1 5 3 1 1 1 2 2 1 5 3 1 1 1 1 5 1 5 4 5 3 3 4 4 4 1 5 5 1 4 4 5 4 5 3 5 4 1 1 0 1 3 1 5 4 5 3 2 2 1 4 4 4 3 3 4 4 1 1 2 2 2 3 3 4
5 4 3 3 1 3 2 3 1 3 5 1 5 2 3 2 1 5 2 3 3 3 5 5 3 5 5 3 5 5 3 4 1 1 4 4 4 1 4 1 1 4 5 5 3 1 5 3 5 1 1 4 2 4 1 0 4 3 2 2 4 2 3 3 5 4 5 2 3 4 1 4 3 2 5 5 5 2 3 3
1 5 2 5 5 5 4 4 2 4 4 4 3 2 4 4 3 1 5 4 5 4 3 5 3 3 1 3 1 2 3 3 1 1 1 4 5 4 5 1 3 3 4 3 3 2 5 1 1 1 5 4 1 2 1 4 0 5 5 1 3 4 4 3 4 1 4 4 5 5 3 2 5 2 1 3 4 4 5 2
2 3 5 1 3 1 4 4 1 5 3 1 2 2 4 1 3 2 3 5 2 3 2 1 1 2 3 1 1 2 4 2 5 1 5 1 4 1 4 5 4 4 2 5 3 4 2 4 5 1 4 5 2 3 4 5 4 0 3 1 1 4 5 1 3 5 3 4 3 1 3 2 2 5 2 5 2 1 1 5
1 5 1 1 5 3 3 2 3 2 1 1 4 3 2 2 1 3 5 3 3 4 5 1 4 1 4 1 1 5 4 5 2 5 1 5 3 2 3 3 2 4 2 1 5 5 5 4 5 2 1 3 1 4 2 1 2 3 0 1 5 2 5 4 1 1 3 1 1 1 1 5 2 1 4 4 1 2 2 3
5 2 3 3 1 5 4 5 4 5 5 3 4 1 2 3 4 5 3 2 5 4 2 5 5 1 3 2 5 5 2 3 5 2 5 1 2 3 4 1 1 4 3 2 3 2 4 5 5 3 2 2 3 5 4 2 4 5 3 0 1 2 3 5 5 5 4 4 5 1 5 4 5 2 4 4 5 5 1 4
5 1 2 5 4 3 3 5 4 3 3 2 3 4 4 2 3 2 3 3 5 4 1 5 4 1 3 4 3 3 2 2 3 5 1 4 1 2 4 4 4 2 1 3 3 4 2 3 4 1 4 5 4 1 1 1 3 5 1 5 0 5 3 1 2 2 3 3 2 5 1 5 2 2 2 5 3 3 1 3
3 2 1 1 5 3 5 4 5 5 1 2 1 1 2 2 5 2 4 5 5 4 2 1 2 2 2 1 1 3 2 1 2 4 4 3 5 3 5 5 5 4 5 2 1 2 5 5 1 4 3 1 1 2 4 4 4 3 1 2 2 0 3 4 4 2 5 3 1 3 4 5 5 4 2 4 4 3 3 4
1 3 2 3 5 3 1 2 1 5 4 4 4 4 1 1 5 1 5 3 5 5 2 4 3 4 3 1 5 5 4 3 1 4 3 2 2 3 4 1 5 1 4 1 2 5 2 1 5 1 4 2 5 2 3 1 1 1 3 3 5 3 0 1 4 4 1 3 4 1 4 4 4 3 3 5 1 2 5 4
2 3 5 3 2 3 2 4 4 5 1 4 1 5 3 2 4 3 1 2 1 5 2 2 2 5 2 5 3 2 1 5 3 4 3 1 5 4 1 5 4 4 3 2 1 3 4 1 5 5 5 3 1 4 4 2 4 2 4 3 3 1 1 0 2 2 5 1 1 5 5 2 5 1 4 2 4 4 3 2
2 4 5 4 3 5 3 1 4 4 2 1 4 5 3 4 3 3 2 2 5 3 5 3 4 1 5 3 4 3 3 2 4 2 1 3 5 2 3 3 3 5 5 1 1 1 4 1 5 1 3 1 2 4 5 4 3 1 3 1 5 2 4 5 0 4 3 2 1 4 4 1 1 5 2 2 3 3 2 4
5 2 2 4 1 2 4 4 1 4 4 1 4 3 3 4 2 3 5 4 3 5 4 5 4 2 2 3 5 2 4 1 2 3 4 1 1 1 2 5 5 2 2 2 3 3 5 5 2 4 1 5 5 4 5 3 1 4 2 3 5 5 4 2 1 0 2 1 3 2 3 2 4 2 2 3 5 3 3 5
5 3 1 1 4 1 4 3 4 5 4 3 3 1 5 2 2 4 5 5 1 5 3 5 2 2 3 5 4 4 2 3 1 5 2 3 2 1 2 3 2 4 4 2 5 3 1 1 1 5 5 3 4 5 4 4 5 3 5 4 3 2 3 4 3 3 0 3 3 5 3 5 2 5 5 1 3 3 4 5
4 3 1 5 1 1 1 3 5 5 4 1 1 4 3 5 1 1 2 5 5 5 1 4 3 1 5 5 4 5 4 1 4 3 2 2 3 5 2 4 4 2 3 3 1 1 1 4 5 3 3 2 2 3 2 1 3 1 4 2 3 4 2 5 1 5 5 0 2 4 3 4 1 3 2 5 5 4 2 3
4 3 3 2 4 3 1 1 2 2 5 1 3 4 3 1 2 5 4 1 5 4 2 1 2 5 4 1 4 4 4 4 2 4 4 4 2 3 5 3 1 5 4 1 2 2 4 2 1 2 2 5 2 2 5 1 2 5 4 1 2 1 5 5 2 2 2 3 0 4 5 1 3 3 3 5 1 2 3 5
1 2 2 2 4 2 2 1 3 1 3 4 1 5 5 3 4 5 3 3 4 4 3 3 5 5 4 2 1 5 5 2 5 5 3 1 3 4 5 3 3 5 1 4 2 1 3 4 3 2 3 5 2 5 2 3 1 3 1 4 4 3 1 4 3 3 4 5 5 0 4 3 1 3 1 2 3 4 5 3
4 4 4 1 2 4 1 5 4 5 1 2 5 1 5 4 4 4 1 4 2 3 3 5 1 4 4 3 4 3 2 2 4 3 1 3 3 1 3 5 1 3 5 3 3 3 2 5 3 5 4 5 1 4 4 3 5 2 3 5 1 2 4 3 3 2 3 4 2 1 0 5 2 3 3 4 1 3 5 3
3 1 4 1 5 4 5 4 2 1 5 4 3 1 5 1 4 4 2 2 4 4 4 2 1 3 2 5 1 5 2 3 1 5 5 5 1 1 5 4 4 1 3 1 2 3 3 4 1 1 3 1 3 3 2 2 3 5 1 4 2 2 5 2 5 1 2 2 3 4 5 0 1 2 3 5 2 2 4 2
4 1 4 4 2 2 2 1 4 1 4 1 5 4 2 4 5 2 3 4 2 5 2 4 2 1 1 1 4 2 4 1 2 1 1 3 2 3 3 3 3 4 4 5 4 5 3 4 1 4 5 5 1 1 1 4 5 5 2 1 1 2 2 2 2 5 5 3 5 2 5 4 0 3 3 3 3 2 3 5
3 2 5 5 5 4 5 1 1 5 2 2 1 4 1 2 5 4 2 5 3 3 5 1 2 4 2 1 5 4 3 4 5 2 2 2 3 2 5 4 4 4 2 2 4 1 1 5 3 4 3 3 4 4 1 1 2 2 1 4 5 2 4 2 5 3 5 1 2 4 2 2 3 0 3 3 5 5 1 2
1 2 1 5 4 5 3 1 1 3 5 3 5 4 5 2 3 5 3 1 1 1 4 4 5 3 4 4 2 5 4 1 3 2 4 5 4 2 3 3 4 4 4 4 4 1 5 2 2 3 5 4 2 2 1 5 1 2 3 5 2 1 3 2 5 4 2 3 2 5 4 1 3 3 0 4 4 4 5 2
2 5 4 2 2 1 3 1 5 2 3 1 4 1 2 4 1 5 3 3 3 2 5 2 3 2 4 3 1 2 5 3 1 4 2 1 5 2 1 5 1 3 2 5 3 1 2 3 3 2 5 5 3 1 2 5 2 1 3 2 4 4 4 4 4 5 4 3 1 4 1 2 3 3 3 0 1 1 4 2
3 3 3 5 4 5 2 3 2 4 1 5 5 2 1 1 1 1 2 3 3 5 3 1 4 1 4 4 3 5 4 1 5 4 2 5 2 5 3 2 2 3 3 1 3 4 1 2 2 3 2 5 3 4 3 3 3 4 5 3 4 3 3 3 5 4 4 5 2 1 3 4 2 2 3 2 0 2 4 3
5 1 3 3 4 3 5 5 3 1 3 4 2 4 5 3 2 3 5 1 1 1 2 5 5 3 1 2 1 2 1 1 4 3 2 1 3 4 4 4 5 1 2 3 4 4 4 1 5 1 5 5 2 4 3 5 1 4 2 2 1 2 1 2 1 4 1 2 1 4 4 5 4 5 5 4 5 0 4 4
3 5 1 4 4 5 3 4 3 4 1 1 1 5 3 1 4 5 5 1 5 3 4 2 1 4 4 2 3 2 4 4 2 3 1 4 4 4 3 1 4 3 5 2 4 4 1 4 3 3 3 2 2 5 3 4 1 5 2 1 1 3 1 3 1 3 2 1 3 5 1 1 3 2 4 4 2 3 0 1
3 5 3 3 3 5 4 2 1 3 5 1 1 3 5 3 2 5 3 2 1 4 4 2 2 5 2 3 2 2 4 1 3 1 3 3 2 3 2 1 3 2 1 2 1 2 1 2 3 5 1 2 5 4 2 5 4 5 2 1 5 1 4 2 1 1 3 1 3 1 3 4 5 4 1 4 3 1 1 0
80 2 28 49 66 69 14 73 64 2 69 10 61 65 67 38 26 20 38 3 79 10 49 58 24 20 2 27 63 41 37 39 7 23 26 71 54 65 52 76 5 37 55 68 10 49 13 3 22 44 25 58 70 43 79 12 13 73 18 18
40 46 16 32 46 15 55 44 73 25 44 57 45 30 65 60 48 57 10 12 75 53 45 11 72 72 30 32 75 35 15 23 25 76 59 61 66 29 21 18 31 9 49 74 22 56 2 11 37 50 42 68 24 6 78 33 76 49 80 38
65 36 1 73 54 46 18 78 24 60 1 52 56 4 75 71 25 32 63 28 17 61 34 30 33 22 43 2 14 12 14 62 44 20 16 4 58 9 56 20 30 48 71 40 8 62 61 28 32 40 38 63 31 41 17 56 40 54 70 80
35 47 57 50 21 71 58 46 25 7 47 18 66 18 58 68 43 55 30 74 51 41 23 60 31 40 27 30 29 13 29 20 13 45 25 73 55 69 63 72 45 50 51 69 76 57 58 9 20 53 27 38 52 77 6 32 34 9 25 16
24 64 20 67 50 42 44 75 42 13 74 49 12 8 72 2 33 37 78 9 6 9 15 48 19 70 47 24 76 34 35 63 54 80 64 33 47 25 73 5 76 59 56 24 77 7 80 75 74 64 55 33 33 45 44 24 3 38 26 70
62 6 55 31 34 64 47 52 19 58 20 41 51 70 57 42 71 28 39 71 5 29 21 68 13 30 64 71 58 14 68 17 61 39 37 77 28 1 47 47 61 80 20 45 73 14 30 56 48 29 7 47 79 19 39 13 36 68 45 24
75 76 35 59 59 27 62 71 27 29 55 27 18 71 41 22 34 74 37 36 46 44 10 66 51 26 37 7 40 63 3 74 27 78 62 74 49 52 64 6 7 55 39 1 18 63 15 62 39 15 51 43 67 58 8 14 32 79 43 27
7 13 47 20 56 29 29 60 2 41 61 14 31 7 73 36 63 19 17 60 42 46 78 27 17 56 46 79 54 21 36 3 47 14 35 76 35 27 5 65 8 62 63 33 56 37 20 55 38 17 16 3 73 5 52 43 80 19 76 74
42 38 15 10 15 49 51 74 5 24 71 55 58 63 80 29 4 10 50 56 40 60 29 39 4 52 28 74 20 70 48 44 1 37 79 55 37 6 57 28 64 11 25 36 59 2 29 51 58 43 67 48 51 75 59 37 78 52 58 36
58 66 17 56 25 31 76 48 56 32 28 56 59 15 28 49 14 23 23 29 59 78 14 13 25 58 75 12 57 79 12 18 26 19 15 30 65 61 50 80 56 4 78 6 48 41 71 32 12 8 47 74 18 68 64 6 12 77 54 63
11 32 30 12 27 56 1 38 18 51 21 36 9 78 37 15 51 6 62 75 35 11 24 59 2 31 61 26 39 56 75 68 57 31 43 68 19 13 62 31 34 40 67 58 33 25 52 63 4 26 77 22 69 36 37 77 41 63 75 47
55 19 12 22 58 78 10 37 66 48 48 62 71 20 52 7 79 50 18 24 10 40 5 63 10 44 56 38 31 64 19 16 56 70 11 69 2 77 31 26 79 30 17 60 50 52 78 24 46 57 45 69 74 7 18 34 52 34 6 33
47 70 29 79 77 8 4 29 37 8 4 79 67 60 22 45 49 30 14 48 8 2 39 65 12 64 49 28 70 37 13 59 72 2 10 40 17 49 1 48 52 39 4 10 45 38 16 8 56 14 26 46 45 31 51 60 68 53 20 32
25 18 77 26 16 17 43 2 16 19 66 31 23 73 36 4 69 75 75 40 22 21 31 19 57 19 66 4 53 45 11 75 8 1 9 22 5 15 49 8 69 76 79 38 61 40 72 12 51 73 40 16 46 79 42 53 28 43 34 71
70 79 4 53 53 25 36 28 31 68 2 25 36 34 1 21 67 70 12 73 60 49 76 74 79 16 73 9 71 58 62 32 35 55 70 48 68 33 79 13 33 15 42 76 32 74 41 17 44 28 70 71 56 71 65 8 79 42 19 21
50 14 46 69 76 35 74 35 34 70 37 68 6 42 26 55 8 35 80 45 58 68 25 52 55 14 24 73 16 11 57 37 43 17 33 25 45 32 41 54 80 71 38 23 27 34 64 5 59 31 54 77 5 3 25 23 69 8 50 72
68 52 49 11 11 59 37 11 11 73 42 5 19 31 34 79 31 13 31 38 80 58 77 72 65 74 17 69 23 44 76 38 78 48 69 75 62 51 11 42 78 45 77 12 11 53 42 65 15 75 29 10 42 32 35 48 77 47 53 8
13 67 36 43 8 79 38 42 48 6 50 20 64 46 33 74 16 5 69 11 48 57 22 24 50 59 54 31 49 7 7 14 23 28 3 41 26 50 26 15 9 79 16 17 21 1 45 15 49 69 10 75 65 23 54 57 44 40 61 79
6 78 25 2 74 18 73 49 9 76 10 70 65 74 48 8 46 31 28 57 9 56 6 71 35 55 76 72 72 48 5 41 17 44 71 8 48 60 60 68 60 78 28 9 4 48 19 69 26 80 73 56 55 60 20 11 74 71 56 10
69 9 53 40 33 47 53 57 23 23 25 51 17 76 64 25 70 18 11 76 26 77 54 14 28 17 18 54 46 1 9 21 73 63 45 64 50 75 58 77 10 70 12 53 69 76 27 25 57 13 3 40 17 72 24 68 43 62 9 28
0 7 34 78 37 24 54 67 68 37 6 45 44 51 32 1 41 29 51 8 11 69 0 73 78 80 72 0 21 10 10 54 48 64 0 18 4 8 33 22 40 17 2 79 16 36 40 76 53 63 24 57 40 76 75 0 17 30 44 23
0 44 21 44 47 10 34 8 75 5 35 75 0 14 25 65 20 12 26 16 0 8 0 37 69 79 48 0 35 60 58 22 49 10 0 15 7 72 0 63 6 68 48 63 3 31 49 34 0 32 58 39 43 54 73 0 0 31 71 4
0 63 19 30 32 12 0 5 8 47 0 38 0 64 11 59 36 0 35 22 0 63 0 33 14 10 15 0 9 71 70 46 46 53 0 23 10 74 0 27 4 24 0 4 38 64 1 1 0 58 0 23 62 74 67 0 0 74 28 26
0 57 37 63 4 28 0 34 13 15 0 74 0 29 54 33 0 0 59 78 0 19 0 17 63 29 0 0 8 73 64 60 67 0 0 17 59 68 0 46 63 28 0 35 39 24 0 6 0 19 0 2 44 16 30 0 0 50 72 73
0 29 0 14 2 63 0 12 52 9 0 40 0 0 4 46 0 0 33 7 0 51 0 7 64 63 0 0 42 0 32 8 20 0 0 9 0 58 0 44 37 52 0 78 0 13 0 16 0 21 0 0 13 39 1 0 0 45 2 45
0 0 0 7 24 77 0 4 35 4 0 77 0 0 0 14 0 0 42 33 0 39 0 0 42 46 0 0 32 0 80 49 74 0 0 44 0 57 0 57 39 58 0 0 0 5 0 0 0 48 0 0 64 0 34 0 0 29 24 0
0 0 0 24 44 0 0 41 29 79 0 24 0 0 0 17 0 0 16 17 0 0 0 0 30 68 0 0 26 0 4 0 36 0 0 62 0 22 0 52 0 8 0 0 0 15 0 0 0 3 0 0 72 0 41 0 0 6 63 0
0 0 0 8 35 0 0 62 46 0 0 0 0 0 0 72 0 0 68 13 0 0 0 0 0 0 0 0 68 0 2 0 14 0 0 0 0 0 0 0 0 53 0 0 0 32 0 0 0 35 0 0 27 0 58 0 0 0 40 0
0 0 0 0 0 0 0 0 41 0 0 0 0 0 0 0 0 0 55 0 0 0 0 0 0 0 0 0 3 0 0 0 0 0 0 0 0 0 0 0 0 0 0 0 0 69 0 0 0 0 0 0 30 0 49 0 0 0 33 0
0 0 0 0 0 0 0 0 70 0 0 0 0 0 0 0 0 0 0 0 0 0 0 0 0 0 0 0 0 0 0 0 0 0 0 0 0 0 0 0 0 0 0 0 0 0 0 0 0 0 0 0 0 0 0 0 0 0 68 0
