60 80 30 20 30
1
4
2
1
5
5
2
5
2
3
2
5
2
3
1
2
2
2
2
5
3
1
5
4
4
1
5
1
2
5
1
3
2
2
1
4
1
5
3
3
1
4
4
2
1
4
3
1
4
3
5
2
3
3
2
2
1
5
4
4
4
5
5
5
4
5
3
4
2
1
3
2
2
5
1
1
1
1
1
1
0 4 1 5 5 1 5 3 1 3 2 2 4 5 5 5 3 5 5 5 4 5 3 3 2 4 1 4 3 3 5 4 3 3 3 5 4 2 1 5 2 3 4 4 1 1 1 1 3 2 2 4 2 3 4 4 2 4 5 3 3 3 1 2 4 5 2 1 4 2 4 4 5 1 1 3 3 2 4 3
1 0 2 2 2 4 2 2 2 3 2 4 3 3 3 5 1 5 2 3 2 5 1 2 4 5 2 2 5 2 1 3 4 2 4 3 5 2 5 4 3 1 4 3 5 4 4 1 2 3 4 1 3 1 2 4 2 1 1 4 3 5 3 5 1 4 3 3 4 1 4 4 4 3 4 2 5 5 2 1
2 3 0 5 5 3 5 3 4 3 2 4 1 2 3 1 2 1 4 4 5 3 2 1 2 1 1 5 1 2 1 1 5 4 1 2 4 1 3 4 1 5 3 4 1 3 4 3 5 4 1 2 1 5 2 1 2 5 1 1 4 1 5 5 5 3 2 5 4 4 4 5 1 3 4 3 4 1 4 2
4 2 4 0 4 3 3 3 1 4 3 1 1 3 5 4 1 5 2 2 3 4 3 4 1 2 4 5 5 4 3 2 1 5 3 1 2 5 4 1 3 5 4 1 1 2 5 3 4 4 5 4 1 5 3 1 1 2 4 2 1 3 1 3 1 3 2 5 5 5 1 3 5 5 5 4 2 3 5 2
2 5 5 5 0 3 5 2 2 2 5 1 5 3 5 4 5 5 2 5 4 3 2 1 3 4 2 1 5 2 4 4 3 3 3 4 5 5 5 5 4 1 3 2 4 3 1 5 1 5 3 3 5 2 2 2 4 3 3 5 5 3 2 3 4 4 1 5 5 3 1 2 2 1 3 3 2 4 3 3
2 1 5 5 4 0 5 1 4 1 2 1 5 3 5 3 4 3 2 3 5 5 3 5 5 1 4 3 2 1 1 3 4 3 4 1 3 3 1 1 2 3 2 3 3 2 1 2 5 5 3 3 4 4 2 5 2 4 1 1 2 5 4 2 2 5 3 4 3 2 2 3 5 5 4 1 1 5 5 4
2 1 2 3 2 4 0 4 5 1 4 5 5 2 4 1 3 5 3 5 1 3 1 3 2 3 3 1 1 2 4 4 3 4 1 1 1 3 4 2 1 1 3 3 1 4 2 5 5 3 1 1 4 1 1 1 2 1 2 5 1 3 3 4 2 5 3 5 1 5 1 1 3 2 5 1 3 3 1 2
4 3 5 2 1 5 1 0 3 5 2 2 1 3 3 1 3 4 4 4 5 4 2 3 5 1 3 2 5 1 2 4 5 4 1 5 5 1 1 5 5 2 3 1 2 1 2 4 3 4 3 1 3 3 2 3 5 3 4 5 2 2 4 5 2 3 2 3 4 5 3 1 3 4 1 4 3 5 2 1
5 5 3 1 2 1 3 3 0 3 4 1 4 1 2 3 5 1 2 3 1 2 4 2 4 3 5 2 5 3 2 4 3 5 3 5 2 5 3 3 3 1 5 5 5 1 3 1 4 4 4 3 4 1 4 1 2 4 4 5 5 4 5 5 1 2 5 4 5 1 2 1 3 4 5 5 5 3 5 1
1 3 4 1 3 4 2 1 5 0 5 3 4 1 5 3 5 5 2 5 3 4 3 1 3 2 1 3 3 2 5 1 1 3 2 4 5 5 5 2 2 1 5 2 1 3 4 3 3 4 3 2 1 2 2 5 2 2 5 4 1 1 3 4 5 5 3 4 3 4 4 3 4 1 1 4 4 2 3 4
5 5 4 5 2 5 1 4 3 4 0 4 1 4 5 4 1 5 5 2 3 1 4 4 2 3 2 4 2 4 3 4 1 4 3 3 2 1 1 2 5 2 2 5 3 5 5 5 1 2 4 4 4 1 2 5 3 5 2 3 4 4 1 1 4 5 5 4 3 2 3 5 2 3 2 2 1 5 3 2
1 2 5 3 3 1 2 3 3 3 3 0 2 3 2 5 1 5 1 1 3 2 3 3 1 1 1 3 1 4 4 2 1 5 3 1 5 3 4 4 1 2 5 5 1 2 1 4 5 1 3 5 2 3 5 4 1 3 1 2 5 4 3 2 2 3 1 1 4 4 3 2 2 1 3 4 2 1 5 2
3 1 1 3 3 3 2 2 1 5 1 2 0 4 3 1 4 3 5 5 1 5 2 1 1 5 2 3 2 2 1 1 1 4 3 3 4 4 1 2 2 4 4 1 3 2 4 5 1 4 4 2 3 5 2 4 3 2 1 4 5 5 3 3 3 5 3 1 4 3 1 2 4 1 1 4 5 1 1 2
3 1 3 5 3 1 1 2 5 5 5 2 3 0 2 5 3 3 5 4 5 4 5 5 3 1 2 1 1 4 3 1 3 2 1 1 4 1 4 5 3 1 2 5 5 4 3 2 1 1 1 1 3 1 3 5 5 3 4 1 1 5 1 1 2 1 1 3 4 5 5 5 1 4 2 4 4 2 2 3
2 2 3 2 3 2 1 1 4 2 4 5 1 2 0 1 1 4 5 3 2 2 4 3 5 5 5 3 5 3 1 2 2 3 5 2 3 5 2 5 2 2 4 2 1 3 1 3 1 3 3 5 2 5 2 3 3 5 5 3 1 4 4 2 2 3 1 4 4 4 5 5 5 1 2 2 2 5 1 5
4 4 2 2 5 1 1 5 3 5 5 3 1 3 4 0 2 3 5 5 2 5 1 2 1 3 2 2 1 5 3 5 4 1 1 3 1 2 5 1 1 2 2 5 1 1 2 3 1 2 1 5 1 5 4 4 5 2 4 1 1 2 4 3 1 3 3 3 1 5 2 1 5 4 2 5 3 1 4 4
2 2 1 3 4 3 2 3 1 4 1 4 2 4 5 1 0 1 5 3 4 3 2 4 2 1 4 4 1 2 4 5 4 1 1 4 4 1 2 4 2 5 4 4 1 1 3 3 5 3 1 3 1 5 5 2 5 3 2 5 2 5 2 4 1 3 3 5 1 3 4 2 3 5 3 3 2 1 1 4
1 3 5 4 1 5 2 4 3 1 5 1 2 4 3 5 5 0 3 5 2 2 4 5 4 1 1 1 4 2 1 4 3 1 5 5 4 2 2 3 3 2 3 4 2 1 3 1 4 3 3 4 4 1 4 3 2 2 2 4 2 1 5 5 1 4 1 4 1 5 4 5 2 4 5 4 3 2 5 4
5 4 5 4 5 1 2 3 4 5 2 2 4 5 2 5 4 4 0 2 2 5 4 5 1 2 2 5 4 2 3 1 5 2 5 4 3 2 3 3 4 1 2 2 1 1 1 5 2 3 5 4 1 3 1 1 4 3 4 3 4 3 5 4 2 4 4 2 2 5 2 1 4 1 2 1 1 1 3 5
2 1 4 5 1 4 4 4 3 5 4 2 3 3 5 5 2 1 1 0 5 5 4 5 2 1 5 2 4 5 1 1 2 3 1 1 2 2 3 4 2 4 1 2 1 5 3 4 4 2 1 4 1 2 4 2 4 1 4 2 5 4 3 2 3 2 1 5 3 4 2 5 5 5 3 2 5 4 2 2
5 4 5 2 1 3 1 5 1 2 2 1 1 5 4 2 4 5 2 4 0 2 4 2 5 2 4 2 3 5 2 2 3 5 1 4 3 3 4 4 3 5 4 4 5 5 3 4 5 2 4 1 3 3 3 2 1 1 3 1 1 1 1 5 4 1 5 2 1 4 4 4 3 4 4 3 3 3 4 1
4 2 2 3 3 2 5 5 1 2 5 1 1 3 4 5 1 3 1 4 2 0 3 4 2 1 3 2 1 4 2 1 5 4 3 4 3 5 5 3 5 4 2 5 4 4 1 4 4 5 5 4 1 3 5 3 5 5 4 2 4 4 1 3 4 5 2 2 3 2 5 1 2 3 2 5 4 3 5 2
1 1 1 5 1 3 4 5 4 5 3 1 5 4 5 4 3 5 2 5 4 1 0 3 3 1 1 1 5 3 5 3 4 5 3 1 1 4 3 3 1 1 2 1 1 5 4 3 2 2 3 3 2 2 1 1 4 5 4 3 1 3 2 3 4 5 3 1 4 3 1 3 1 5 1 2 2 1 4 5
2 1 2 3 4 3 3 2 1 2 1 4 3 3 5 1 3 2 5 1 4 3 1 0 3 4 4 1 2 2 2 3 3 1 2 1 1 1 2 4 4 1 2 4 5 5 1 4 1 2 2 4 5 2 2 5 3 1 2 4 3 1 2 1 4 1 1 4 3 1 4 4 3 3 4 5 1 3 5 5
4 3 3 1 5 1 1 1 4 3 3 2 2 1 2 1 1 1 1 1 5 2 1 5 0 4 3 4 2 5 5 4 3 2 5 4 5 4 3 3 4 1 3 1 2 3 2 5 1 4 3 1 5 1 1 3 1 2 4 4 1 2 1 2 4 3 5 5 4 4 4 4 5 1 2 3 4 2 5 1
1 2 5 3 2 4 4 2 5 5 2 2 5 1 4 1 4 2 5 4 1 3 2 4 2 0 1 3 4 3 3 4 5 2 3 5 4 3 4 5 5 4 2 5 2 3 4 1 5 1 2 4 5 3 5 5 5 2 1 3 4 3 1 3 4 2 1 1 5 2 4 4 4 3 4 2 2 5 3 4
5 3 2 2 5 3 5 3 4 1 4 3 5 3 5 1 2 3 2 4 2 5 4 2 3 2 0 2 1 3 4 4 2 1 3 2 5 5 2 2 4 3 1 5 3 4 5 5 4 2 2 3 1 4 5 5 3 3 1 4 2 1 1 2 2 5 4 1 4 5 1 1 2 5 5 2 1 2 2 3
1 2 1 1 5 3 2 4 1 3 3 3 1 1 5 4 1 4 5 5 3 3 1 2 3 5 3 0 1 3 2 1 1 3 1 3 2 1 4 5 2 4 5 4 3 5 2 3 5 4 2 3 4 5 1 2 1 4 5 1 3 4 3 5 5 4 1 2 5 2 2 1 3 5 4 5 5 4 5 3
4 1 5 3 2 5 3 5 3 2 1 5 5 3 2 4 4 2 5 4 3 1 1 3 3 2 3 1 0 2 3 4 2 4 2 3 2 2 3 5 5 2 2 5 4 1 2 3 4 5 2 5 1 4 1 3 3 5 1 5 3 2 4 1 3 3 4 2 5 4 1 4 1 3 3 2 5 2 3 4
4 3 5 5 2 1 5 3 3 4 4 4 2 2 4 1 5 5 3 2 3 2 4 4 3 3 4 1 2 0 3 2 1 5 5 4 5 4 1 2 2 2 1 4 2 3 3 5 1 1 4 2 1 5 3 3 4 1 4 5 4 1 4 2 4 2 1 2 5 4 3 1 2 5 1 2 4 1 5 4
2 5 5 3 4 2 4 1 5 2 5 3 2 1 4 3 5 4 1 2 1 3 5 5 4 5 2 3 3 2 0 5 4 3 2 4 5 4 2 4 3 2 3 1 1 3 5 3 5 4 3 1 3 3 2 5 4 1 2 2 2 1 2 1 2 1 5 2 5 1 5 2 1 4 5 3 2 1 5 3
5 3 1 3 2 4 5 2 5 1 4 5 2 1 5 4 4 4 4 4 4 4 1 1 2 3 4 4 2 4 4 0 2 2 3 5 1 3 4 4 5 4 2 2 4 3 3 1 1 3 2 4 1 2 1 3 3 3 2 4 4 2 4 3 3 4 5 4 2 3 3 1 4 5 3 5 4 3 3 4
1 2 3 2 1 4 4 2 4 1 4 4 2 5 2 5 2 4 2 2 1 5 2 5 4 5 3 2 1 5 2 2 0 4 3 2 3 3 2 2 4 2 1 4 1 2 4 2 4 3 3 3 3 3 3 2 3 5 3 3 2 5 2 3 2 2 3 5 1 3 3 4 4 4 2 1 4 5 1 3
3 5 3 2 4 5 1 1 2 2 4 2 1 2 1 5 2 4 2 5 3 5 3 2 3 5 4 1 3 2 3 2 4 0 2 2 3 1 4 3 2 1 4 5 1 5 3 4 5 3 2 4 2 4 1 2 2 2 4 3 3 5 2 5 1 4 3 3 3 5 5 5 3 2 3 1 3 4 5 3
5 2 4 2 3 4 2 4 2 5 2 1 2 2 3 4 3 3 1 1 3 4 3 1 3 4 5 4 2 5 4 3 2 2 0 4 2 4 1 5 2 3 1 1 1 5 4 2 3 5 4 5 2 5 3 4 2 3 1 2 4 1 4 2 3 4 2 4 5 2 3 1 5 4 4 1 3 2 5 4
3 1 4 1 4 3 3 5 3 5 3 2 5 1 5 5 4 4 4 3 1 3 2 4 4 3 1 4 5 5 5 4 2 2 1 0 5 5 5 2 3 4 5 5 5 5 1 4 5 4 2 4 1 3 4 5 5 1 2 5 5 2 5 1 1 5 5 2 4 2 1 3 1 5 4 4 1 4 1 2
4 1 3 4 3 4 4 2 2 3 1 2 3 1 3 3 1 5 2 3 5 5 5 1 2 3 5 3 2 4 5 4 1 2 5 5 0 5 4 2 2 2 5 2 3 3 4 1 4 5 3 2 2 4 1 1 2 2 2 4 3 5 5 4 2 5 2 2 4 5 5 2 5 4 2 1 1 2 5 5
5 3 1 5 2 4 1 5 1 5 1 2 4 5 5 2 2 1 1 4 2 4 1 3 5 2 5 4 5 1 3 5 2 3 2 2 4 0 2 4 3 5 4 2 4 4 1 3 1 5 3 5 3 3 1 5 4 2 3 3 1 2 2 2 2 3 1 5 2 3 3 3 3 4 5 2 1 5 4 5
5 2 4 2 4 1 3 2 5 2 3 5 2 2 1 1 2 3 2 3 5 5 3 5 1 5 4 2 1 1 3 4 4 2 2 1 1 2 0 4 1 3 2 3 3 4 5 1 4 1 4 5 2 3 1 3 4 5 4 2 3 3 4 2 1 3 3 1 3 1 5 2 3 3 4 2 4 2 4 1
5 1 4 2 2 3 5 5 5 5 3 1 5 2 2 3 5 5 5 2 4 5 2 1 5 5 1 2 4 5 2 2 3 5 2 4 1 5 3 0 2 5 1 4 3 2 3 3 1 5 4 2 2 3 4 3 3 1 4 4 2 1 1 3 3 3 1 1 5 3 2 1 2 2 1 1 2 3 4 1
4 2 5 2 5 5 3 1 1 5 1 2 4 2 4 4 2 2 1 4 4 2 2 1 1 1 2 4 4 4 3 4 2 3 3 3 5 2 3 2 0 3 1 1 5 3 1 1 3 5 3 1 5 2 2 5 3 1 3 2 5 5 4 1 4 5 3 3 5 5 5 5 4 5 4 3 4 5 1 2
2 2 5 5 5 5 3 3 5 3 5 1 5 2 4 1 3 1 2 5 2 5 5 3 5 1 1 5 1 1 4 1 5 4 2 4 3 5 4 1 5 0 3 4 3 2 5 3 4 2 5 5 2 3 2 1 2 3 5 2 1 1 2 4 3 2 4 2 2 3 5 1 1 1 2 4 5 1 4 3
5 3 5 2 3 5 5 3 1 5 3 5 1 3 4 3 4 3 5 5 1 5 3 3 5 1 4 5 5 1 4 5 5 4 1 4 5 1 3 2 5 1 0 3 1 2 5 1 3 1 4 2 2 1 2 1 2 4 3 1 4 5 4 1 2 2 5 4 3 5 1 3 3 5 5 1 5 3 5 3
4 5 3 2 2 2 3 4 2 5 1 2 2 2 2 3 4 2 1 1 1 3 1 4 1 5 3 2 1 3 3 3 2 1 5 1 4 2 5 3 5 5 3 0 3 4 3 4 2 3 2 5 1 4 3 4 3 2 5 3 3 2 5 4 2 5 1 1 4 1 4 4 5 2 4 3 3 2 4 4
2 4 1 3 2 2 5 4 2 5 4 4 4 4 2 3 5 2 4 1 2 3 4 4 1 3 4 4 2 3 5 3 3 4 1 2 4 2 2 5 2 4 5 1 0 4 4 1 2 4 4 2 1 5 4 2 5 5 1 1 2 2 4 3 3 2 1 3 5 5 1 2 4 1 5 2 1 3 1 5
3 4 4 4 4 1 5 4 4 3 1 1 3 3 1 3 4 2 2 4 3 3 1 2 2 3 3 5 2 1 3 5 2 4 1 5 2 4 4 4 4 1 3 1 5 0 5 3 2 2 4 3 3 3 4 4 1 3 5 5 5 4 3 5 3 3 3 3 1 2 2 4 2 2 5 5 1 4 2 1
5 5 3 2 2 1 1 1 3 3 3 3 5 4 2 2 2 3 5 5 1 5 4 1 2 2 2 3 5 5 2 3 1 1 4 3 2 1 5 2 4 1 1 1 3 4 0 5 2 1 1 5 1 1 4 5 5 5 5 3 2 4 4 2 4 2 2 1 2 1 4 1 5 5 2 4 5 1 2 4
3 1 2 2 5 4 5 2 1 4 2 2 3 5 5 2 4 4 3 2 5 1 5 1 2 4 3 5 3 2 3 1 4 3 5 3 4 2 1 1 4 5 1 4 1 2 2 0 2 4 3 3 3 2 5 2 3 5 3 4 3 5 2 4 4 1 2 5 3 3 4 2 1 5 3 1 1 1 2 3
1 2 1 1 1 3 1 2 1 4 3 1 4 4 4 1 3 1 4 1 5 3 3 3 4 5 3 4 4 3 3 1 5 2 5 4 5 4 5 2 2 3 1 5 4 5 3 1 0 5 2 1 5 2 2 5 3 1 5 1 1 5 5 5 4 2 4 2 3 2 5 3 3 1 5 4 2 1 1 4
1 3 5 2 2 5 1 3 5 5 5 1 3 5 2 5 2 1 1 1 2 2 5 2 2 2 1 1 3 5 2 2 5 3 4 3 1 4 3 3 5 5 1 3 1 1 5 3 1 0 3 2 2 4 5 3 3 2 3 4 2 1 1 5 2 3 3 2 1 5 2 3 4 4 5 2 2 5 2 2
3 5 1 4 3 4 1 5 4 2 2 1 1 2 3 1 5 1 2 3 4 3 3 1 1 3 1 1 1 4 5 5 4 3 1 3 5 5 4 3 3 1 1 3 1 3 1 5 4 1 0 2 1 3 1 3 1 1 1 4 4 2 1 5 5 4 5 3 2 4 2 2 1 4 4 1 1 3 2 5
5 3 3 3 5 1 4 3 4 5 5 2 5 2 2 4 4 2 2 3 5 5 3 2 5 2 3 1 4 5 5 4 1 3 3 4 1 1 3 1 3 1 5 3 5 1 3 5 1 5 5 0 3 4 4 2 3 1 3 3 5 1 3 5 5 2 4 4 3 2 1 3 2 2 5 4 5 3 3 4
3 2 3 3 5 5 3 3 2 3 2 2 4 4 3 3 5 4 2 1 1 5 2 1 5 5 2 4 5 2 1 3 4 5 2 1 5 4 5 1 3 4 4 1 1 1 3 5 5 3 3 3 0 4 1 5 1 2 3 3 1 1 3 5 1 1 1 4 4 4 1 3 3 3 5 4 4 3 4 3
5 4 3 2 5 1 3 1 5 5 4 5 4 3 1 5 1 3 3 5 3 1 1 3 4 1 2 5 5 4 3 1 4 5 1 4 3 5 5 1 2 2 3 3 1 4 5 2 5 1 3 5 5 0 4 2 5 2 1 1 2 5 1 2 4 1 2 1 2 4 1 3 1 2 1 3 3 1 3 5
1 4 5 5 2 4 3 4 3 3 1 2 3 1 1 3 5 2 1 1 1 2 4 5 3 4 2 5 5 1 5 2 2 1 2 2 4 3 1 5 4 5 4 1 1 2 2 4 2 3 2 3 1 5 0 3 2 4 1 5 5 5 3 2 5 1 5 2 2 5 5 1 5 5 3 5 1 2 4 2
1 2 5 4 4 4 4 1 5 3 5 1 3 3 3 2 1 4 2 5 3 5 1 1 5 1 3 1 4 1 4 5 3 1 1 5 4 5 5 2 2 3 2 4 4 5 1 5 3 1 4 4 3 4 3 0 2 5 2 3 3 4 1 4 3 5 5 3 1 4 3 1 2 2 4 5 1 1 5 3
4 2 3 5 2 4 5 4 4 2 3 3 2 2 1 3 4 5 3 5 5 2 1 5 1 2 3 2 3 5 4 4 2 3 5 3 1 1 5 2 2 4 5 2 3 3 5 5 1 2 2 1 1 1 4 3 0 2 4 1 2 3 1 5 3 4 1 5 4 2 5 4 5 2 4 2 5 2 5 4
4 5 1 4 3 2 5 2 1 5 1 2 3 1 2 1 5 5 4 5 2 3 2 1 4 4 1 2 1 4 1 2 4 2 2 3 4 1 3 4 5 2 4 4 5 1 1 4 2 4 4 4 5 2 4 5 2 0 3 3 1 3 4 3 2 1 4 4 3 4 3 4 3 2 4 3 5 2 5 5
5 2 5 1 1 4 4 2 3 3 4 3 2 2 5 4 2 4 2 1 5 1 2 5 2 4 3 2 5 3 5 5 1 4 4 2 5 1 2 4 2 2 3 5 2 1 4 5 4 5 5 3 4 3 3 4 2 1 0 5 3 3 4 2 2 2 2 2 4 2 1 4 1 5 5 2 3 2 5 5
2 3 1 3 3 2 4 1 5 3 5 4 5 5 2 2 1 2 2 4 4 4 5 3 5 1 2 3 1 3 1 2 4 3 1 2 3 2 3 1 2 5 1 3 1 5 2 5 5 1 2 2 1 3 5 2 3 3 3 0 4 5 2 4 3 5 5 4 5 4 5 4 2 1 4 4 3 4 1 3
1 3 4 5 4 2 3 3 2 5 2 1 4 3 3 4 4 3 1 5 3 1 5 1 1 5 1 1 2 5 1 2 5 2 2 4 4 4 2 3 2 5 1 4 3 1 5 2 2 2 2 2 2 2 4 4 4 3 2 5 0 3 4 4 4 1 2 3 1 5 3 5 5 3 1 5 5 4 4 4
5 4 4 5 2 5 4 2 1 2 3 2 1 4 2 1 5 4 5 4 3 3 3 3 5 3 5 4 3 5 2 2 2 4 2 1 2 4 4 5 2 3 4 1 3 3 2 2 1 1 5 5 4 5 5 2 2 3 3 5 3 0 1 2 1 1 5 4 5 1 2 4 1 2 4 1 2 3 3 4
1 2 2 2 5 4 5 1 4 5 3 4 1 2 3 5 3 4 4 1 2 5 1 1 4 4 2 1 3 1 4 4 5 2 1 3 1 1 2 4 3 2 4 5 4 3 1 3 5 1 2 1 4 2 1 2 5 3 2 2 1 2 0 2 2 1 5 3 1 1 4 2 1 2 5 3 3 1 5 4
1 4 3 1 2 1 3 3 3 4 1 3 5 1 2 3 1 5 1 3 1 4 2 1 3 3 4 1 2 3 3 3 1 4 2 4 4 3 1 1 1 4 4 3 5 5 1 3 5 1 3 2 1 2 3 5 2 1 1 5 4 3 1 0 3 3 3 4 5 5 1 5 4 2 1 1 3 3 4 1
3 3 4 4 1 5 5 2 2 4 2 5 5 2 4 2 3 5 2 1 4 1 3 5 5 3 5 3 4 4 4 4 3 1 4 1 1 1 4 2 1 3 5 4 5 5 4 2 4 2 3 3 3 4 5 1 4 4 2 2 2 2 1 1 0 4 3 3 1 1 4 3 3 2 5 2 2 5 2 2
4 2 4 3 4 3 2 3 3 1 4 1 2 1 2 3 5 3 4 1 1 4 1 2 2 3 2 3 2 3 3 3 5 1 1 4 2 4 4 2 3 4 4 1 3 4 3 1 4 4 2 4 5 4 5 4 2 2 2 4 4 4 3 2 1 0 5 1 2 2 3 4 3 5 3 3 4 5 4 1
5 1 4 3 4 4 1 1 1 2 5 3 3 3 3 3 1 2 1 4 1 1 2 1 2 3 1 3 2 1 5 3 1 1 5 1 1 2 5 1 2 4 4 2 5 3 5 2 4 1 3 5 3 1 2 2 2 4 1 4 1 2 4 1 3 4 0 4 3 3 5 2 4 2 5 1 2 1 4 3
2 5 4 3 5 2 4 2 3 2 2 3 4 3 3 5 5 4 4 4 3 1 5 2 5 2 4 4 1 2 5 3 2 2 1 1 1 4 2 3 5 4 5 3 1 1 3 2 1 5 1 2 5 3 4 2 3 5 3 4 5 5 3 4 2 2 5 0 5 3 3 3 4 2 1 3 4 3 1 5
3 3 1 3 1 2 1 1 2 4 4 5 5 4 5 3 2 5 4 1 5 5 3 3 4 4 5 5 5 5 1 4 4 1 1 2 2 2 1 5 4 5 3 5 2 1 5 1 2 4 5 4 2 4 4 1 2 4 1 3 1 4 2 4 1 5 3 4 0 4 4 3 3 1 5 2 3 2 4 3
3 3 2 3 4 5 2 1 2 5 4 4 3 5 3 4 1 4 3 2 3 4 5 2 5 3 1 5 1 1 3 1 5 1 4 5 3 5 2 2 5 5 2 2 1 1 4 4 4 3 5 5 3 5 5 5 5 3 4 2 2 5 5 4 2 1 1 4 2 0 5 3 5 4 1 5 1 4 3 4
1 5 3 5 5 4 2 3 3 2 2 3 1 3 1 5 2 1 5 3 4 3 3 2 4 3 5 4 1 4 1 5 2 2 4 5 3 4 4 2 1 2 3 4 3 4 2 4 3 4 1 3 3 1 1 4 1 4 4 2 2 4 2 2 4 3 1 3 4 4 0 3 1 5 4 3 1 5 1 4
2 2 4 2 2 1 3 4 4 3 3 3 5 4 1 2 1 4 5 1 5 1 5 2 3 3 3 2 3 5 4 5 1 1 4 4 5 5 2 3 1 5 4 1 3 5 3 4 5 3 2 3 5 1 4 1 4 5 5 5 4 5 1 3 5 2 5 2 2 5 3 0 1 1 3 4 3 3 1 5
4 2 3 5 1 2 1 3 4 4 3 4 3 4 5 1 5 4 5 3 2 1 2 4 2 1 3 1 2 3 4 5 1 4 2 4 3 3 3 3 2 3 5 5 5 3 2 3 5 3 2 1 5 5 1 4 5 1 5 5 5 5 1 5 4 2 2 5 2 1 4 3 0 3 4 3 4 1 2 2
2 4 3 1 4 5 4 1 5 5 4 2 5 5 4 1 4 1 4 5 2 3 2 2 1 3 1 3 5 4 5 4 1 3 3 4 2 4 4 5 1 2 2 2 4 4 5 2 1 1 4 2 1 4 5 1 3 1 3 2 3 5 1 4 1 2 4 4 4 2 3 5 5 0 1 1 1 3 3 3
2 1 1 5 3 2 4 2 1 4 4 1 3 4 3 2 4 5 2 1 1 5 4 5 5 1 3 5 4 3 4 1 3 5 4 5 2 3 2 5 2 1 2 1 1 1 4 5 2 3 5 3 3 3 3 4 3 1 4 5 4 1 2 1 4 4 2 4 3 5 1 1 2 1 0 5 4 3 2 2
3 3 4 2 2 2 5 3 5 2 1 4 2 5 5 1 3 2 1 3 1 5 5 3 1 1 3 5 4 2 1 1 4 3 4 2 5 2 3 4 4 5 3 2 2 4 1 1 1 1 5 4 2 4 3 3 3 3 1 4 1 3 3 1 1 2 5 4 2 1 2 5 5 5 3 0 5 3 3 4
1 4 3 4 3 2 3 3 1 3 4 5 4 2 2 2 2 5 5 2 5 5 5 2 4 4 2 5 4 2 3 5 1 1 3 1 4 5 5 3 5 5 1 3 1 1 4 3 1 5 4 3 2 1 2 1 2 1 3 3 2 1 1 1 3 3 1 2 2 5 1 2 4 2 5 1 0 5 4 1
4 3 3 2 1 2 3 4 4 1 5 5 1 2 1 1 4 5 5 3 2 4 1 2 4 3 2 1 3 5 3 5 4 2 4 5 5 5 5 5 2 3 4 1 4 1 1 3 5 1 5 3 5 1 1 5 2 3 4 3 5 5 3 1 3 3 2 1 4 4 1 5 1 1 2 5 3 0 1 4
4 4 3 4 5 3 4 2 1 5 3 4 3 5 2 4 1 3 5 4 2 5 4 1 2 1 5 5 5 5 4 1 5 5 2 5 1 5 3 1 5 2 4 3 3 5 2 1 2 1 1 2 5 4 2 5 3 5 4 4 3 2 4 4 2 4 3 3 4 4 1 4 3 3 2 5 3 1 0 5
1 1 2 5 4 3 1 5 1 1 3 1 1 5 5 5 2 5 3 4 5 4 1 5 1 4 1 5 4 1 4 1 1 4 3 2 3 4 5 2 4 2 1 5 5 3 1 2 5 2 4 5 4 1 5 5 2 2 5 2 4 1 2 2 3 4 1 4 4 1 5 2 1 2 4 4 1 2 5 0
63 61 11 44 78 75 18 17 78 17 26 4 57 47 70 55 63 33 35 20 77 8 33 79 35 53 13 22 22 4 70 22 20 21 21 62 55 60 39 71 2 20 76 64 7 60 29 11 42 5 60 31 46 78 2 38 1 68 12 11
29 27 75 72 51 20 41 52 60 20 46 63 43 8 75 56 35 12 72 7 73 48 31 12 42 16 63 23 73 50 17 47 38 76 47 50 2 21 42 34 34 48 49 71 19 69 2 39 58 8 26 7 37 68 71 46 75 44 75 77
50 70 57 45 61 35 59 75 22 47 42 58 4 80 50 68 31 67 27 29 7 56 24 38 4 50 17 36 18 31 42 48 72 15 13 65 48 64 17 66 33 58 62 29 73 78 11 48 1 18 5 39 10 43 67 20 4 49 65 68
25 42 36 65 25 53 62 55 9 27 61 2 59 60 5 38 76 3 79 45 16 7 13 46 75 33 31 20 24 59 46 14 31 44 20 51 46 4 49 10 50 41 46 65 35 5 73 68 72 76 73 27 30 33 75 60 44 29 20 71
77 56 28 38 56 77 42 43 40 14 28 9 61 52 51 22 23 49 34 26 51 25 7 44 6 26 68 24 19 58 1 59 55 80 78 70 37 46 54 54 6 60 44 40 74 16 66 49 20 61 43 21 24 6 50 75 10 33 39 14
48 46 12 56 38 70 48 62 62 22 64 55 22 53 68 79 53 10 2 10 3 39 8 30 8 42 16 54 17 45 15 3 6 78 30 69 72 6 76 57 69 67 50 30 69 8 68 14 62 38 61 54 64 76 11 7 38 62 37 17
58 9 16 4 67 18 51 50 38 10 18 47 35 45 4 45 16 68 54 80 17 34 36 37 10 19 45 47 36 19 62 53 41 29 50 9 11 45 73 3 5 62 17 17 18 45 15 23 67 40 46 24 73 41 44 15 18 74 71 60
5 73 19 53 63 34 66 72 12 23 24 15 48 63 2 7 46 27 22 53 15 77 59 62 29 40 66 43 37 57 74 75 5 36 71 53 13 55 66 77 44 63 23 9 53 1 54 43 52 7 70 69 32 22 79 59 40 80 53 24
64 32 18 22 17 36 40 6 33 63 71 29 21 10 10 41 69 14 71 39 13 46 16 43 61 73 33 60 64 32 66 20 17 17 62 59 54 43 13 8 74 14 55 53 55 44 1 46 38 11 21 76 51 11 45 48 79 42 48 48
45 72 52 1 29 56 14 1 42 68 48 32 16 59 30 14 62 50 18 77 48 72 4 16 68 55 39 65 34 14 13 60 51 8 12 75 21 72 78 43 64 69 11 55 30 49 50 8 79 4 62 77 66 7 57 23 77 72 70 34
8 47 71 79 31 25 55 57 10 36 76 62 54 42 19 18 66 16 1 73 45 35 27 56 36 47 48 76 76 34 54 2 50 69 66 31 19 26 5 29 41 30 70 27 8 15 7 64 15 63 25 70 60 75 73 29 47 26 14 21
68 16 68 49 66 40 38 46 30 40 25 19 73 77 39 51 36 11 62 34 58 6 15 52 62 30 19 51 68 54 37 33 65 26 9 6 42 24 37 9 59 25 79 16 47 64 14 42 56 59 13 74 50 72 34 54 8 48 28 18
35 76 34 2 40 62 4 45 18 15 55 43 69 27 40 8 51 76 42 50 39 41 69 50 34 63 25 79 31 16 5 39 37 54 8 27 56 19 34 61 80 24 58 73 57 48 40 30 19 2 64 53 22 61 17 37 19 25 3 76
78 18 1 67 19 69 33 37 15 45 41 69 74 74 31 76 49 1 31 46 43 18 17 49 58 78 52 46 1 56 76 21 21 38 72 68 74 44 58 73 36 15 21 33 13 39 52 75 74 42 17 11 1 54 42 5 80 37 44 2
55 63 17 13 60 54 5 42 52 55 16 51 62 30 1 71 12 45 24 65 23 16 20 7 65 11 67 49 48 23 77 76 9 47 56 5 51 54 21 41 43 51 72 35 75 41 34 53 37 30 9 8 63 10 60 67 68 2 47 58
70 36 8 17 49 27 47 36 54 77 3 30 1 19 72 33 68 31 56 41 18 63 58 51 76 74 60 64 13 43 72 45 71 18 26 58 40 51 23 46 72 43 74 79 42 65 78 55 28 10 59 4 72 38 63 21 32 38 13 70
53 12 27 11 12 9 78 16 44 12 30 36 31 56 24 61 9 8 15 55 5 52 71 72 63 65 18 9 7 41 60 28 40 43 55 1 29 70 63 35 4 79 45 1 5 30 38 54 73 66 53 30 31 28 27 63 78 3 56 79
74 26 38 78 9 22 58 8 26 44 65 75 13 58 76 42 33 9 10 57 14 51 77 70 1 61 41 66 23 24 36 62 66 62 2 19 39 63 44 31 68 76 36 76 45 59 32 40 26 12 34 64 9 44 32 61 36 66 77 13
73 74 13 23 28 65 3 49 47 18 8 25 11 46 42 27 52 72 67 62 59 76 14 5 48 35 23 75 38 47 53 24 43 63 79 15 58 78 71 80 37 31 69 3 65 46 13 63 49 48 48 19 57 26 41 32 69 56 38 22
54 43 30 61 37 80 22 58 39 3 79 46 52 34 27 64 75 69 37 25 49 64 75 9 23 77 62 35 65 44 18 44 48 12 36 26 45 73 46 36 7 50 20 59 1 17 67 44 31 67 77 46 75 57 70 47 76 35 66 9
31 60 3 37 42 28 77 68 51 75 20 3 20 21 69 10 24 0 0 33 79 53 56 26 72 79 42 25 77 0 19 30 60 52 34 72 49 67 36 14 1 37 29 75 15 37 0 3 25 13 8 71 74 23 72 14 48 23 22 7
9 50 0 24 52 44 57 80 71 28 22 77 60 78 54 15 26 0 0 74 9 58 22 41 39 29 38 29 35 0 2 0 30 0 28 67 27 13 43 0 0 80 37 48 29 28 0 45 0 23 71 0 76 19 15 76 74 69 58 16
42 24 0 15 36 37 8 12 32 33 9 57 42 18 0 69 37 0 0 28 27 36 70 64 27 72 2 31 0 0 40 0 67 0 7 43 69 17 29 0 0 66 27 0 36 70 0 22 0 45 30 0 27 69 49 43 54 45 67 32
38 59 0 34 4 50 0 4 4 52 59 41 25 5 0 31 17 0 0 30 80 44 66 65 24 0 8 72 0 0 73 0 75 0 51 35 41 52 64 0 0 75 9 0 24 0 0 0 0 51 75 0 77 31 76 70 23 40 50 67
4 0 0 0 2 7 0 0 7 26 53 23 64 17 0 0 58 0 0 24 31 9 0 54 49 0 76 57 0 0 48 0 42 0 57 76 5 69 50 0 0 10 2 0 0 0 0 0 0 0 41 0 11 45 64 73 45 57 19 56
67 0 0 0 0 10 0 0 24 24 66 61 55 76 0 0 21 0 0 17 57 71 0 18 16 0 50 56 0 0 28 0 13 0 0 0 0 0 48 0 0 74 71 0 0 0 0 0 0 0 20 0 16 34 39 10 0 13 27 78
17 0 0 0 0 38 0 0 68 0 33 80 6 55 0 0 8 0 0 1 6 55 0 66 66 0 29 69 0 0 0 0 22 0 0 0 0 0 0 0 0 27 39 0 0 0 0 0 0 0 36 0 0 29 58 42 0 76 18 26
18 0 0 0 0 0 0 0 21 0 0 0 0 6 0 0 30 0 0 0 0 0 0 36 78 0 64 41 0 0 0 0 0 0 0 0 0 0 0 0 0 16 7 0 0 0 0 0 0 0 15 0 0 0 37 8 0 47 63 57
0 0 0 0 0 0 0 0 0 0 0 0 0 68 0 0 3 0 0 0 0 0 0 0 7 0 43 0 0 0 0 0 0 0 0 0 0 0 0 0 0 61 0 0 0 0 0 0 0 0 0 0 0 0 0 45 0 0 34 59
0 0 0 0 0 0 0 0 0 0 0 0 0 0 0 0 0 0 0 0 0 0 0 0 0 0 0 0 0 0 0 0 0 0 0 0 0 0 0 0 0 55 0 0 0 0 0 0 0 0 0 0 0 0 0 53 0 0 80 0
