60 80 50 20 30
5
2
2
1
2
5
1
5
2
5
1
2
5
5
5
5
1
1
5
5
4
5
1
1
2
2
4
5
2
4
5
2
1
2
2
2
4
3
2
3
2
5
1
3
1
3
1
4
2
3
1
3
4
1
4
3
2
1
5
5
4
2
3
5
5
4
1
1
1
1
4
3
4
4
3
4
1
1
4
5
0 2 3 3 1 5 1 4 1 2 4 1 2 3 1 1 1 5 3 1 2 1 1 3 5 1 3 1 3 2 2 4 1 5 3 4 4 1 5 2 2 2 4 4 5 3 3 3 4 1 5 4 4 1 4 3 2 3 5 2 3 1 4 5 2 2 4 1 4 1 3 3 3 2 5 4 1 5 3 2
2 0 5 2 1 3 2 3 4 5 5 4 5 5 3 5 2 3 3 4 3 5 5 2 1 3 3 5 5 3 2 3 3 1 4 1 4 4 5 2 5 4 4 1 2 3 5 2 4 5 1 1 1 5 1 5 2 4 2 5 3 3 3 1 5 2 3 4 2 5 4 5 2 1 5 1 4 3 5 3
5 5 0 1 2 4 3 3 1 1 3 3 3 2 3 3 2 3 5 3 5 1 3 5 2 3 3 5 4 1 2 3 4 4 1 3 4 3 1 4 1 4 1 4 3 1 5 4 1 5 1 2 1 1 2 1 5 5 1 5 3 5 1 4 1 2 1 5 3 3 5 2 4 2 2 1 2 2 1 4
5 2 2 0 3 3 1 2 1 2 5 5 1 1 1 4 1 3 4 5 1 4 4 2 3 3 2 4 1 2 4 5 1 3 2 1 4 3 2 2 5 2 2 5 5 3 5 4 3 4 1 3 3 5 3 3 5 5 1 5 3 1 1 4 4 5 3 5 2 4 1 3 1 5 2 4 1 5 3 5
5 1 1 4 0 4 3 2 1 2 2 5 2 2 2 4 4 1 4 4 4 2 3 2 3 1 1 4 3 3 2 1 1 4 3 1 2 1 5 5 1 3 3 1 1 1 3 4 3 3 1 4 2 3 5 1 1 1 3 1 1 5 3 5 5 2 2 1 4 4 3 1 3 4 1 1 2 5 3 5
2 3 2 2 4 0 4 5 1 5 5 5 2 5 5 4 3 3 4 2 5 4 1 5 5 2 2 3 3 1 1 4 1 2 3 4 2 3 5 2 2 4 2 4 2 2 1 3 3 4 1 4 4 5 1 1 2 3 2 3 2 3 5 3 2 2 4 5 3 4 4 2 4 3 1 1 1 2 5 1
1 2 5 2 3 1 0 1 2 5 4 5 4 3 4 4 1 1 1 2 4 2 2 1 2 1 4 5 2 3 5 2 1 3 5 3 4 3 3 1 4 2 1 5 1 4 3 1 4 3 4 5 2 4 3 1 1 1 1 4 2 3 2 5 5 4 1 2 4 2 1 1 2 2 5 4 2 4 1 5
1 5 1 3 1 2 1 0 2 4 1 4 5 5 2 5 5 3 5 4 1 1 4 5 1 3 1 1 3 3 4 1 4 3 5 4 2 2 2 3 2 3 1 3 1 2 5 1 1 1 5 3 4 3 5 2 4 3 4 2 2 2 5 2 3 4 4 2 4 2 2 1 2 4 5 5 2 5 4 4
4 1 1 2 3 4 3 5 0 3 5 5 1 4 5 4 3 1 3 4 4 5 3 5 3 2 2 2 1 4 5 4 2 1 4 5 5 5 2 2 3 1 1 2 3 4 3 5 4 5 4 2 5 2 5 4 4 1 1 3 3 2 1 2 3 1 3 1 5 3 4 3 1 4 4 1 4 4 4 1
5 5 1 1 2 1 3 4 4 0 3 4 1 4 5 1 5 5 4 3 1 5 4 3 5 1 4 3 3 4 3 4 2 1 3 4 4 2 5 5 3 5 3 5 2 5 5 2 5 1 2 5 3 2 3 1 1 2 2 4 4 4 1 4 5 3 4 4 3 5 2 3 4 4 4 2 5 1 5 4
1 5 1 5 1 3 3 3 5 4 0 1 3 5 3 2 2 3 4 5 3 5 3 3 3 2 2 4 5 4 2 4 1 1 1 3 5 1 5 4 4 1 2 4 5 3 1 3 1 1 5 5 4 3 1 1 3 5 2 3 3 1 5 3 4 3 4 2 4 2 2 2 2 3 5 4 3 2 2 4
2 3 5 2 1 4 4 5 4 2 4 0 4 2 3 5 5 3 3 1 2 5 4 3 3 1 1 5 4 2 2 5 2 5 4 1 2 1 5 5 5 4 4 2 1 4 2 3 5 5 2 5 3 4 3 3 4 3 5 1 3 3 5 1 3 3 3 4 3 5 2 2 3 2 1 1 5 4 5 5
2 5 1 2 4 4 1 1 5 5 4 3 0 5 1 5 3 2 2 4 2 4 5 3 3 5 4 1 4 3 3 1 4 4 5 1 2 4 5 5 5 5 4 2 2 3 3 4 4 5 4 1 1 1 2 1 2 1 3 4 4 4 2 2 4 1 2 3 2 5 3 2 1 2 2 5 4 5 3 4
1 4 5 5 2 3 1 1 3 2 1 3 3 0 2 1 4 2 2 2 3 3 3 4 1 5 4 2 2 3 3 5 2 5 3 1 4 4 4 1 4 2 5 4 2 5 5 4 1 2 2 3 5 5 5 1 5 1 5 2 4 5 3 3 4 3 5 1 4 1 1 2 4 3 2 4 2 3 5 1
1 1 5 5 1 1 2 5 1 5 1 2 1 1 0 4 2 3 2 1 2 5 1 3 5 3 2 2 2 2 5 1 1 5 2 2 1 2 4 3 1 5 4 3 3 4 5 5 1 3 2 1 4 4 3 3 5 3 3 3 3 4 4 2 1 1 3 5 2 2 1 1 5 2 2 1 2 2 2 4
3 2 4 5 3 1 1 4 1 3 5 5 1 5 3 0 3 5 5 4 2 4 5 2 5 2 1 1 4 2 3 2 3 5 3 1 4 3 5 5 1 1 2 5 5 1 2 4 4 4 4 2 1 3 5 1 2 4 1 2 3 4 2 5 1 3 3 4 4 3 2 5 4 4 3 5 2 3 1 1
5 2 4 4 4 3 2 4 2 1 1 2 1 5 2 5 0 3 5 4 2 4 1 2 1 5 1 2 4 1 4 5 3 4 3 4 2 4 4 3 2 1 5 3 5 4 3 2 1 5 5 5 3 1 5 3 3 4 1 2 4 2 2 2 2 5 5 2 5 1 4 1 5 3 1 5 2 3 5 4
4 2 5 3 4 1 5 4 4 5 2 1 4 4 1 1 4 0 5 3 3 2 2 1 3 1 2 1 4 4 4 2 1 2 3 2 3 5 3 5 1 3 4 3 2 1 1 2 4 5 4 1 3 5 2 3 1 5 1 1 2 4 5 4 3 2 1 4 3 2 4 1 1 3 4 4 2 2 2 4
5 3 5 4 4 2 1 3 2 5 3 4 3 3 4 2 2 5 0 4 1 4 4 5 4 4 5 4 2 1 3 2 2 3 3 4 2 4 1 4 3 2 5 2 2 2 4 3 2 2 2 1 3 5 3 1 1 3 3 2 4 3 5 5 5 1 2 3 4 1 1 3 1 2 3 2 4 5 3 1
5 1 3 4 4 1 1 2 2 2 4 1 3 2 4 4 4 2 2 0 2 3 3 2 3 2 4 5 3 4 5 4 3 1 1 2 5 4 2 5 4 2 5 1 3 3 2 4 4 2 1 5 5 4 3 5 4 4 5 2 5 2 2 1 1 5 2 4 3 4 4 5 4 1 1 5 4 5 1 1
2 5 2 2 4 3 1 5 5 4 5 2 5 3 3 1 1 5 2 5 0 4 3 4 2 2 1 2 2 1 1 2 5 4 1 5 4 2 1 1 4 4 1 4 2 2 3 4 3 4 1 5 4 4 3 3 4 2 2 4 3 2 2 1 1 2 3 4 4 2 3 3 2 2 5 4 4 2 4 3
3 1 4 4 1 4 4 2 2 2 4 1 4 3 2 2 1 1 2 1 3 0 1 3 5 1 1 1 4 2 3 3 1 1 2 4 4 3 4 2 5 3 1 4 2 4 5 3 5 2 1 5 1 5 2 4 3 1 4 1 1 1 4 1 2 3 2 1 2 1 1 2 2 5 5 1 1 1 4 3
3 3 2 2 3 5 1 3 2 2 1 4 4 1 5 5 5 3 5 4 5 5 0 2 3 3 2 2 5 3 2 1 4 4 2 1 2 4 1 5 4 3 3 5 2 5 2 2 2 4 2 2 5 1 2 5 1 5 2 5 5 5 4 5 2 5 1 3 1 4 5 4 4 1 5 5 1 2 3 2
1 1 3 4 4 2 1 3 1 2 3 4 3 4 3 3 1 1 5 4 4 2 3 0 5 2 3 2 2 1 5 5 2 2 1 5 3 3 5 4 2 1 2 5 3 4 3 5 4 2 1 5 2 4 1 1 2 2 1 3 2 5 4 5 3 2 1 5 4 1 1 1 2 5 2 2 5 1 2 3
2 2 5 1 2 1 2 3 1 2 2 1 2 2 3 3 1 4 4 3 4 5 1 2 0 3 4 1 1 4 2 4 5 5 5 3 2 1 3 1 5 1 1 1 5 5 5 2 2 4 2 3 1 3 5 5 4 2 3 4 3 3 5 2 2 3 3 2 1 2 1 2 3 5 5 5 3 4 4 2
3 3 4 1 3 2 2 1 4 4 4 2 5 5 5 4 1 3 2 2 1 4 5 5 2 0 4 3 2 2 2 5 1 1 4 4 2 2 4 1 2 5 1 2 1 5 4 5 3 3 3 5 1 5 3 5 1 4 1 4 5 1 3 1 1 3 4 3 4 4 2 1 4 2 5 5 2 5 3 2
1 5 3 2 1 4 2 4 2 5 1 2 3 1 3 4 1 5 2 4 2 4 4 3 3 5 0 3 3 2 5 3 2 5 3 2 5 3 2 5 2 3 3 2 5 1 1 5 4 1 1 3 3 4 2 3 1 3 3 3 2 4 4 1 1 5 4 1 5 4 1 2 5 4 3 1 4 1 1 3
1 3 2 4 1 1 1 1 5 1 5 3 2 4 2 4 4 4 1 4 1 5 1 1 2 2 3 0 4 3 1 4 1 2 1 4 4 2 3 2 3 3 5 5 1 3 1 4 5 5 3 4 3 4 2 1 5 5 3 3 5 4 4 2 3 4 5 5 3 1 4 2 4 1 1 2 1 3 3 2
4 4 4 4 5 3 4 2 5 3 5 4 5 5 3 5 5 5 1 1 2 3 2 5 2 1 4 4 0 4 5 1 2 5 3 3 1 4 5 4 1 3 2 3 3 2 5 1 5 1 2 4 1 3 4 5 1 1 1 3 4 2 1 2 2 2 4 4 3 4 4 5 4 1 3 1 5 2 1 1
4 2 4 1 4 3 5 2 1 1 4 5 3 1 2 2 3 3 4 2 3 3 2 1 5 1 2 2 4 0 4 1 3 1 2 5 3 5 1 3 4 4 1 2 4 5 3 5 4 5 4 1 1 1 3 5 4 5 3 4 1 2 4 5 4 3 5 3 4 2 4 5 5 2 3 3 4 5 3 5
4 1 1 3 4 4 5 5 4 2 5 5 5 2 3 1 2 2 1 5 3 1 4 5 5 5 2 5 3 3 0 5 4 2 4 4 1 5 3 1 4 3 3 3 2 2 1 5 4 4 4 2 2 1 3 2 4 4 5 2 1 2 4 1 4 2 5 5 2 1 1 1 5 3 4 1 3 4 4 2
5 1 5 3 5 5 3 4 3 4 5 2 2 4 5 5 3 1 3 1 3 4 4 1 3 4 2 3 3 2 3 0 1 5 4 3 3 4 5 1 3 3 5 4 4 5 3 1 4 1 4 2 1 1 2 1 2 2 1 2 4 4 1 5 5 4 1 1 2 1 2 3 5 5 4 4 5 5 5 3
3 3 5 3 3 1 4 2 4 1 5 1 3 5 5 3 5 5 4 3 4 1 3 3 3 2 3 2 4 4 1 4 0 3 4 3 2 4 1 4 4 3 4 4 3 1 1 5 5 3 4 3 4 1 1 1 4 4 2 1 5 5 4 1 5 3 3 4 1 3 1 2 2 3 1 3 1 4 2 4
1 3 2 5 5 1 3 3 3 2 3 4 3 3 2 2 3 3 3 2 1 1 2 5 1 3 1 2 4 4 1 2 3 0 5 3 5 3 2 5 3 5 4 1 5 5 1 4 5 3 4 4 1 3 4 4 3 4 2 1 1 5 4 2 4 1 4 3 4 4 1 3 1 3 5 5 2 1 2 3
3 1 1 5 2 5 4 3 5 5 2 5 1 1 2 3 3 2 5 1 3 1 5 5 2 3 2 1 5 4 5 3 2 2 0 5 4 4 5 3 2 3 4 3 3 3 2 5 5 5 5 4 4 5 5 4 2 1 4 1 4 5 3 5 4 3 2 1 5 3 4 4 2 3 4 5 5 3 4 2
1 5 5 1 2 2 2 1 4 3 5 2 5 1 2 1 5 4 5 5 1 1 3 4 3 3 5 3 2 3 5 1 4 2 1 0 4 3 5 1 1 3 1 4 4 3 2 2 5 2 3 1 2 1 5 2 1 4 5 4 1 3 1 2 2 4 1 4 2 3 2 2 4 2 3 3 3 4 2 4
5 4 3 2 1 2 1 3 1 1 5 5 2 1 5 1 2 2 4 4 2 4 5 4 2 3 2 1 3 2 3 2 5 3 4 4 0 3 5 4 4 3 4 1 4 3 4 3 5 2 4 5 1 3 5 4 5 4 4 2 5 1 1 2 1 2 3 3 3 3 5 1 3 4 2 3 5 4 5 5
4 2 3 3 1 2 3 5 4 5 5 5 2 3 4 5 2 5 5 3 5 2 2 5 3 1 3 3 1 2 2 2 3 1 2 5 3 0 1 1 5 2 5 2 5 3 3 2 3 5 3 5 2 1 4 2 5 5 1 3 3 4 3 5 2 3 5 1 1 4 2 4 1 3 1 2 4 4 1 1
2 5 2 2 1 3 1 1 2 3 5 4 4 5 1 5 4 2 2 5 5 1 5 3 4 5 3 3 3 5 4 4 3 4 5 5 5 1 0 4 3 4 5 4 4 1 3 3 3 4 1 1 4 3 2 5 4 3 5 5 2 1 2 5 5 4 3 5 4 3 3 2 2 3 3 1 3 4 5 3
5 1 4 3 4 1 3 1 2 4 2 1 2 1 3 4 3 1 3 3 3 1 3 4 2 4 2 1 4 1 3 4 4 4 3 2 1 3 2 0 3 2 1 4 3 2 1 2 5 2 5 1 1 1 3 1 5 4 4 4 1 5 2 3 5 5 5 3 3 1 3 4 2 5 2 5 5 4 3 3
3 5 2 4 3 1 4 2 2 2 1 1 2 2 3 1 4 1 2 5 5 3 3 2 4 3 2 2 3 2 2 2 2 5 5 1 4 1 3 4 0 2 5 2 1 3 4 2 4 4 1 2 1 5 4 4 2 5 4 4 5 1 5 1 2 3 3 2 1 5 1 4 2 4 4 5 3 4 3 3
2 3 5 2 5 5 2 4 1 2 1 3 2 1 5 3 1 2 4 5 1 4 1 5 2 3 5 3 4 5 1 4 1 4 5 1 2 4 1 4 1 0 4 5 1 2 3 5 3 3 1 4 3 5 2 1 3 5 1 2 1 1 1 3 1 5 4 5 3 4 2 3 4 3 4 5 4 3 4 4
4 2 1 4 3 1 3 5 1 5 2 1 2 5 4 1 5 5 1 4 3 3 5 3 5 3 5 3 1 5 1 5 2 4 4 4 2 5 3 2 1 2 0 1 1 3 5 1 2 5 3 3 5 4 3 4 2 2 5 2 4 1 5 5 4 2 1 4 2 5 5 3 1 2 1 4 2 2 1 3
5 1 2 1 4 5 1 5 4 4 4 1 3 3 5 1 1 5 3 1 3 5 4 4 4 5 1 2 3 5 5 3 4 3 1 2 4 1 2 4 1 1 1 0 3 5 2 1 4 4 5 2 1 1 5 1 2 4 4 1 3 1 3 2 2 5 5 1 2 5 5 1 2 1 5 4 5 2 5 1
1 5 3 3 1 1 4 1 4 5 4 5 1 4 4 3 1 1 1 3 3 1 4 5 1 1 5 3 5 3 5 3 3 3 3 4 3 1 2 4 5 2 3 1 0 5 1 3 1 4 4 1 3 2 1 5 5 2 3 4 5 4 5 2 1 5 5 1 4 3 4 3 3 5 1 2 1 2 2 5
3 2 5 5 4 5 5 1 2 4 1 2 2 2 2 4 5 1 4 3 1 3 1 4 1 3 4 1 5 4 5 3 2 3 3 5 1 5 3 1 1 4 1 4 4 0 1 2 4 1 1 5 4 1 3 4 3 2 5 3 5 2 4 5 2 4 3 2 5 2 2 1 4 2 2 3 3 4 4 5
3 1 4 1 3 2 2 5 5 4 4 1 4 3 1 3 5 1 2 1 2 2 4 1 4 5 5 2 5 4 5 1 1 4 2 4 3 1 5 2 5 4 3 5 1 1 0 3 5 2 1 2 2 5 4 3 1 2 5 4 4 5 2 5 5 4 2 2 1 2 5 4 4 3 4 5 2 5 4 3
4 1 2 1 2 5 2 3 5 3 1 5 2 3 4 1 4 4 1 4 3 1 3 1 4 4 4 1 3 1 1 3 1 4 4 2 1 3 3 5 2 3 2 1 1 3 4 0 1 1 4 1 1 3 4 5 2 1 2 5 4 5 5 1 5 2 4 4 1 1 4 3 3 3 3 3 3 5 3 4
2 2 4 5 4 5 3 2 2 1 2 5 2 4 3 3 4 5 2 4 2 4 2 4 1 4 5 3 2 4 5 2 1 3 4 3 2 2 3 1 2 3 1 2 2 5 3 3 0 3 3 3 3 3 3 4 5 4 3 1 2 4 2 1 2 4 4 5 4 2 4 5 3 2 1 5 5 5 2 2
4 3 3 2 4 3 1 5 3 3 2 3 2 1 2 1 1 3 1 1 1 3 3 2 4 3 4 1 1 2 4 5 1 3 2 3 2 3 5 1 2 5 5 1 2 1 5 2 4 0 3 4 4 4 3 2 4 5 3 4 1 4 3 2 4 2 3 4 2 2 5 4 2 5 5 2 2 3 1 3
3 4 5 5 2 5 5 2 1 3 5 2 4 4 3 2 4 2 3 4 2 5 2 4 3 5 2 2 3 5 2 5 1 5 1 2 5 5 2 3 1 3 1 5 1 2 5 1 1 5 0 5 5 5 3 3 4 1 1 5 1 3 4 5 1 1 5 1 3 4 5 3 4 5 1 5 2 2 3 1
2 2 1 4 5 1 3 1 5 1 1 5 1 2 3 5 3 5 5 2 1 1 1 4 2 4 4 1 1 2 3 2 3 5 1 1 2 3 2 3 4 5 3 3 5 4 5 3 4 1 1 0 2 3 5 4 3 5 1 2 1 1 3 1 1 3 1 2 5 3 1 2 4 1 4 4 3 5 1 5
4 2 5 5 3 2 2 1 3 2 3 2 1 3 4 2 5 3 3 1 5 3 4 3 3 5 5 5 5 3 2 1 2 4 5 4 5 2 1 1 5 3 5 1 5 3 4 2 2 2 4 2 0 3 4 3 3 2 2 4 1 5 5 2 1 1 3 2 3 3 3 4 1 2 4 2 3 4 1 3
4 1 4 1 4 2 2 3 4 2 5 2 4 2 3 5 2 1 4 2 1 3 4 4 4 5 1 3 1 5 4 1 5 4 4 3 4 2 2 4 2 5 1 1 3 3 3 2 2 4 2 2 5 0 2 2 3 3 4 4 5 5 4 4 2 1 3 4 5 5 5 3 5 5 4 1 4 3 1 2
4 2 3 2 1 2 4 3 2 3 3 5 5 1 5 3 3 5 5 4 2 4 5 3 2 5 1 5 4 4 3 1 3 2 2 1 3 4 3 3 3 2 5 3 3 4 2 1 5 4 5 1 2 5 0 3 4 3 1 2 1 5 4 4 4 3 5 4 2 2 4 2 2 3 3 3 5 4 3 3
1 1 4 3 5 5 2 3 2 4 3 2 5 1 5 1 1 2 1 2 1 5 3 3 5 5 3 5 3 2 5 2 3 2 4 5 4 2 4 1 5 3 2 2 2 5 1 5 5 5 3 4 1 5 5 0 3 1 2 4 5 5 5 1 5 2 1 2 2 2 1 3 4 4 3 1 1 2 4 4
3 3 3 2 3 2 1 2 5 1 1 3 2 5 1 5 1 3 3 3 1 5 5 3 4 3 3 2 3 2 4 2 5 5 3 3 3 2 1 5 5 2 4 5 5 2 3 1 1 1 4 2 5 5 5 2 0 5 2 5 2 1 3 2 5 3 3 5 5 2 5 5 1 2 2 5 4 5 1 1
3 2 2 5 3 5 3 2 1 2 5 3 2 3 5 3 4 2 3 5 1 5 3 5 1 1 1 5 2 1 3 4 4 3 4 4 2 4 4 3 1 5 2 1 5 1 1 3 1 2 3 5 2 3 5 2 3 0 4 1 2 5 3 3 5 4 4 1 3 5 4 2 4 3 1 3 1 3 4 1
4 4 2 3 3 3 4 5 4 3 1 1 4 3 3 4 5 2 4 4 1 1 4 4 2 4 2 1 1 4 4 3 1 5 5 3 2 4 2 4 5 1 4 2 1 3 4 4 1 5 5 4 3 5 3 3 1 3 0 3 5 1 2 1 1 2 5 1 3 1 2 4 3 3 2 4 4 4 2 5
3 2 1 4 1 5 4 4 5 5 4 5 3 1 5 4 5 4 4 3 4 5 4 5 4 5 2 5 5 1 5 3 4 3 3 4 2 5 3 5 4 3 3 4 5 4 1 5 2 2 5 5 5 1 4 2 4 3 5 0 5 4 4 3 1 5 3 1 5 3 5 3 3 2 4 2 1 5 5 3
5 3 4 3 3 1 2 2 3 3 4 3 2 1 3 3 2 1 4 3 2 4 1 2 1 1 4 3 3 2 4 4 2 3 3 3 5 5 1 4 5 4 1 4 3 5 5 4 1 5 1 3 1 1 1 2 4 1 3 2 0 2 2 3 5 1 1 3 1 2 4 5 3 4 4 3 1 2 5 3
5 3 5 4 2 1 4 5 2 1 3 1 3 4 3 4 3 2 5 3 1 5 1 4 5 4 1 3 1 4 1 1 2 1 4 2 1 4 3 4 4 1 1 5 2 5 4 5 3 4 3 2 2 1 1 5 4 2 3 5 5 0 4 4 1 1 5 3 5 5 2 3 3 4 3 3 2 2 1 4
5 2 1 2 5 2 4 3 2 1 3 1 2 1 1 1 3 1 2 5 3 5 4 1 2 4 4 4 5 4 2 5 2 5 4 4 4 5 5 2 4 5 4 1 2 4 3 5 5 3 5 1 3 2 3 2 1 3 4 5 5 4 0 4 5 3 5 4 2 4 5 3 5 1 2 3 3 4 3 5
4 2 3 2 2 2 5 5 5 1 1 3 2 4 3 2 5 3 4 2 5 1 3 4 5 4 1 4 2 5 3 1 4 5 5 5 1 4 3 2 4 3 5 4 3 2 2 1 2 1 1 1 3 1 3 4 4 1 3 4 3 4 5 0 5 4 2 3 2 4 5 5 4 2 1 4 1 4 3 4
5 2 1 4 2 5 3 1 1 4 4 2 3 2 5 2 1 5 2 3 2 5 4 2 2 5 3 4 3 2 2 5 2 5 5 3 5 2 4 2 2 2 2 1 2 3 3 1 4 3 5 5 1 1 2 3 4 1 3 5 2 4 3 1 0 2 3 4 5 2 1 3 1 3 3 1 3 4 5 5
3 1 4 3 2 5 2 5 1 4 4 2 5 3 1 2 3 3 3 4 2 3 5 1 2 4 3 1 3 3 1 1 5 4 3 1 3 1 1 4 2 4 5 1 2 3 3 2 4 3 3 4 4 2 4 5 3 3 4 5 4 4 2 4 1 0 5 5 1 3 5 1 3 1 4 1 2 1 1 3
3 1 5 4 4 5 5 3 2 5 5 2 4 2 1 4 3 1 1 4 4 3 1 4 4 5 2 1 3 2 2 5 2 1 2 2 2 3 2 3 2 4 4 5 5 1 5 1 5 2 2 1 1 4 3 4 1 4 5 5 3 1 1 1 3 1 0 1 4 1 1 5 1 2 1 3 2 2 1 1
2 2 4 5 1 1 3 5 3 1 1 5 3 3 4 2 4 3 4 5 2 5 3 4 1 2 1 5 5 3 5 3 4 4 1 2 4 5 4 5 2 3 4 4 1 3 4 5 4 4 3 5 1 5 3 4 2 1 3 2 2 5 5 4 1 1 1 0 2 5 3 4 4 5 5 4 4 2 3 4
4 5 2 3 3 5 4 2 1 1 2 3 1 1 1 4 4 5 4 5 5 5 4 5 5 4 2 3 5 3 5 3 3 5 5 4 2 3 5 4 3 4 4 1 4 4 3 3 1 3 4 2 1 2 3 4 3 1 2 5 5 2 5 1 2 4 2 2 0 2 1 2 1 4 1 5 1 3 4 4
1 1 2 3 2 5 3 3 1 4 2 3 5 4 2 1 2 2 4 4 5 5 4 4 5 1 1 2 5 2 2 4 5 1 1 4 4 4 4 1 1 4 3 5 5 3 5 4 1 2 5 5 5 1 1 2 5 1 2 4 2 3 3 1 4 2 4 4 5 0 4 4 5 1 3 5 5 5 3 3
3 2 2 5 5 4 1 1 3 3 2 4 2 2 5 4 3 3 2 1 3 2 5 3 2 4 2 5 2 2 5 3 5 1 4 4 3 3 2 3 1 3 1 2 4 4 2 2 4 5 2 3 5 1 5 3 2 3 5 4 3 4 1 3 3 3 1 3 4 1 0 1 3 4 2 4 3 4 3 1
5 4 5 2 4 5 1 2 1 2 2 1 3 5 4 3 2 4 1 2 4 1 4 2 1 4 1 3 1 1 2 3 1 3 5 5 1 2 2 2 3 1 4 2 3 4 3 2 4 3 3 5 5 4 3 4 3 5 4 5 2 5 5 1 1 1 2 5 4 4 5 0 3 4 5 3 1 1 1 2
2 4 4 4 4 5 4 3 3 5 5 5 5 1 1 1 2 5 2 3 2 3 2 4 3 1 4 3 5 1 3 5 4 1 3 3 1 1 2 3 4 2 1 1 5 1 3 5 3 1 1 5 3 3 1 4 3 4 4 2 3 3 3 4 1 5 1 1 4 3 2 4 0 1 4 2 1 4 1 5
1 3 2 1 2 2 4 1 3 1 4 4 4 5 4 5 5 5 2 2 3 1 2 4 1 3 5 3 2 3 5 3 5 2 2 5 3 2 5 4 2 2 4 1 4 3 5 5 3 5 4 5 4 5 2 2 5 2 3 1 3 2 3 5 3 3 1 4 5 1 4 3 2 0 4 3 4 1 3 1
4 5 4 2 2 1 1 1 3 3 2 2 4 3 1 1 4 5 5 2 2 4 5 4 3 4 5 1 4 5 3 4 4 4 3 2 1 4 2 4 2 2 3 2 4 4 3 5 5 2 5 2 1 5 2 1 4 2 1 1 4 5 1 3 3 5 3 4 1 5 3 2 5 4 0 3 1 1 3 1
4 1 5 2 3 5 5 4 2 1 4 2 1 4 2 2 5 2 5 4 3 2 3 4 4 2 5 4 4 3 2 2 1 5 5 2 1 1 5 3 3 2 2 4 5 4 3 5 1 2 4 5 1 3 5 3 2 5 2 1 1 5 3 2 4 3 4 3 1 2 4 5 5 4 3 0 2 5 2 1
2 5 2 4 5 2 2 1 2 2 1 3 3 5 4 1 3 3 5 2 2 1 3 2 5 1 4 4 3 1 5 5 4 3 2 3 5 3 4 5 5 3 4 2 3 1 4 3 5 2 2 3 1 4 1 2 3 2 2 3 5 1 2 1 3 4 3 4 4 3 2 2 5 4 2 4 0 3 3 2
1 2 1 5 2 1 1 1 2 2 5 3 4 5 3 2 4 2 5 3 3 2 3 4 1 3 4 4 1 1 5 3 2 2 4 3 2 2 5 3 5 4 5 5 4 4 3 1 2 5 3 4 3 4 3 5 3 5 3 2 4 5 4 3 4 1 3 4 4 5 5 2 5 3 5 2 2 0 5 3
5 2 1 3 2 5 2 4 3 3 1 1 4 3 2 3 5 1 1 4 5 2 3 4 4 2 3 5 4 3 3 1 5 3 5 2 2 5 2 1 3 2 1 4 4 4 1 4 3 3 4 3 4 4 4 4 5 5 4 5 2 5 4 3 4 4 4 3 4 1 2 2 3 5 4 2 2 1 0 5
2 3 5 1 5 3 3 4 5 2 5 1 1 5 1 2 5 2 2 4 5 5 2 5 1 2 1 4 5 2 1 5 3 4 2 4 2 1 2 3 5 1 1 4 4 1 3 5 3 2 4 4 1 2 5 5 4 1 3 1 4 2 4 4 3 1 4 1 2 1 4 1 1 5 3 2 5 3 2 0
76 11 12 38 78 78 15 73 77 9 22 12 7 52 10 57 19 51 15 66 1 57 9 13 67 43 11 1 4 48 39 42 43 10 48 62 10 66 3 69 69 29 7 30 71 59 2 66 6 72 24 54 36 58 16 65 12 42 11 67
38 71 70 61 58 20 41 42 48 4 46 75 38 66 80 78 55 50 40 41 69 23 63 2 25 20 46 70 3 65 5 20 29 32 16 40 13 19 80 50 11 41 62 33 38 66 15 77 25 16 18 30 17 68 30 23 78 52 78 57
61 28 37 39 35 35 55 78 28 35 65 57 74 47 66 3 74 66 26 54 57 12 19 16 33 71 44 25 41 41 6 18 63 56 71 52 78 5 39 73 40 5 51 45 57 60 76 33 67 30 7 58 49 63 39 13 71 71 57 71
33 78 73 55 52 55 11 45 29 78 24 69 33 35 55 1 64 43 3 9 54 56 59 39 76 80 27 71 60 66 30 34 7 17 22 48 31 70 64 15 4 70 33 79 37 35 35 7 13 8 55 74 8 38 64 21 40 18 29 61
23 55 36 33 15 79 57 75 50 6 69 10 80 20 71 52 59 39 41 34 4 16 51 11 28 1 30 38 50 37 4 40 64 69 45 7 27 61 72 40 71 42 1 49 43 25 77 10 54 67 40 21 47 33 42 63 32 51 22 17
58 54 29 48 65 73 47 71 22 12 9 3 30 21 75 72 8 2 60 76 43 28 17 72 73 28 73 43 8 40 48 74 49 58 72 17 17 67 23 22 22 31 80 15 2 13 3 20 64 51 25 2 59 47 38 7 33 5 53 52
70 66 1 9 22 18 49 60 31 76 26 66 48 4 9 49 69 42 67 50 39 3 27 75 50 3 17 50 22 7 66 37 74 35 34 53 32 60 35 76 6 71 67 35 30 48 54 18 7 12 12 24 23 43 76 26 74 70 12 30
7 3 14 71 28 34 60 74 3 50 56 58 49 11 74 33 35 28 72 42 16 77 47 38 44 73 79 15 44 36 73 41 23 59 4 68 79 20 66 18 72 2 58 17 49 50 57 50 27 56 45 43 40 3 78 67 48 54 48 45
77 57 13 11 8 37 13 47 6 55 63 41 50 33 53 62 10 14 46 74 58 29 4 79 39 51 26 47 73 59 76 54 22 2 66 61 63 18 43 64 50 47 74 25 8 22 9 2 16 47 80 25 56 48 63 58 69 30 46 15
55 12 17 29 64 58 40 35 68 28 73 20 78 80 60 35 26 61 69 71 66 18 37 54 36 34 64 39 72 67 57 7 47 33 17 16 62 7 15 14 24 18 22 72 65 12 48 55 41 33 43 64 4 74 22 79 30 10 16 69
11 60 20 79 18 25 71 32 21 15 58 14 54 28 47 58 50 54 23 72 77 55 60 7 38 67 47 3 45 8 67 80 41 73 25 72 19 62 75 6 27 15 16 64 73 68 11 35 38 22 63 20 69 22 55 24 24 63 50 63
52 24 67 13 56 41 46 1 79 33 14 73 16 48 44 76 30 62 14 5 24 58 28 60 24 61 23 54 2 22 44 16 69 72 44 5 1 23 5 59 36 12 79 36 74 74 59 71 15 57 74 51 15 69 34 17 51 34 80 2
44 80 31 73 29 65 34 8 43 69 41 74 44 79 41 67 61 21 48 70 25 40 15 47 41 70 41 22 59 61 59 24 56 25 18 23 75 49 45 74 51 46 66 77 67 30 28 51 10 13 46 6 77 46 56 76 55 17 77 44
24 70 64 19 19 72 23 27 18 7 30 40 26 13 16 11 15 22 42 19 63 79 22 53 60 25 54 67 79 78 31 10 24 11 64 47 41 51 4 66 79 40 72 59 69 73 42 53 75 14 44 11 10 16 57 36 18 2 20 70
66 44 2 15 30 56 42 36 36 65 49 36 62 62 30 41 62 35 27 20 11 70 52 58 58 68 71 5 39 12 43 68 75 46 42 70 80 22 21 52 49 44 55 4 77 5 21 44 80 78 26 9 51 71 69 8 38 11 56 42
47 58 34 1 44 27 9 39 40 17 70 54 41 10 45 50 29 18 63 35 59 76 7 36 2 50 31 69 53 31 15 15 51 55 23 32 12 16 63 67 55 45 27 44 15 71 46 46 40 21 5 44 37 77 6 54 29 76 33 48
64 69 28 3 46 9 26 48 12 16 21 62 67 30 69 42 18 49 47 3 22 80 43 69 11 36 1 35 68 18 7 63 15 18 56 35 48 34 16 4 16 23 39 18 64 24 68 72 28 20 35 39 35 10 52 45 67 72 3 54
80 21 18 67 48 22 70 56 57 24 17 47 19 9 56 15 23 33 77 30 67 75 58 66 52 77 65 28 66 20 34 9 10 29 53 78 53 36 37 29 73 36 28 62 39 54 27 1 57 80 36 73 71 75 79 4 20 53 13 3
6 8 5 52 32 68 54 67 10 63 20 34 73 8 18 12 47 20 44 2 60 6 73 51 53 12 55 36 75 55 3 12 42 21 39 42 46 25 2 17 33 72 31 76 19 70 14 65 76 28 38 3 58 56 68 10 79 40 63 58
65 73 19 32 60 39 12 33 27 13 40 52 27 77 19 38 46 64 4 63 31 21 62 4 37 35 80 12 43 27 62 5 20 47 10 49 40 43 65 45 5 69 69 39 11 43 34 21 31 62 31 66 28 40 21 80 64 62 74 12
40 30 6 77 6 28 38 9 33 40 11 7 0 71 23 32 7 0 1 25 19 65 42 0 16 21 77 41 0 60 74 14 37 60 77 0 45 71 12 10 42 78 56 80 32 28 73 49 49 50 33 18 38 57 50 61 72 49 54 66
13 1 10 20 0 45 69 40 55 2 0 15 0 46 12 0 31 0 11 0 9 27 13 0 54 65 69 0 0 4 0 19 27 61 0 0 23 63 74 0 2 76 0 0 12 79 0 42 69 68 0 0 74 39 53 40 60 21 42 0
0 39 49 42 0 38 53 26 9 32 0 30 0 6 13 0 75 0 56 0 64 46 20 0 23 40 72 0 0 0 0 64 44 0 0 0 69 75 71 0 67 0 0 0 66 0 0 0 32 34 0 0 20 23 0 12 56 47 30 0
0 38 4 45 0 52 20 4 14 43 0 43 0 3 1 0 38 0 0 0 65 49 38 0 68 5 2 0 0 0 0 76 28 0 0 0 66 28 31 0 45 0 0 0 42 0 0 0 51 11 0 0 48 2 0 53 27 0 79 0
0 36 54 57 0 7 74 51 63 22 0 26 0 17 52 0 4 0 0 0 40 64 0 0 30 0 63 0 0 0 0 70 26 0 0 0 38 14 0 0 0 0 0 0 53 0 0 0 5 15 0 0 53 0 0 0 65 0 6 0
0 48 0 21 0 10 52 62 41 11 0 68 0 0 51 0 54 0 0 0 5 51 0 0 31 0 15 0 0 0 0 8 61 0 0 0 56 10 0 0 0 0 0 0 21 0 0 0 50 27 0 0 62 0 0 0 49 0 75 0
0 7 0 69 0 0 77 0 0 0 0 0 0 0 0 0 68 0 0 0 29 20 0 0 0 0 35 0 0 0 0 17 1 0 0 0 18 17 0 0 0 0 0 0 29 0 0 0 1 9 0 0 0 0 0 0 0 0 9 0
0 0 0 0 0 0 0 0 0 0 0 0 0 0 0 0 72 0 0 0 15 0 0 0 0 0 36 0 0 0 0 0 60 0 0 0 0 42 0 0 0 0 0 0 0 0 0 0 14 17 0 0 0 0 0 0 0 0 0 0
0 0 0 0 0 0 0 0 0 0 0 0 0 0 0 0 41 0 0 0 56 0 0 0 0 0 52 0 0 0 0 0 0 0 0 0 0 58 0 0 0 0 0 0 0 0 0 0 59 59 0 0 0 0 0 0 0 0 0 0
0 0 0 0 0 0 0 0 0 0 0 0 0 0 0 0 0 0 0 0 0 0 0 0 0 0 0 0 0 0 0 0 0 0 0 0 0 0 0 0 0 0 0 0 0 0 0 0 0 0 0 0 0 0 0 0 0 0 0 0
0 0 0 0 0 0 0 0 0 0 0 0 0 0 0 0 0 0 0 0 0 0 0 0 0 0 0 0 0 0 0 0 0 0 0 0 0 0 0 0 0 0 0 0 0 0 0 0 0 0 0 0 0 0 0 0 0 0 0 0
0 0 0 0 0 0 0 0 0 0 0 0 0 0 0 0 0 0 0 0 0 0 0 0 0 0 0 0 0 0 0 0 0 0 0 0 0 0 0 0 0 0 0 0 0 0 0 0 0 0 0 0 0 0 0 0 0 0 0 0
0 0 0 0 0 0 0 0 0 0 0 0 0 0 0 0 0 0 0 0 0 0 0 0 0 0 0 0 0 0 0 0 0 0 0 0 0 0 0 0 0 0 0 0 0 0 0 0 0 0 0 0 0 0 0 0 0 0 0 0
0 0 0 0 0 0 0 0 0 0 0 0 0 0 0 0 0 0 0 0 0 0 0 0 0 0 0 0 0 0 0 0 0 0 0 0 0 0 0 0 0 0 0 0 0 0 0 0 0 0 0 0 0 0 0 0 0 0 0 0
0 0 0 0 0 0 0 0 0 0 0 0 0 0 0 0 0 0 0 0 0 0 0 0 0 0 0 0 0 0 0 0 0 0 0 0 0 0 0 0 0 0 0 0 0 0 0 0 0 0 0 0 0 0 0 0 0 0 0 0
0 0 0 0 0 0 0 0 0 0 0 0 0 0 0 0 0 0 0 0 0 0 0 0 0 0 0 0 0 0 0 0 0 0 0 0 0 0 0 0 0 0 0 0 0 0 0 0 0 0 0 0 0 0 0 0 0 0 0 0
0 0 0 0 0 0 0 0 0 0 0 0 0 0 0 0 0 0 0 0 0 0 0 0 0 0 0 0 0 0 0 0 0 0 0 0 0 0 0 0 0 0 0 0 0 0 0 0 0 0 0 0 0 0 0 0 0 0 0 0
0 0 0 0 0 0 0 0 0 0 0 0 0 0 0 0 0 0 0 0 0 0 0 0 0 0 0 0 0 0 0 0 0 0 0 0 0 0 0 0 0 0 0 0 0 0 0 0 0 0 0 0 0 0 0 0 0 0 0 0
0 0 0 0 0 0 0 0 0 0 0 0 0 0 0 0 0 0 0 0 0 0 0 0 0 0 0 0 0 0 0 0 0 0 0 0 0 0 0 0 0 0 0 0 0 0 0 0 0 0 0 0 0 0 0 0 0 0 0 0
0 0 0 0 0 0 0 0 0 0 0 0 0 0 0 0 0 0 0 0 0 0 0 0 0 0 0 0 0 0 0 0 0 0 0 0 0 0 0 0 0 0 0 0 0 0 0 0 0 0 0 0 0 0 0 0 0 0 0 0
0 0 0 0 0 0 0 0 0 0 0 0 0 0 0 0 0 0 0 0 0 0 0 0 0 0 0 0 0 0 0 0 0 0 0 0 0 0 0 0 0 0 0 0 0 0 0 0 0 0 0 0 0 0 0 0 0 0 0 0
0 0 0 0 0 0 0 0 0 0 0 0 0 0 0 0 0 0 0 0 0 0 0 0 0 0 0 0 0 0 0 0 0 0 0 0 0 0 0 0 0 0 0 0 0 0 0 0 0 0 0 0 0 0 0 0 0 0 0 0
0 0 0 0 0 0 0 0 0 0 0 0 0 0 0 0 0 0 0 0 0 0 0 0 0 0 0 0 0 0 0 0 0 0 0 0 0 0 0 0 0 0 0 0 0 0 0 0 0 0 0 0 0 0 0 0 0 0 0 0
0 0 0 0 0 0 0 0 0 0 0 0 0 0 0 0 0 0 0 0 0 0 0 0 0 0 0 0 0 0 0 0 0 0 0 0 0 0 0 0 0 0 0 0 0 0 0 0 0 0 0 0 0 0 0 0 0 0 0 0
0 0 0 0 0 0 0 0 0 0 0 0 0 0 0 0 0 0 0 0 0 0 0 0 0 0 0 0 0 0 0 0 0 0 0 0 0 0 0 0 0 0 0 0 0 0 0 0 0 0 0 0 0 0 0 0 0 0 0 0
0 0 0 0 0 0 0 0 0 0 0 0 0 0 0 0 0 0 0 0 0 0 0 0 0 0 0 0 0 0 0 0 0 0 0 0 0 0 0 0 0 0 0 0 0 0 0 0 0 0 0 0 0 0 0 0 0 0 0 0
0 0 0 0 0 0 0 0 0 0 0 0 0 0 0 0 0 0 0 0 0 0 0 0 0 0 0 0 0 0 0 0 0 0 0 0 0 0 0 0 0 0 0 0 0 0 0 0 0 0 0 0 0 0 0 0 0 0 0 0
0 0 0 0 0 0 0 0 0 0 0 0 0 0 0 0 0 0 0 0 0 0 0 0 0 0 0 0 0 0 0 0 0 0 0 0 0 0 0 0 0 0 0 0 0 0 0 0 0 0 0 0 0 0 0 0 0 0 0 0
0 0 0 0 0 0 0 0 0 0 0 0 0 0 0 0 0 0 0 0 0 0 0 0 0 0 0 0 0 0 0 0 0 0 0 0 0 0 0 0 0 0 0 0 0 0 0 0 0 0 0 0 0 0 0 0 0 0 0 0
0 0 0 0 0 0 0 0 0 0 0 0 0 0 0 0 0 0 0 0 0 0 0 0 0 0 0 0 0 0 0 0 0 0 0 0 0 0 0 0 0 0 0 0 0 0 0 0 0 0 0 0 0 0 0 0 0 0 0 0
