60 80 50 20 30
4
4
1
1
4
4
5
3
3
1
3
4
1
2
1
5
4
4
3
3
2
2
4
3
1
5
3
4
2
2
1
3
4
4
4
1
2
4
1
2
4
4
5
4
4
5
3
4
1
1
4
1
2
2
4
5
4
5
4
5
1
4
1
4
1
4
4
4
1
3
4
4
2
3
2
5
4
4
3
5
0 3 2 4 2 5 2 1 2 1 4 2 1 5 2 4 3 2 1 1 5 5 1 5 3 3 4 3 5 5 2 1 3 1 1 3 1 4 2 1 4 1 3 2 5 4 3 3 1 2 4 1 5 1 2 1 3 5 4 1 2 3 3 1 1 1 1 5 2 3 1 3 3 5 5 1 4 1 1 4
4 0 2 3 1 1 3 2 2 4 4 5 5 4 4 3 1 5 4 4 1 4 4 2 5 1 4 4 1 5 1 3 2 1 1 5 3 5 4 4 2 5 3 5 2 5 4 1 4 2 5 4 4 3 5 1 4 3 4 2 2 1 3 2 4 3 3 1 2 1 1 4 2 5 2 3 2 3 2 4
5 5 0 3 3 4 2 3 5 2 5 5 4 5 1 1 3 4 4 4 5 2 5 5 2 2 2 2 3 2 2 5 5 4 2 2 3 5 4 3 5 3 4 1 1 1 2 3 5 1 5 3 3 4 1 1 1 2 3 4 1 4 4 5 5 2 4 1 5 1 5 1 2 1 1 2 2 3 4 3
2 3 2 0 5 2 3 4 3 2 5 4 5 2 4 5 5 1 1 5 4 5 1 1 3 3 1 5 2 1 3 1 2 1 5 3 4 1 3 2 5 5 4 5 2 1 1 1 2 2 3 3 4 2 3 4 3 3 5 3 3 5 2 4 4 3 3 4 4 1 5 2 3 4 3 3 2 1 5 3
4 2 1 1 0 5 3 2 5 3 2 2 5 5 5 1 4 4 5 3 1 4 3 1 3 1 3 2 2 1 1 4 4 4 3 3 5 4 4 1 2 1 2 5 5 2 5 3 5 3 4 4 1 1 5 1 2 3 1 5 4 1 2 4 4 5 4 3 2 5 5 1 2 3 2 3 4 2 3 3
5 5 5 3 2 0 1 5 5 1 1 4 1 3 4 3 3 2 4 1 2 2 3 4 5 3 3 5 2 2 3 3 2 4 5 4 4 5 2 5 1 3 1 3 3 3 4 1 4 2 3 4 4 2 2 1 3 3 4 3 1 5 1 5 4 2 1 1 3 1 5 5 2 2 4 4 2 5 1 1
1 3 3 4 4 4 0 1 5 4 3 3 2 5 5 5 5 5 2 1 4 5 1 3 5 3 2 4 4 3 2 4 1 1 5 5 1 4 1 5 2 1 3 5 2 5 5 5 4 5 3 5 1 2 5 1 2 3 2 2 5 3 1 4 2 1 2 4 1 4 4 3 1 4 1 3 1 5 4 5
1 4 5 4 1 5 1 0 4 5 2 3 1 2 4 5 3 5 2 4 5 5 4 4 2 3 1 4 5 3 5 4 4 5 2 2 1 5 3 4 4 5 4 2 2 1 3 1 2 2 5 2 1 2 1 1 5 2 4 3 5 3 2 1 3 3 5 3 4 4 1 4 5 3 4 5 5 2 5 2
1 4 4 4 2 3 2 1 0 3 5 3 5 2 2 2 1 5 1 1 4 5 2 4 1 1 4 4 2 4 1 4 5 2 3 5 4 5 1 2 3 3 2 3 1 4 4 3 4 4 5 2 1 2 2 5 3 2 1 2 5 5 2 2 3 2 4 2 4 3 4 1 4 5 3 3 4 5 4 1
4 4 5 3 4 3 4 1 5 0 2 1 2 1 4 5 5 1 4 1 4 2 3 5 5 3 3 3 3 4 3 1 2 3 4 4 5 5 5 4 5 5 5 2 2 5 5 2 2 4 1 5 4 4 1 5 5 3 3 3 5 4 1 5 1 1 5 2 3 4 1 5 5 2 4 4 4 3 1 5
5 3 5 3 1 2 2 3 1 1 0 3 4 5 1 5 3 3 5 5 3 3 5 3 1 3 3 5 5 5 2 4 5 3 1 1 1 1 3 4 1 3 3 4 5 3 1 1 4 4 2 2 5 5 5 1 1 1 4 5 5 1 4 3 2 4 2 3 3 3 5 4 3 4 4 3 2 2 4 4
4 4 3 4 5 3 1 5 1 4 5 0 2 5 1 1 4 5 5 4 2 5 4 2 1 1 5 3 4 1 5 3 3 1 5 1 4 5 3 5 1 4 1 5 3 4 5 5 4 5 3 1 1 5 4 4 3 1 4 4 2 5 3 2 3 2 2 3 2 4 4 4 5 4 1 4 3 1 4 2
2 2 5 1 4 3 1 5 3 3 4 1 0 1 4 2 1 5 4 1 2 4 3 3 2 4 1 2 2 5 4 2 1 4 1 2 1 3 5 2 3 4 1 4 5 2 4 3 5 1 4 1 2 2 4 3 2 5 3 4 5 3 2 3 1 5 1 3 1 5 4 4 2 4 4 2 1 5 5 4
2 1 2 4 2 3 4 4 1 1 5 5 1 0 2 3 1 5 2 2 4 2 4 2 3 2 2 4 4 3 5 4 1 4 4 1 2 2 2 2 5 4 5 3 5 5 5 1 2 5 2 2 2 3 5 1 1 3 3 3 2 2 3 1 5 5 3 5 3 2 2 2 4 1 1 1 2 5 3 3
2 1 5 4 1 2 4 1 3 1 4 5 1 5 0 3 2 1 2 4 5 1 1 4 2 5 2 5 3 5 2 5 4 3 2 2 1 5 1 2 2 1 1 4 4 1 5 1 1 3 5 2 2 5 4 1 4 1 4 3 5 3 3 2 3 5 4 1 4 2 1 3 1 3 3 2 5 5 5 5
1 3 5 1 5 2 4 1 4 1 4 4 1 4 2 0 2 1 2 1 3 2 2 1 4 5 1 4 1 4 5 5 3 5 5 1 5 3 4 1 5 5 2 2 5 1 3 4 2 3 3 5 5 1 5 1 4 1 1 4 4 2 4 2 2 1 1 5 3 5 1 3 2 5 5 3 4 5 1 2
5 3 5 2 3 4 3 4 5 4 2 2 5 2 5 3 0 1 5 3 3 3 2 1 2 1 5 4 3 3 4 2 4 5 4 4 4 4 3 3 1 5 5 5 3 4 1 4 4 2 1 3 5 3 5 4 2 2 3 3 1 5 1 3 1 2 4 3 3 1 2 5 2 1 1 2 3 1 2 2
1 4 2 3 5 1 5 5 5 1 4 3 3 4 5 1 1 0 4 2 3 2 5 2 1 5 4 4 4 4 2 5 4 1 2 2 5 3 1 3 3 4 2 4 5 3 4 4 1 2 1 5 2 1 2 4 5 4 1 5 5 5 5 1 4 3 1 2 2 3 3 4 4 5 1 2 2 2 4 4
3 2 2 5 3 3 5 2 1 4 3 3 1 1 3 1 1 4 0 4 5 5 1 2 1 3 1 4 2 2 3 5 1 4 4 4 1 4 3 2 3 3 2 3 1 5 1 3 3 1 2 4 1 3 3 2 2 5 3 4 1 2 1 3 4 1 5 5 5 4 3 1 1 1 3 3 1 5 2 2
5 1 4 5 1 1 5 3 5 1 5 2 2 2 3 5 1 2 5 0 3 3 3 4 2 3 3 3 5 1 5 1 1 2 5 4 1 4 2 2 4 4 5 5 5 1 5 1 4 4 2 1 4 1 3 4 5 2 1 1 4 1 1 4 2 1 2 5 4 5 2 3 4 5 2 4 3 2 2 5
2 4 4 2 5 3 3 5 1 3 5 5 3 1 3 3 5 3 5 5 0 1 5 4 5 5 2 5 1 2 4 2 4 2 4 1 1 5 2 4 2 1 1 3 1 1 4 2 3 2 3 5 2 2 4 4 3 4 1 1 1 2 3 3 5 5 2 4 1 1 3 5 1 1 3 2 3 5 5 3
4 4 1 4 3 2 5 1 1 4 5 5 1 2 3 4 2 2 3 5 2 0 5 3 2 5 4 1 2 3 4 3 2 3 3 5 3 2 2 1 4 3 3 4 3 2 4 1 3 1 4 1 2 3 3 3 5 2 3 4 2 1 5 4 3 1 5 4 1 1 1 5 2 1 2 5 3 3 1 3
2 5 1 3 4 3 3 2 5 1 1 5 1 3 3 3 1 4 4 3 3 2 0 3 4 3 3 2 3 4 2 4 3 5 1 2 3 5 2 4 5 5 3 2 2 4 5 3 2 2 1 3 4 4 2 5 1 2 5 1 4 3 1 4 1 1 1 4 2 3 4 2 4 4 5 4 5 1 2 5
4 4 4 3 1 5 3 1 1 2 4 1 2 2 1 1 4 5 4 4 2 4 1 0 1 5 5 5 5 4 3 5 5 3 2 3 4 4 1 2 3 3 5 3 1 5 2 3 3 2 5 2 3 2 1 4 2 3 3 2 2 1 2 4 4 3 4 1 3 3 1 3 5 4 5 2 3 3 4 1
1 3 2 3 4 5 2 5 3 5 2 3 3 4 3 3 4 5 4 5 3 4 3 1 0 4 5 1 3 2 1 1 2 3 3 2 5 1 4 4 2 4 5 3 2 2 3 5 1 5 1 5 1 1 5 5 1 2 1 2 5 3 2 4 4 4 5 3 5 2 2 5 2 1 3 1 3 5 3 1
2 2 3 5 4 2 4 5 4 3 4 3 2 2 2 3 2 2 2 2 3 2 2 5 2 0 2 3 2 4 3 1 2 2 3 1 5 1 1 5 4 2 2 4 5 2 2 2 3 4 1 4 1 4 1 1 3 4 5 1 5 4 2 3 1 1 1 5 1 1 2 4 2 1 3 5 3 3 2 5
4 2 4 3 2 4 1 5 2 1 1 5 3 5 3 4 4 2 1 4 2 2 2 2 1 4 0 1 3 4 4 3 4 3 1 2 3 4 2 4 2 1 3 1 2 1 3 2 1 1 4 4 1 3 2 4 1 1 2 2 4 1 1 2 1 5 1 5 5 4 5 4 1 5 5 4 4 1 5 2
5 5 4 1 1 3 5 3 4 3 4 3 1 4 3 3 5 2 4 4 5 5 4 2 2 4 3 0 5 2 3 3 5 3 1 3 1 4 4 4 5 2 1 4 5 1 3 3 5 5 1 2 5 5 1 3 3 4 4 4 3 1 2 4 1 5 3 2 1 4 3 4 2 5 5 3 4 1 2 1
1 3 3 5 3 2 5 3 5 4 3 1 1 1 2 2 2 4 1 2 3 5 4 5 3 2 5 4 0 1 2 2 3 3 2 4 4 3 5 3 1 2 3 1 1 2 4 2 2 4 2 3 4 4 2 1 5 5 5 1 1 2 1 2 2 5 5 1 1 2 1 3 4 1 2 2 5 5 3 1
1 4 3 1 2 5 1 1 4 1 1 2 5 1 5 5 3 3 1 4 4 4 4 4 4 1 5 3 5 0 1 3 3 4 4 4 1 2 2 4 5 1 5 3 2 3 5 5 4 4 5 5 3 1 4 2 3 1 2 1 1 1 5 4 5 3 3 4 4 5 4 1 2 4 1 1 5 4 4 4
1 4 4 3 1 4 5 4 3 4 2 5 5 4 1 4 2 2 1 5 3 4 3 2 5 4 4 1 4 4 0 1 2 3 5 2 5 3 4 3 1 1 1 3 1 3 2 4 2 3 3 5 3 2 5 1 5 5 5 4 3 4 3 5 1 4 5 4 5 5 3 2 4 4 2 1 5 5 1 2
2 3 3 3 2 2 1 4 4 3 5 3 5 4 2 4 2 5 3 4 5 3 1 3 3 1 1 4 5 3 5 0 5 1 5 3 5 1 1 1 1 4 2 5 5 3 3 5 4 1 1 3 5 4 3 1 4 5 5 1 4 4 2 5 3 2 4 2 2 3 3 1 3 3 2 5 5 2 1 5
3 4 4 2 5 1 4 2 1 5 1 1 3 5 2 1 4 4 3 3 2 1 3 5 1 5 5 3 4 4 4 3 0 4 4 1 4 3 1 5 1 2 5 1 3 2 3 3 5 4 4 4 3 3 3 1 4 4 4 4 5 5 4 3 4 4 2 5 2 3 1 2 3 1 1 2 3 3 2 1
1 3 5 1 4 5 3 5 1 5 1 4 3 3 5 3 1 2 3 2 4 2 2 2 3 3 3 5 3 4 4 5 5 0 3 4 4 2 3 3 4 4 5 3 4 1 5 5 4 2 3 1 5 3 5 5 3 1 2 1 4 5 2 2 3 1 1 5 4 4 3 4 3 3 4 1 4 3 2 5
1 2 3 1 1 3 5 1 1 5 3 1 3 1 4 1 1 3 3 3 4 2 3 2 2 3 5 4 2 5 5 2 4 4 0 4 1 4 4 4 3 5 4 5 4 3 3 5 5 4 5 2 4 5 2 1 3 1 3 4 4 1 4 1 4 5 5 5 2 1 5 1 4 3 1 2 4 3 1 5
1 2 5 2 2 4 3 2 4 4 1 2 3 5 4 4 5 4 2 3 5 4 1 1 4 3 4 3 2 5 4 3 4 3 5 0 3 2 3 4 4 3 2 4 1 2 5 4 4 4 2 1 5 1 4 4 2 5 2 2 4 3 5 3 3 5 2 1 2 4 4 3 5 5 5 4 2 1 3 3
5 1 4 1 3 3 4 4 1 4 3 1 5 4 3 5 5 5 5 1 3 4 5 2 3 4 1 4 1 4 5 2 5 4 4 2 0 4 5 1 3 1 1 1 5 4 3 1 2 3 4 4 1 1 3 3 1 5 5 1 1 2 5 3 1 4 3 5 1 2 3 4 2 4 5 3 4 1 5 4
5 1 5 5 3 2 5 5 2 1 1 4 1 4 3 4 4 3 2 5 3 1 3 5 4 5 4 4 1 4 1 4 3 1 4 3 2 0 4 1 4 5 4 4 3 3 4 1 2 2 3 5 2 5 2 5 3 1 3 3 5 2 4 3 4 2 4 1 3 1 4 2 2 2 3 3 5 3 3 1
1 1 1 2 1 5 5 3 3 5 5 2 1 2 5 4 3 3 4 5 5 5 3 5 5 2 5 3 2 2 4 5 4 2 3 3 2 3 0 1 5 5 4 1 2 5 4 5 2 2 4 2 3 5 3 2 5 1 3 5 4 5 1 5 2 1 1 1 1 4 1 4 5 5 3 4 3 1 3 4
3 3 4 2 4 5 5 2 1 4 2 5 2 5 4 4 4 5 1 4 4 4 5 4 1 5 4 1 1 3 3 2 5 5 2 2 4 1 2 0 3 1 3 4 2 4 1 2 5 2 4 1 2 5 1 1 4 4 2 1 5 2 4 4 5 5 1 1 1 2 3 1 3 2 1 4 1 5 2 4
4 4 5 5 1 1 4 2 1 3 1 3 1 2 5 4 2 2 5 2 4 4 2 2 4 4 2 4 4 5 5 3 1 1 4 1 3 1 5 4 0 5 5 5 5 1 1 1 5 1 1 5 4 3 1 5 5 4 4 4 4 5 5 3 2 1 2 4 1 4 2 4 1 5 5 5 5 3 4 2
1 4 3 4 2 1 1 4 1 1 2 1 4 1 2 5 5 1 4 5 1 3 5 5 5 1 1 1 1 5 1 4 5 5 2 3 2 2 4 2 1 0 2 5 5 3 5 2 3 2 4 5 3 5 3 5 1 5 4 3 5 2 2 3 2 2 4 3 1 2 4 1 3 4 1 3 4 5 1 1
4 4 5 3 2 2 2 5 2 1 1 3 1 1 1 5 5 1 4 2 2 5 2 4 1 1 4 3 3 3 3 1 3 5 5 5 3 2 5 1 4 1 0 2 4 5 5 5 1 1 5 1 2 3 3 4 2 5 2 2 5 5 1 5 1 3 3 5 1 2 3 5 4 2 1 3 2 2 5 5
1 2 4 3 4 1 4 2 1 5 5 2 4 5 1 4 1 2 1 5 4 1 5 5 2 4 5 2 5 4 4 1 5 3 5 4 4 1 5 5 1 4 4 0 2 3 2 3 3 3 3 2 2 1 5 3 3 3 1 4 4 2 1 4 5 3 4 1 3 5 4 3 2 1 4 4 3 5 2 2
4 4 4 3 2 2 1 5 2 1 3 1 5 1 3 4 4 1 5 2 3 4 1 3 4 4 2 1 3 5 3 3 1 5 5 1 5 3 5 5 5 2 1 1 0 1 2 1 1 1 3 3 4 1 2 4 5 4 3 1 4 2 4 1 3 4 3 3 2 4 1 2 1 3 5 4 3 5 4 2
3 2 5 1 2 4 4 2 5 5 5 5 2 4 1 4 2 2 1 1 4 3 5 2 2 5 2 4 2 2 2 2 2 5 1 3 2 3 4 1 5 3 2 1 5 0 1 5 5 2 5 1 1 2 4 1 3 5 1 2 5 3 5 2 4 3 5 3 1 1 1 3 3 4 1 1 4 5 4 1
2 4 5 1 4 1 3 4 2 1 3 5 4 5 5 3 1 4 2 3 2 4 5 4 4 5 5 4 1 2 5 2 2 5 3 5 1 4 2 5 5 1 2 3 3 4 0 3 1 1 3 5 5 1 1 1 3 2 3 4 3 2 1 2 3 5 1 2 1 5 2 2 4 1 4 1 1 4 3 5
4 3 5 4 3 4 2 2 5 3 1 5 3 1 4 2 5 4 4 4 3 5 1 3 4 1 1 5 4 1 4 4 4 5 1 1 1 4 1 1 5 5 1 4 5 1 3 0 1 5 2 5 1 4 4 5 2 5 4 3 5 3 1 2 3 3 1 1 5 3 4 5 1 1 3 3 4 3 4 3
5 2 4 4 2 4 4 3 2 3 4 3 3 4 1 1 5 4 4 2 2 3 1 1 5 4 2 4 1 1 4 3 3 5 3 5 2 2 3 2 2 2 4 1 1 3 5 3 0 2 2 2 4 5 3 3 3 2 4 2 1 2 5 4 1 5 3 3 5 2 1 3 1 2 3 4 5 4 5 1
3 4 3 1 1 1 1 5 1 4 2 2 2 1 1 2 5 4 1 2 4 1 4 3 4 2 2 3 2 3 3 3 2 2 3 4 2 5 4 3 2 5 1 3 3 1 4 5 3 0 3 2 3 4 5 2 3 2 1 3 4 1 1 4 4 5 4 1 2 4 2 3 4 3 1 5 5 4 4 1
1 5 3 2 5 1 1 3 3 2 2 5 1 3 3 1 5 2 1 2 2 3 4 4 1 3 4 1 5 2 1 1 4 1 4 1 1 5 4 3 4 3 2 3 1 5 1 5 2 3 0 5 3 3 4 2 4 1 4 1 5 2 3 1 4 5 2 4 2 3 2 5 1 1 3 3 5 4 3 1
3 5 1 5 4 1 3 2 3 5 3 2 2 2 4 2 5 3 3 2 4 1 3 3 5 4 5 1 2 5 4 1 5 2 1 4 4 4 3 3 2 1 5 5 5 3 3 2 3 3 1 0 2 5 3 2 5 5 4 2 4 5 4 4 5 5 4 3 1 5 2 2 2 3 5 2 1 4 4 2
5 1 2 4 1 2 4 5 4 2 5 2 1 3 3 1 5 1 1 1 5 1 5 5 3 5 4 3 2 1 4 5 4 1 1 4 2 1 1 4 1 2 4 3 2 2 5 4 2 5 3 5 0 2 1 5 3 3 1 1 4 3 3 2 5 1 2 2 3 2 5 2 2 5 5 3 4 5 2 1
5 5 1 2 1 1 4 1 1 4 2 1 4 2 5 2 4 2 2 5 5 3 4 2 5 5 4 2 3 2 2 1 4 5 3 2 1 5 1 4 4 5 2 3 4 5 3 3 4 2 1 4 5 0 2 5 3 3 3 3 1 2 5 5 2 4 3 5 1 4 2 5 1 2 4 2 5 2 2 4
1 2 1 4 5 4 5 4 1 4 4 5 2 4 4 1 4 5 1 1 2 2 3 2 3 1 3 5 3 4 2 5 2 3 3 5 2 1 4 2 5 1 5 5 1 5 4 2 5 5 5 3 1 4 0 5 1 1 5 3 2 1 1 4 5 2 1 5 2 3 4 3 5 2 3 1 2 3 5 3
4 2 1 3 5 3 5 2 5 2 4 5 5 3 2 5 4 3 2 4 2 4 1 3 1 4 1 5 5 5 2 2 1 3 1 4 3 5 1 2 2 4 2 5 2 4 4 2 2 2 3 2 5 5 5 0 1 5 4 3 4 2 5 2 3 5 2 2 2 4 1 5 4 3 3 3 1 1 1 5
1 1 2 3 1 5 3 4 4 5 3 5 1 3 5 5 1 5 1 3 2 2 1 4 4 4 1 4 1 3 3 4 1 1 1 2 4 2 1 3 1 1 2 3 1 1 4 4 3 3 3 3 4 4 1 5 0 1 1 1 1 3 1 3 5 3 2 5 3 5 1 4 4 2 2 3 3 1 1 4
2 3 4 2 1 5 1 1 4 3 4 5 5 4 1 3 3 4 2 5 1 1 2 3 3 4 3 5 3 5 2 2 2 5 2 2 4 5 3 4 2 5 3 3 5 3 4 5 4 4 2 5 3 1 4 3 5 0 3 3 5 4 1 1 4 4 1 2 2 4 5 2 2 5 1 3 2 5 4 5
2 3 1 3 1 1 2 1 5 1 5 2 5 1 5 4 4 5 5 5 5 3 3 3 3 3 3 4 4 2 5 3 4 5 4 2 1 4 5 1 1 5 3 2 2 2 4 2 5 4 4 4 3 5 3 2 4 5 0 2 5 5 1 4 1 4 5 5 4 4 3 4 1 3 2 5 2 1 5 1
5 4 5 3 1 3 3 4 2 2 4 5 5 4 5 4 3 4 4 3 5 5 2 4 3 3 5 5 4 2 4 5 1 2 3 5 1 1 1 3 5 3 1 5 2 2 4 1 1 3 3 4 1 2 4 1 2 2 1 0 4 2 4 1 2 1 3 5 3 4 4 3 5 3 5 2 4 4 4 3
3 4 3 2 3 4 3 4 5 4 1 5 5 1 4 3 5 4 5 5 5 4 3 5 3 4 2 5 5 2 1 3 2 4 3 4 3 2 1 2 5 1 3 5 4 1 4 3 1 3 5 1 5 3 1 4 4 4 5 4 0 3 1 5 4 4 2 4 4 4 2 5 2 3 1 4 2 1 4 1
4 4 4 2 5 2 5 2 3 2 1 2 2 2 4 2 3 5 3 3 3 5 1 1 1 3 1 1 2 5 5 4 1 4 2 5 5 4 2 5 5 4 5 3 1 4 2 4 4 4 4 5 2 4 2 1 3 2 2 1 5 0 2 4 3 5 4 2 1 3 3 2 1 2 2 2 5 4 2 1
1 5 5 5 3 4 2 3 3 3 2 2 2 2 2 1 4 4 2 4 2 5 1 3 1 2 1 5 4 3 2 5 3 4 1 4 1 4 2 5 4 2 2 3 2 1 2 5 5 1 3 4 4 4 2 3 3 5 4 1 5 2 0 4 2 3 1 2 5 4 3 5 5 5 2 2 4 1 4 5
5 5 2 4 3 3 2 3 2 5 5 5 1 5 5 2 2 4 2 2 3 5 3 2 1 2 5 1 2 5 2 4 4 5 5 4 3 4 3 3 2 2 4 3 2 1 4 1 4 4 2 5 3 4 3 1 5 1 1 5 5 3 2 0 2 4 5 3 4 1 2 5 3 2 5 5 2 3 1 1
3 3 2 3 4 4 1 3 2 5 3 5 3 5 5 2 2 3 2 3 4 4 1 2 3 4 1 1 1 5 5 3 1 1 5 2 2 2 2 3 1 3 3 1 2 4 5 3 3 2 5 4 4 5 5 3 4 3 3 4 1 1 5 4 0 3 1 2 5 5 1 4 1 4 3 3 5 4 1 1
4 5 5 4 5 5 2 4 3 1 2 5 2 5 4 5 4 4 3 2 3 5 1 1 5 2 2 5 1 2 3 2 3 2 5 4 1 4 5 3 3 5 4 2 2 5 1 3 4 2 1 2 1 5 3 3 5 3 2 3 2 1 3 3 5 0 2 5 2 5 3 4 1 4 2 3 4 4 3 3
4 3 3 4 2 1 4 2 2 2 1 5 1 2 2 5 5 4 1 5 3 4 3 4 3 3 3 1 5 4 4 1 4 1 3 1 3 1 1 2 5 3 2 1 5 5 4 1 1 5 3 1 1 1 3 4 4 2 4 5 3 4 3 3 3 1 0 4 3 2 2 3 5 1 4 5 3 1 3 1
1 2 5 5 2 5 2 3 3 4 2 4 5 5 3 1 4 4 4 1 1 2 3 4 4 1 1 4 5 2 4 2 3 3 5 1 1 3 3 3 3 3 5 4 2 4 4 1 3 3 4 3 1 1 5 2 4 1 2 1 4 1 4 5 4 2 2 0 3 3 2 1 1 3 4 2 1 3 5 5
3 2 1 3 1 4 5 3 1 3 5 1 1 3 2 5 4 5 1 1 4 3 4 2 4 3 1 4 5 5 3 5 1 1 5 3 1 3 1 2 5 2 4 2 1 1 2 2 1 1 2 2 3 1 5 1 4 5 2 2 5 4 5 4 2 1 1 5 0 3 5 1 4 3 5 2 3 3 4 3
2 2 4 5 5 3 5 2 5 1 1 2 5 4 4 5 3 5 2 1 3 5 5 2 1 5 4 4 5 5 2 1 3 4 1 2 3 1 1 1 4 3 1 3 1 5 2 5 4 1 5 1 3 3 5 2 2 1 5 4 4 3 5 2 3 5 4 5 5 0 2 1 2 4 3 5 5 1 4 5
4 3 4 5 3 1 2 3 3 3 1 3 1 2 2 4 5 3 3 3 3 5 4 1 1 4 4 4 4 4 2 4 3 1 2 2 2 2 3 3 5 2 1 1 1 5 1 4 3 3 2 3 2 2 1 5 5 2 3 4 5 3 2 4 1 4 4 4 1 3 0 4 2 3 3 4 3 3 4 1
3 1 5 3 1 1 3 1 2 5 5 2 5 4 2 3 2 2 4 1 5 1 3 1 3 2 3 1 1 1 2 3 4 2 3 5 5 4 2 1 5 5 5 4 1 2 3 4 5 3 1 3 3 1 3 2 3 4 1 1 3 4 3 1 2 2 1 2 5 5 4 0 1 3 1 3 2 2 3 4
1 5 3 4 1 1 3 3 1 5 1 2 1 2 3 2 1 3 1 2 4 1 1 1 3 4 3 5 5 1 4 3 4 3 5 4 3 2 5 4 1 2 2 5 2 2 1 2 3 1 3 4 5 4 3 5 1 5 4 3 1 5 4 4 4 2 1 4 4 3 5 1 0 1 2 2 1 5 1 3
2 4 2 2 4 2 3 5 4 3 3 5 1 1 3 2 3 1 1 3 5 2 5 2 1 5 3 2 3 5 1 2 2 2 2 1 3 2 5 1 5 4 4 4 4 4 4 3 2 4 5 3 5 1 3 4 5 1 2 1 5 3 3 2 3 4 5 5 1 4 2 3 4 0 5 1 3 5 1 3
4 2 2 5 2 5 5 5 2 4 2 5 3 3 2 2 3 4 2 4 3 1 3 3 3 2 3 5 5 3 5 2 4 5 3 1 1 3 5 3 2 1 4 2 4 4 5 3 1 3 3 4 3 1 2 3 3 3 2 2 4 1 5 5 1 3 4 3 2 2 1 2 2 5 0 2 4 3 1 4
2 1 2 1 2 5 1 2 4 5 2 2 1 2 4 3 5 4 3 3 3 3 1 5 1 1 5 3 4 5 5 3 3 2 2 3 5 1 3 5 5 5 3 4 4 4 4 5 1 4 2 5 2 1 5 2 5 1 3 3 1 3 5 2 2 4 5 2 5 5 4 5 4 1 1 0 3 1 1 2
5 3 2 5 2 4 4 5 2 5 5 2 1 2 1 1 4 4 1 5 1 4 5 3 2 3 5 1 3 3 3 1 4 2 1 5 4 4 4 4 5 2 5 2 5 5 4 3 4 5 5 3 1 4 3 1 4 3 5 5 1 1 2 4 4 5 4 4 5 4 3 1 3 2 3 5 0 3 3 4
2 3 2 3 4 5 5 3 2 5 1 2 1 4 3 1 1 3 3 3 2 2 5 5 2 5 5 4 5 3 1 2 4 2 2 4 5 5 2 2 4 4 2 4 3 3 4 2 1 5 3 5 2 2 3 5 1 4 5 4 5 3 2 4 3 2 1 1 2 2 5 2 3 2 2 5 4 0 4 4
1 4 3 2 5 4 5 2 2 3 1 4 5 5 5 5 1 5 4 5 1 4 4 1 1 3 4 4 2 2 3 5 2 1 5 4 5 3 1 1 4 4 1 4 4 2 4 1 3 2 2 5 5 2 4 5 3 1 2 5 3 3 5 5 1 2 2 1 1 1 5 2 1 2 4 4 1 1 0 4
1 5 1 2 3 1 1 5 2 5 4 4 1 1 5 3 1 2 2 5 2 1 4 4 3 3 3 3 5 1 3 1 4 5 2 4 4 1 2 1 1 1 4 3 4 1 2 4 2 5 4 1 2 4 5 1 1 4 4 4 5 2 5 2 3 2 4 4 5 4 1 2 1 5 4 5 3 3 4 0
76 10 8 32 65 77 15 68 80 10 21 7 66 60 56 57 74 10 67 78 47 37 45 55 23 3 28 75 9 51 70 17 8 35 14 22 17 45 26 39 6 22 53 43 8 26 13 49 5 70 13 72 63 38 75 4 63 49 49 13
38 63 64 63 45 18 41 40 48 4 43 65 50 27 76 58 42 37 45 65 14 54 14 64 13 5 29 80 48 23 16 18 62 63 10 28 2 74 29 35 59 25 67 60 42 32 33 63 8 26 49 62 24 4 74 40 5 27 61 73
61 24 58 55 53 52 55 73 24 35 61 60 4 1 80 71 22 36 16 54 76 51 18 3 40 43 33 28 10 21 52 64 24 54 80 27 60 28 36 49 30 77 26 22 71 61 60 9 18 9 26 12 37 78 18 21 2 74 75 62
33 71 29 44 23 79 11 42 22 78 23 5 68 6 61 19 37 65 59 51 46 42 47 11 3 54 31 17 3 41 50 22 13 20 34 4 71 34 41 29 20 69 3 25 76 33 70 45 71 19 58 13 22 72 38 14 13 3 21 5
23 48 23 4 49 48 57 71 50 12 64 3 70 74 46 39 29 9 1 14 19 44 55 40 80 17 1 67 15 48 3 78 53 50 18 79 11 39 37 10 36 39 31 74 28 22 61 73 79 49 37 2 74 40 32 78 49 41 1 11
58 47 60 41 58 72 47 66 27 13 8 12 25 7 33 32 62 50 32 40 12 25 4 10 8 40 16 44 19 17 26 27 12 4 35 40 44 2 62 70 79 27 79 16 22 3 44 3 37 71 29 7 65 3 11 67 71 57 77 49
70 58 13 75 55 31 49 55 13 76 25 57 41 66 62 8 30 12 14 10 67 21 53 15 61 58 79 62 20 44 69 61 34 5 13 11 7 60 52 50 64 18 47 46 19 17 71 36 39 31 45 80 67 52 79 29 48 64 68 21
7 3 16 2 13 33 60 70 9 50 73 33 56 59 74 46 55 3 75 29 20 35 27 18 56 74 32 24 41 18 48 79 59 13 68 78 36 38 35 22 71 12 34 54 60 23 65 66 7 39 72 44 62 79 53 66 24 54 56 77
77 50 15 73 26 56 13 44 71 40 59 6 24 78 20 9 4 66 11 55 45 10 10 20 64 38 27 66 70 49 8 39 20 55 44 13 10 27 10 71 26 61 55 35 70 43 45 70 11 72 39 47 29 62 58 3 75 67 20 3
55 74 39 11 31 36 40 33 23 55 79 32 18 38 42 42 73 74 9 70 39 5 71 80 45 57 72 31 51 66 18 2 39 68 67 30 20 80 64 27 15 53 75 53 44 69 36 55 4 20 16 11 68 31 13 56 80 18 32 46
11 53 53 78 57 63 71 30 42 28 54 63 63 12 6 15 45 8 56 53 48 76 50 44 48 29 6 46 77 11 35 51 29 51 25 24 65 49 16 41 77 28 51 61 58 4 18 38 59 4 80 77 42 12 45 43 70 14 79 79
52 21 51 22 77 71 46 1 7 2 13 64 64 73 29 16 79 51 74 74 41 22 52 72 73 13 8 61 78 20 78 56 11 72 71 76 30 58 45 54 66 66 68 49 13 45 25 30 55 75 9 52 78 26 10 37 68 20 42 4
44 73 78 10 52 10 34 76 33 33 39 22 29 18 30 53 43 47 65 60 69 17 65 56 19 72 11 20 67 19 43 67 78 21 79 48 1 57 8 14 80 65 58 67 51 34 68 79 2 3 79 25 13 34 59 25 60 2 33 61
24 62 1 71 43 20 23 25 38 69 29 46 7 55 27 79 60 18 71 17 59 33 3 17 26 67 37 11 63 28 68 46 67 45 19 51 77 67 21 19 29 71 20 2 45 63 22 46 40 11 18 1 55 73 78 22 14 79 11 71
66 38 14 50 76 29 42 34 30 65 46 71 71 68 28 72 58 72 72 56 66 40 61 30 10 49 13 56 71 12 72 10 41 38 49 68 18 54 71 48 52 78 15 58 9 27 30 4 29 69 11 26 36 2 35 80 69 76 64 8
47 77 6 25 20 41 9 37 59 32 65 39 1 31 22 74 8 67 13 20 74 36 35 79 71 32 3 32 21 79 63 29 18 78 53 70 13 25 31 20 63 11 5 36 21 5 3 31 10 62 48 76 51 27 48 41 11 12 4 36
64 61 22 33 33 66 26 45 56 15 20 26 36 4 39 34 27 22 6 64 65 9 59 71 60 76 4 51 42 75 29 14 56 70 58 1 68 36 4 12 48 51 62 29 79 65 52 8 62 37 71 42 41 74 27 23 74 15 53 78
80 19 30 26 74 32 70 52 17 5 16 44 15 13 26 63 15 17 41 57 18 4 58 54 66 80 49 42 52 2 47 47 7 8 50 17 48 61 57 78 55 9 48 69 14 8 2 61 12 56 25 28 54 54 70 48 76 35 10 19
6 7 10 37 36 21 54 62 16 14 19 76 12 42 54 43 40 16 70 23 54 28 16 22 78 15 66 36 65 10 10 26 21 12 20 36 34 50 23 16 25 30 25 50 26 80 63 75 45 14 22 35 28 66 67 71 10 51 22 57
65 65 25 12 46 53 12 79 40 63 38 28 61 69 78 28 61 23 20 36 9 47 60 5 5 31 74 8 18 14 41 65 35 62 61 26 16 26 30 15 53 70 21 73 35 46 15 40 63 53 65 54 10 68 61 13 79 23 28 45
40 26 2 57 5 28 38 8 4 22 10 48 23 71 19 67 36 2 33 4 30 3 76 39 24 59 25 18 8 9 45 15 76 76 29 34 6 0 33 51 69 48 76 7 59 7 64 2 13 46 42 51 59 71 17 5 0 36 73 70
13 1 43 0 15 12 69 38 3 24 52 35 69 47 44 1 18 19 49 37 8 74 5 61 0 65 65 0 44 7 44 38 10 27 74 61 0 0 72 52 0 75 22 0 29 39 14 11 22 25 0 0 27 48 23 53 0 78 44 58
0 34 9 0 8 14 53 24 66 7 67 78 49 28 16 23 32 69 18 62 53 34 25 47 0 60 67 0 5 22 0 5 40 49 45 59 0 0 59 32 0 35 13 0 4 18 67 74 43 0 0 0 25 19 30 6 0 59 52 47
0 75 75 0 24 0 20 4 0 8 0 59 0 65 53 11 13 20 21 61 5 1 39 0 0 41 78 0 55 76 0 0 36 43 42 33 0 0 24 45 0 34 38 0 77 47 0 15 47 0 0 0 9 65 34 33 0 6 67 9
0 31 56 0 32 0 74 48 0 43 0 53 0 26 75 0 23 32 22 27 36 75 21 0 0 0 62 0 4 0 0 0 58 0 0 0 0 0 77 72 0 80 46 0 39 71 0 35 57 0 0 0 5 15 52 0 0 26 17 69
0 42 28 0 34 0 52 57 0 17 0 49 0 16 47 0 68 0 50 8 70 18 8 0 0 0 64 0 17 0 0 0 70 0 0 0 0 0 70 75 0 0 49 0 43 0 0 14 0 0 0 0 0 36 43 0 0 10 39 1
0 6 0 0 0 0 77 7 0 16 0 18 0 58 64 0 0 0 25 13 72 80 73 0 0 0 0 0 28 0 0 0 49 0 0 0 0 0 49 77 0 0 56 0 49 0 0 27 0 0 0 0 0 70 28 0 0 25 51 48
0 11 0 0 0 0 0 31 0 0 0 80 0 0 0 0 0 0 76 63 11 58 46 0 0 0 0 0 0 0 0 0 0 0 0 0 0 0 50 69 0 0 74 0 0 0 0 57 0 0 0 0 0 0 46 0 0 46 57 68
0 33 0 0 0 0 0 0 0 0 0 0 0 0 0 0 0 0 44 22 78 29 74 0 0 0 0 0 0 0 0 0 0 0 0 0 0 0 66 53 0 0 12 0 0 0 0 0 0 0 0 0 0 0 0 0 0 75 36 0
0 51 0 0 0 0 0 0 0 0 0 0 0 0 0 0 0 0 37 3 79 0 63 0 0 0 0 0 0 0 0 0 0 0 0 0 0 0 0 0 0 0 0 0 0 0 0 0 0 0 0 0 0 0 0 0 0 22 0 0
0 0 0 0 0 0 0 0 0 0 0 0 0 0 0 0 0 0 0 0 0 0 0 0 0 0 0 0 0 0 0 0 0 0 0 0 0 0 0 0 0 0 0 0 0 0 0 0 0 0 0 0 0 0 0 0 0 0 0 0
0 0 0 0 0 0 0 0 0 0 0 0 0 0 0 0 0 0 0 0 0 0 0 0 0 0 0 0 0 0 0 0 0 0 0 0 0 0 0 0 0 0 0 0 0 0 0 0 0 0 0 0 0 0 0 0 0 0 0 0
0 0 0 0 0 0 0 0 0 0 0 0 0 0 0 0 0 0 0 0 0 0 0 0 0 0 0 0 0 0 0 0 0 0 0 0 0 0 0 0 0 0 0 0 0 0 0 0 0 0 0 0 0 0 0 0 0 0 0 0
0 0 0 0 0 0 0 0 0 0 0 0 0 0 0 0 0 0 0 0 0 0 0 0 0 0 0 0 0 0 0 0 0 0 0 0 0 0 0 0 0 0 0 0 0 0 0 0 0 0 0 0 0 0 0 0 0 0 0 0
0 0 0 0 0 0 0 0 0 0 0 0 0 0 0 0 0 0 0 0 0 0 0 0 0 0 0 0 0 0 0 0 0 0 0 0 0 0 0 0 0 0 0 0 0 0 0 0 0 0 0 0 0 0 0 0 0 0 0 0
0 0 0 0 0 0 0 0 0 0 0 0 0 0 0 0 0 0 0 0 0 0 0 0 0 0 0 0 0 0 0 0 0 0 0 0 0 0 0 0 0 0 0 0 0 0 0 0 0 0 0 0 0 0 0 0 0 0 0 0
0 0 0 0 0 0 0 0 0 0 0 0 0 0 0 0 0 0 0 0 0 0 0 0 0 0 0 0 0 0 0 0 0 0 0 0 0 0 0 0 0 0 0 0 0 0 0 0 0 0 0 0 0 0 0 0 0 0 0 0
0 0 0 0 0 0 0 0 0 0 0 0 0 0 0 0 0 0 0 0 0 0 0 0 0 0 0 0 0 0 0 0 0 0 0 0 0 0 0 0 0 0 0 0 0 0 0 0 0 0 0 0 0 0 0 0 0 0 0 0
0 0 0 0 0 0 0 0 0 0 0 0 0 0 0 0 0 0 0 0 0 0 0 0 0 0 0 0 0 0 0 0 0 0 0 0 0 0 0 0 0 0 0 0 0 0 0 0 0 0 0 0 0 0 0 0 0 0 0 0
0 0 0 0 0 0 0 0 0 0 0 0 0 0 0 0 0 0 0 0 0 0 0 0 0 0 0 0 0 0 0 0 0 0 0 0 0 0 0 0 0 0 0 0 0 0 0 0 0 0 0 0 0 0 0 0 0 0 0 0
0 0 0 0 0 0 0 0 0 0 0 0 0 0 0 0 0 0 0 0 0 0 0 0 0 0 0 0 0 0 0 0 0 0 0 0 0 0 0 0 0 0 0 0 0 0 0 0 0 0 0 0 0 0 0 0 0 0 0 0
0 0 0 0 0 0 0 0 0 0 0 0 0 0 0 0 0 0 0 0 0 0 0 0 0 0 0 0 0 0 0 0 0 0 0 0 0 0 0 0 0 0 0 0 0 0 0 0 0 0 0 0 0 0 0 0 0 0 0 0
0 0 0 0 0 0 0 0 0 0 0 0 0 0 0 0 0 0 0 0 0 0 0 0 0 0 0 0 0 0 0 0 0 0 0 0 0 0 0 0 0 0 0 0 0 0 0 0 0 0 0 0 0 0 0 0 0 0 0 0
0 0 0 0 0 0 0 0 0 0 0 0 0 0 0 0 0 0 0 0 0 0 0 0 0 0 0 0 0 0 0 0 0 0 0 0 0 0 0 0 0 0 0 0 0 0 0 0 0 0 0 0 0 0 0 0 0 0 0 0
0 0 0 0 0 0 0 0 0 0 0 0 0 0 0 0 0 0 0 0 0 0 0 0 0 0 0 0 0 0 0 0 0 0 0 0 0 0 0 0 0 0 0 0 0 0 0 0 0 0 0 0 0 0 0 0 0 0 0 0
0 0 0 0 0 0 0 0 0 0 0 0 0 0 0 0 0 0 0 0 0 0 0 0 0 0 0 0 0 0 0 0 0 0 0 0 0 0 0 0 0 0 0 0 0 0 0 0 0 0 0 0 0 0 0 0 0 0 0 0
0 0 0 0 0 0 0 0 0 0 0 0 0 0 0 0 0 0 0 0 0 0 0 0 0 0 0 0 0 0 0 0 0 0 0 0 0 0 0 0 0 0 0 0 0 0 0 0 0 0 0 0 0 0 0 0 0 0 0 0
0 0 0 0 0 0 0 0 0 0 0 0 0 0 0 0 0 0 0 0 0 0 0 0 0 0 0 0 0 0 0 0 0 0 0 0 0 0 0 0 0 0 0 0 0 0 0 0 0 0 0 0 0 0 0 0 0 0 0 0
0 0 0 0 0 0 0 0 0 0 0 0 0 0 0 0 0 0 0 0 0 0 0 0 0 0 0 0 0 0 0 0 0 0 0 0 0 0 0 0 0 0 0 0 0 0 0 0 0 0 0 0 0 0 0 0 0 0 0 0
0 0 0 0 0 0 0 0 0 0 0 0 0 0 0 0 0 0 0 0 0 0 0 0 0 0 0 0 0 0 0 0 0 0 0 0 0 0 0 0 0 0 0 0 0 0 0 0 0 0 0 0 0 0 0 0 0 0 0 0
