70 90 50 30 40
3
3
3
1
1
2
3
3
1
4
3
3
4
2
1
1
1
3
3
5
1
1
4
2
4
3
5
4
3
5
2
4
1
2
4
2
4
3
2
5
5
2
3
4
4
5
1
4
5
2
4
4
2
1
4
1
3
1
4
3
5
2
1
1
5
1
1
3
4
4
4
4
1
4
3
5
1
1
5
2
4
4
1
2
2
2
3
4
5
3
0 1 1 4 5 5 5 1 2 3 3 5 4 4 1 1 1 3 3 4 3 3 4 4 2 2 5 2 5 1 3 4 2 1 5 2 5 2 3 3 3 1 2 5 4 1 4 2 3 1 2 1 2 5 4 4 4 1 4 5 5 3 4 2 3 4 2 5 5 2 3 3 1 3 3 4 4 4 5 5 3 5 4 4 2 3 2 1 3 5
2 0 5 1 5 4 3 4 4 3 4 5 3 3 3 5 5 1 5 1 3 5 3 5 5 2 2 5 2 1 5 4 5 1 2 2 5 4 5 2 4 2 3 2 1 3 2 5 3 1 2 4 1 5 1 2 4 5 5 4 5 3 1 1 2 4 5 2 2 4 1 5 3 2 5 1 4 5 2 2 3 4 1 1 5 1 1 2 3 2
4 5 0 4 1 3 2 1 2 3 3 2 1 3 1 2 2 1 4 3 4 2 5 4 2 2 1 4 4 1 5 1 4 3 4 3 1 4 4 4 1 4 2 3 3 3 3 2 2 2 3 1 3 2 1 3 4 3 1 3 3 5 2 1 5 4 5 3 2 4 1 3 3 1 5 4 5 5 1 5 1 1 3 4 1 5 3 1 5 1
2 5 1 0 2 5 3 5 4 1 3 1 2 1 2 2 1 4 4 4 3 4 5 4 5 1 5 5 5 4 3 2 3 3 3 4 2 4 1 2 4 3 1 3 4 3 3 2 3 1 1 5 1 5 3 5 5 2 1 3 1 3 1 1 5 3 5 4 1 1 4 2 3 4 3 3 2 4 1 2 1 1 1 2 2 4 4 2 1 3
5 2 3 1 0 3 5 5 1 4 3 5 4 2 3 4 3 3 5 2 5 5 4 5 2 3 3 3 4 2 3 4 1 2 3 3 3 3 1 4 4 1 1 4 3 2 3 2 4 2 1 3 2 2 2 2 3 5 3 3 5 1 4 2 4 3 2 5 2 5 3 3 5 3 2 3 2 5 4 4 5 1 3 1 3 2 3 3 4 2
4 5 1 2 3 0 1 1 5 1 1 3 4 5 2 2 3 3 2 1 1 5 2 5 5 1 4 2 5 1 3 5 3 1 1 3 2 3 1 3 3 4 4 3 3 5 1 1 1 2 4 4 3 2 2 5 1 4 2 2 2 4 1 4 1 2 5 4 5 3 3 4 2 1 5 5 5 2 1 5 4 5 1 5 5 5 2 2 1 3
4 2 3 3 1 2 0 4 3 4 5 3 3 2 3 1 4 5 3 3 4 3 1 2 3 3 5 1 4 4 3 4 1 5 4 3 1 1 5 1 5 1 4 3 2 5 4 1 1 3 4 1 5 4 4 2 1 3 2 1 4 1 4 5 4 1 4 1 3 2 3 4 3 1 4 1 2 2 2 1 5 4 2 3 4 5 5 5 2 1
1 3 1 2 5 5 4 0 2 5 5 5 5 3 3 2 3 4 1 1 4 2 1 2 5 1 2 4 2 3 2 2 4 1 2 3 1 4 3 4 1 1 4 2 4 2 3 4 4 2 4 5 1 3 3 4 3 4 2 4 1 3 3 4 3 5 3 3 5 1 5 3 5 1 3 3 4 1 1 1 1 5 4 4 3 4 2 1 2 3
1 2 3 5 2 5 5 2 0 4 4 1 1 2 3 1 3 2 1 2 2 5 4 2 2 4 2 1 3 4 4 1 3 5 2 2 5 5 4 4 2 3 5 1 2 2 1 3 1 1 4 1 4 3 3 4 3 4 1 3 1 3 5 1 3 2 4 3 4 1 1 4 3 1 2 3 3 3 3 1 1 5 4 1 2 1 1 2 4 5
3 2 3 4 5 5 5 4 2 0 5 4 1 2 4 5 3 3 1 3 3 2 5 2 5 3 3 5 3 3 5 2 4 3 1 3 1 5 3 3 3 5 1 2 1 5 5 4 4 4 1 5 5 3 5 3 4 1 1 2 2 5 1 1 1 4 3 4 5 3 4 1 3 1 2 5 3 4 2 5 3 1 1 5 1 5 5 3 2 1
3 3 3 3 2 2 2 2 1 5 0 3 5 2 5 2 5 2 3 5 1 1 3 4 1 1 5 2 1 5 4 1 4 2 3 5 3 4 3 5 3 5 4 5 3 1 1 5 5 4 5 5 5 1 4 3 1 3 4 5 5 2 4 4 3 5 4 1 5 5 3 1 5 1 2 4 3 4 4 1 2 2 1 3 3 2 1 5 3 4
3 5 2 3 5 5 2 5 5 5 4 0 1 5 5 5 4 1 3 4 3 3 1 4 4 5 5 4 2 3 2 5 2 2 3 1 2 5 2 3 3 4 3 4 2 4 3 1 5 2 2 5 2 4 3 2 3 5 2 2 3 3 5 3 4 5 2 5 3 1 5 1 3 2 1 3 2 1 5 3 3 2 2 2 3 2 1 5 4 1
5 2 3 4 3 3 4 5 3 5 4 4 0 4 2 2 1 5 2 5 5 4 2 5 4 3 1 2 1 3 3 5 1 1 1 5 5 5 4 1 4 2 1 5 2 5 4 3 2 5 5 4 1 1 3 5 2 5 5 5 2 4 5 5 1 1 1 4 4 4 4 5 2 1 2 4 2 3 1 2 3 3 5 1 1 4 4 2 2 3
1 1 3 4 4 3 1 1 1 3 2 4 5 0 1 5 4 2 1 4 4 1 3 3 4 4 4 1 4 5 1 5 1 4 4 3 3 1 1 3 5 2 1 4 3 5 5 3 1 5 4 4 2 2 5 4 5 4 2 1 2 3 2 4 1 4 3 1 2 5 1 2 2 3 2 1 1 5 5 1 5 4 4 1 2 4 5 1 1 1
1 4 3 4 5 5 1 4 5 2 5 1 3 2 0 1 5 2 5 5 5 2 2 5 4 3 3 5 5 4 4 5 3 5 1 5 4 2 4 4 4 4 3 1 3 2 1 4 1 4 1 5 5 5 1 3 3 3 4 3 4 4 1 3 3 5 2 1 3 5 1 3 2 3 1 4 5 4 3 4 5 5 1 5 3 4 4 5 1 4
3 2 3 3 4 1 3 2 5 5 4 2 5 2 2 0 4 3 4 4 1 5 5 5 1 5 5 5 1 2 4 5 4 5 5 1 2 2 2 1 4 5 4 3 3 4 3 2 2 5 4 3 2 1 4 4 4 1 5 5 3 3 1 1 2 4 3 4 3 1 3 4 3 2 3 1 5 2 5 4 5 4 5 4 3 5 5 5 3 1
2 5 5 3 5 4 4 2 1 3 5 3 4 3 4 2 0 5 2 4 5 4 3 4 5 1 5 1 3 4 5 3 3 4 5 1 1 3 1 2 1 1 1 5 4 2 1 4 2 2 3 4 2 3 5 5 5 4 2 4 3 5 3 5 1 3 1 2 5 5 4 5 5 4 5 4 3 5 5 3 4 4 1 2 1 4 2 3 4 1
2 1 3 2 5 1 1 3 3 2 3 3 5 2 4 3 2 0 4 1 3 3 4 3 1 5 3 3 1 3 3 1 5 2 3 4 2 1 1 2 1 5 4 1 1 4 3 1 1 3 5 5 4 3 4 2 4 2 4 4 4 3 1 4 3 4 4 4 5 3 2 5 3 3 1 3 5 4 2 1 5 3 3 2 4 5 1 2 3 4
3 2 3 1 2 2 1 5 1 3 2 3 1 1 4 5 5 5 0 5 4 5 2 3 5 2 1 1 1 5 4 3 5 2 1 5 2 2 4 2 5 2 2 2 2 5 3 5 1 3 4 5 1 4 1 1 1 4 3 1 4 5 4 5 5 1 4 2 4 5 4 5 1 2 1 5 3 4 5 1 2 1 1 5 4 3 3 5 1 3
4 4 5 3 3 1 3 1 3 4 1 1 4 5 1 5 2 4 5 0 1 1 1 2 1 4 2 2 3 3 5 4 5 2 2 1 1 2 3 1 4 4 4 1 4 2 2 3 2 3 5 5 2 5 3 3 4 4 2 1 4 3 4 4 4 2 3 4 2 4 5 4 3 2 1 1 5 4 5 2 3 5 3 4 1 3 3 4 1 1
1 4 3 3 4 5 1 1 2 4 1 1 5 4 2 5 3 3 5 4 0 1 1 4 1 1 1 2 2 1 5 4 3 3 4 2 3 5 2 2 4 5 4 3 2 1 5 5 2 2 5 1 5 3 1 3 4 4 4 5 1 5 3 5 3 1 4 2 4 5 5 3 1 2 4 4 4 3 3 4 1 5 1 3 5 4 1 5 4 4
4 2 2 2 3 4 1 5 2 4 4 5 3 1 2 5 5 2 1 3 5 0 1 2 2 2 5 5 4 2 1 1 2 3 2 2 4 5 2 4 4 4 3 5 3 1 5 3 3 1 5 4 5 2 1 2 1 1 5 4 5 4 3 2 4 4 1 4 4 3 5 2 5 2 2 1 4 1 2 2 3 2 3 2 4 1 1 4 4 5
2 1 2 1 4 2 5 3 2 5 4 1 5 3 3 1 4 5 5 1 5 2 0 1 5 5 3 5 4 3 4 4 3 1 3 2 1 3 2 5 1 5 1 2 3 5 4 2 1 2 5 4 4 5 3 5 3 3 1 3 5 4 2 5 5 5 3 3 2 1 4 1 1 4 2 2 4 5 3 4 4 4 5 3 3 1 5 2 1 3
2 4 5 3 5 1 4 4 1 5 5 1 5 4 5 1 2 5 3 4 3 5 1 0 4 5 1 3 4 4 1 3 5 5 1 3 3 3 1 1 2 1 4 2 5 4 5 3 5 3 3 1 5 5 5 2 5 3 3 4 5 3 3 3 5 3 1 2 3 5 3 4 4 5 1 4 1 4 5 2 3 5 2 1 3 5 1 5 3 2
3 2 4 4 5 1 5 3 5 4 4 4 3 5 2 1 5 4 4 3 3 3 3 5 0 5 4 4 5 3 1 1 2 1 1 1 2 3 3 5 4 2 4 4 1 4 4 3 3 1 4 2 1 3 2 5 1 4 3 3 2 4 1 3 3 2 3 4 5 4 5 5 5 5 4 1 5 4 1 2 5 2 5 4 2 4 4 2 4 4
3 3 2 5 3 3 5 4 4 3 4 1 3 3 1 3 2 3 5 1 1 2 2 4 3 0 1 3 2 4 5 1 4 2 2 5 2 5 3 2 4 5 1 4 5 4 5 1 3 1 1 5 1 4 5 1 4 1 3 4 2 5 3 3 4 4 1 1 4 2 3 5 3 1 5 5 2 1 5 1 3 4 1 2 4 1 4 1 5 1
2 4 5 1 1 4 1 3 2 2 1 3 3 5 1 5 4 4 3 1 2 1 1 5 4 1 0 1 2 2 2 2 2 4 1 2 2 3 3 2 2 5 3 3 1 4 4 1 5 5 5 3 3 3 2 4 4 1 3 2 4 4 3 4 3 2 5 4 4 1 5 1 3 2 3 4 5 2 4 4 4 1 5 3 5 1 3 5 1 1
2 5 3 3 2 4 2 2 5 5 4 1 1 4 4 5 5 2 2 4 3 2 2 4 1 5 4 0 5 2 3 3 2 1 2 1 1 3 1 5 4 2 3 2 4 4 1 1 3 2 5 4 2 4 3 5 5 3 2 5 3 2 5 4 2 1 3 4 1 5 3 1 3 3 5 3 3 4 1 3 5 5 1 3 2 5 4 2 5 1
1 4 1 4 1 2 1 2 3 2 2 5 3 2 2 3 3 4 3 4 5 2 2 1 4 2 4 2 0 2 1 3 1 4 2 3 1 2 5 3 4 3 5 2 1 3 2 3 5 5 5 1 2 4 1 1 5 3 3 1 4 5 5 1 1 1 3 4 1 1 1 4 2 1 3 5 1 3 2 1 1 4 1 5 2 4 1 5 5 2
2 3 5 4 5 3 3 1 5 2 5 2 5 2 3 1 3 4 2 1 5 1 2 1 1 1 2 1 5 0 3 4 4 1 1 1 4 1 1 1 4 1 3 4 3 2 1 5 4 2 5 2 1 3 2 1 1 2 5 1 5 5 5 1 2 1 2 3 4 2 2 5 1 3 1 2 3 5 3 4 2 1 3 2 3 5 3 3 1 3
2 4 4 3 2 5 3 1 4 1 2 3 1 1 1 1 4 5 1 2 2 1 1 1 2 4 1 3 5 2 0 3 2 1 3 2 2 4 1 3 5 5 3 3 4 5 2 1 5 5 1 4 1 5 5 4 4 4 3 2 1 4 4 3 3 1 1 3 2 2 4 1 1 2 5 5 3 4 2 2 4 3 1 3 4 1 1 2 2 3
2 3 2 1 4 5 4 1 5 2 3 1 1 5 5 1 4 5 4 1 1 3 3 4 2 2 5 3 4 3 2 0 2 3 4 4 2 1 2 1 4 2 4 2 5 1 1 1 5 3 3 2 1 2 1 2 5 2 5 3 4 3 1 3 5 2 1 4 3 2 2 1 5 2 3 4 1 4 5 4 5 5 4 5 5 4 1 2 5 5
2 3 1 3 5 4 3 3 1 3 1 5 1 3 4 4 1 5 3 2 3 4 3 1 3 2 5 4 3 4 4 2 0 5 1 1 5 3 3 1 4 1 3 1 4 3 1 1 4 2 2 5 3 2 5 3 3 3 1 1 5 3 1 5 3 2 5 1 1 2 3 3 5 5 1 4 2 2 4 2 2 5 2 5 1 2 1 2 2 5
4 4 5 5 1 2 3 1 3 1 1 3 3 4 4 1 4 1 4 2 5 5 4 1 1 4 4 2 3 4 4 5 3 0 1 5 3 3 3 3 5 4 1 3 4 2 3 5 2 1 3 4 2 5 4 2 2 4 3 4 4 1 2 3 2 2 2 1 5 1 4 4 4 2 1 5 2 2 2 4 4 2 2 4 3 3 5 3 1 2
3 2 1 5 1 1 2 4 4 5 5 5 3 1 2 1 3 3 5 2 1 5 1 5 5 1 5 3 4 3 4 4 4 5 0 5 5 5 1 1 5 3 1 2 4 5 4 4 1 5 5 1 3 3 2 4 3 1 4 4 1 3 3 1 5 3 4 4 4 3 1 5 3 3 1 5 1 1 4 5 2 1 1 5 5 2 3 2 4 1
2 4 3 5 5 3 3 3 2 3 3 4 2 3 2 2 1 2 1 4 2 1 2 3 2 4 4 3 3 3 5 4 1 5 4 0 2 2 4 1 3 2 3 4 5 3 3 5 1 2 1 2 3 3 2 3 4 3 1 3 5 3 5 1 1 5 3 4 4 3 1 5 5 2 4 4 3 4 4 4 1 4 3 1 4 2 3 3 1 2
5 2 5 3 5 1 3 4 2 5 2 1 2 3 2 5 5 3 5 5 3 3 1 3 3 4 1 2 4 5 2 5 4 5 4 3 0 1 3 4 3 3 2 5 2 1 1 1 3 4 5 2 1 4 5 4 1 2 3 4 1 3 1 3 4 5 2 5 3 3 4 1 1 1 5 3 4 2 4 2 1 1 1 3 5 3 4 2 4 5
3 3 4 1 2 5 5 3 2 4 1 5 4 4 2 5 3 1 3 5 4 3 1 2 1 5 3 3 3 5 5 1 1 1 5 3 2 0 2 2 2 2 1 2 5 2 5 1 5 1 1 4 3 3 3 5 1 1 3 1 2 5 2 4 3 3 5 4 3 4 1 1 4 4 3 3 4 1 2 3 5 3 3 3 2 3 2 2 4 5
5 4 1 4 5 4 5 1 3 2 1 3 5 2 4 5 1 5 3 2 2 4 3 1 3 3 3 1 2 4 3 4 5 2 3 3 2 1 0 5 5 1 5 2 4 1 5 5 2 5 2 5 5 2 5 3 1 5 4 1 4 4 5 1 3 5 3 2 2 4 2 1 4 2 5 3 2 1 2 2 1 2 5 5 3 3 3 5 2 2
5 4 3 3 1 2 2 4 3 5 4 4 1 5 4 1 4 1 1 2 5 2 1 2 3 4 1 5 2 3 4 4 2 3 2 4 5 2 1 0 3 5 4 1 5 3 1 5 4 4 1 5 1 5 1 1 2 2 2 5 1 4 2 3 5 1 5 3 1 1 3 2 1 1 5 4 4 3 5 3 1 5 2 3 3 5 2 2 5 2
3 3 2 1 1 2 4 2 3 1 5 2 5 1 5 2 5 2 5 5 1 5 3 1 3 5 2 5 5 4 3 2 2 3 5 1 3 4 3 5 0 1 1 4 2 1 4 2 2 3 5 2 2 5 1 2 1 5 5 1 4 3 5 2 4 4 3 5 1 1 4 3 4 1 5 1 2 2 3 3 5 4 2 1 4 4 4 2 3 4
1 5 2 2 2 2 4 5 3 1 4 3 5 5 4 3 1 5 1 4 4 2 1 1 4 5 2 1 5 2 3 2 2 2 3 4 4 4 4 5 4 0 4 3 3 3 5 5 3 4 4 4 2 5 5 4 5 3 2 2 2 1 1 3 1 2 1 5 3 2 3 1 3 3 2 1 3 4 2 4 1 4 3 1 5 1 5 3 1 5
3 2 3 3 1 1 5 2 5 2 1 4 5 5 5 3 1 4 1 4 4 5 3 5 3 1 2 1 4 2 4 3 3 4 1 2 4 5 4 2 1 5 0 3 4 2 5 5 4 5 1 4 2 4 3 1 2 5 5 5 3 3 1 3 1 4 5 1 3 5 4 1 2 5 1 4 1 5 2 3 4 3 1 2 2 5 5 5 2 5
2 3 4 1 5 4 4 2 1 1 2 1 5 4 4 3 2 4 1 1 3 1 1 2 3 2 4 4 2 3 2 4 1 4 2 1 1 5 1 4 5 3 1 0 4 5 2 1 5 1 3 5 2 4 4 1 3 5 3 2 4 5 1 1 3 1 1 4 1 5 5 2 3 1 3 4 4 3 5 2 1 2 4 1 2 2 2 2 5 3
4 4 2 3 4 1 2 3 4 1 2 4 2 3 4 5 4 5 1 5 5 5 5 5 1 3 4 3 4 4 1 4 2 3 5 3 2 4 4 3 2 1 1 3 0 1 5 4 4 5 5 1 3 4 1 5 4 4 5 1 4 2 1 2 5 5 2 4 4 5 3 1 5 1 3 3 3 5 2 5 3 1 4 5 3 2 5 5 5 3
5 1 3 1 3 5 1 1 5 3 5 1 2 3 3 5 4 1 5 4 5 3 4 2 1 3 1 4 4 2 3 5 5 1 3 3 1 3 2 1 5 2 5 4 5 0 4 5 4 1 5 1 4 4 2 5 1 4 1 3 4 1 3 3 3 2 4 5 3 1 5 5 4 5 4 4 3 3 3 4 1 2 3 3 4 4 1 5 3 2
1 5 1 5 1 2 3 1 3 2 1 2 3 1 3 5 3 4 3 4 4 5 3 2 1 3 2 1 4 2 5 4 4 3 2 3 2 5 3 2 4 5 3 3 4 2 0 4 2 1 1 5 4 5 2 5 2 5 4 3 2 4 4 1 5 1 5 5 3 4 2 2 2 3 2 1 5 5 2 4 1 1 4 3 3 3 3 1 5 3
4 3 3 3 2 1 4 1 1 2 2 1 4 4 1 4 3 1 3 2 3 2 1 4 2 2 5 3 5 1 3 4 5 4 5 3 3 3 5 4 4 4 4 5 5 2 2 0 2 4 2 1 1 3 1 3 5 3 1 2 2 4 2 4 1 2 2 3 1 1 3 2 1 5 5 4 2 5 2 2 5 2 3 2 2 1 3 3 5 3
1 2 4 2 5 2 2 5 2 5 4 4 5 1 5 3 1 2 1 5 3 2 4 5 2 4 1 5 3 3 5 4 1 1 5 2 2 1 5 3 5 5 4 5 1 1 4 2 0 4 2 3 3 4 4 3 4 4 2 5 4 1 5 5 1 5 3 1 4 2 4 4 2 5 3 1 3 5 2 2 2 4 4 1 1 3 2 1 2 1
5 5 4 4 4 2 3 3 3 4 4 3 2 1 1 1 1 4 3 2 1 5 2 4 2 4 2 3 4 2 3 3 2 3 4 2 5 5 4 3 5 3 4 3 5 1 3 3 3 0 3 3 1 1 5 4 5 4 2 1 3 3 4 1 4 5 5 1 4 5 2 3 4 1 3 5 2 2 2 5 1 2 1 1 2 2 3 2 2 1
1 5 1 4 2 5 4 2 1 5 4 2 2 1 1 3 2 3 3 2 1 4 4 3 1 5 3 2 5 1 1 3 2 1 3 1 5 2 1 2 3 4 3 4 5 4 5 3 4 5 0 5 2 3 4 5 5 2 1 1 4 5 4 3 4 5 4 3 4 5 2 1 2 1 2 4 3 1 2 5 1 1 3 4 4 1 5 5 5 3
1 3 1 1 1 1 4 5 3 1 3 1 5 4 5 4 3 5 1 4 4 2 5 4 1 4 1 2 3 2 1 4 1 4 3 5 5 5 4 2 3 3 4 2 1 5 4 4 4 3 4 0 5 2 1 4 5 4 4 4 3 4 5 5 3 5 3 2 2 1 2 1 2 5 4 2 4 5 4 5 4 3 1 4 4 3 1 5 2 3
2 2 1 1 5 1 2 4 2 5 3 4 5 3 2 5 4 1 2 5 2 4 1 1 4 4 1 5 4 4 2 5 1 5 2 4 5 3 1 2 2 1 2 5 3 2 4 5 4 5 5 1 0 4 1 4 2 4 3 2 1 1 1 5 2 1 1 3 3 4 4 4 3 4 1 2 5 4 2 1 4 4 1 3 1 4 5 1 3 1
3 3 2 2 4 2 5 3 1 1 1 3 2 4 3 2 2 1 5 1 3 1 5 1 4 1 4 3 1 2 3 4 4 4 5 3 4 3 4 2 5 3 2 1 5 4 2 4 1 3 1 2 5 0 2 2 1 5 2 5 5 5 4 1 5 3 4 2 1 5 4 4 1 4 1 2 3 4 1 2 5 4 2 2 1 4 1 1 4 2
2 2 4 2 2 4 2 2 1 3 2 4 3 3 1 5 5 3 1 4 2 5 1 2 3 3 3 4 1 1 1 2 5 5 4 1 3 5 5 5 2 3 2 2 4 2 2 1 4 3 1 2 3 3 0 2 3 1 4 2 4 1 2 5 5 5 4 4 3 2 2 1 3 1 1 3 3 1 5 4 4 3 4 1 4 2 4 4 1 5
3 2 1 5 4 1 5 5 5 2 5 5 3 4 3 4 3 5 4 5 2 2 2 4 4 2 1 4 4 5 3 2 2 2 1 4 5 2 2 5 2 4 1 4 5 2 4 3 4 2 5 1 3 2 3 0 2 5 5 2 4 2 5 5 2 2 2 5 4 3 4 4 2 5 4 4 3 3 3 4 5 2 1 1 2 3 4 2 4 5
5 3 3 2 3 5 5 1 3 1 3 1 1 3 3 2 5 5 4 3 1 3 4 3 4 5 3 4 1 5 3 3 3 5 4 1 3 4 5 5 4 5 3 3 3 1 5 2 4 4 5 4 1 1 5 3 0 2 1 2 4 4 1 2 4 5 1 4 2 5 1 3 4 3 5 3 4 3 5 4 3 3 5 3 4 1 1 2 5 1
1 1 3 2 3 1 2 1 4 5 1 3 2 5 4 2 4 4 5 2 4 4 2 4 5 4 5 2 4 1 4 1 2 4 1 4 4 2 5 5 5 2 3 2 5 2 2 3 3 3 4 2 3 2 2 1 3 0 2 5 1 4 3 5 1 4 3 4 4 2 2 1 4 2 3 2 4 5 4 4 3 5 5 1 2 5 1 4 5 5
4 5 4 1 4 2 5 5 5 3 3 2 5 5 1 5 3 4 4 5 3 2 1 2 3 2 1 1 3 5 4 1 5 1 5 2 2 4 2 4 1 1 5 5 4 3 3 2 4 5 1 3 5 5 3 5 5 3 0 2 3 2 3 4 4 1 1 1 1 2 2 2 1 3 3 4 2 1 2 3 1 1 2 3 2 3 2 2 1 4
2 5 4 1 2 4 2 4 2 3 1 2 3 3 3 2 1 3 5 3 1 4 4 2 5 1 5 5 2 4 2 5 2 1 4 3 4 1 2 2 4 4 5 1 2 3 3 3 3 2 3 2 5 3 1 2 3 4 3 0 1 5 1 5 4 5 3 4 4 5 5 1 1 1 1 4 3 3 5 5 4 2 1 4 5 2 1 4 2 3
1 3 5 3 3 5 3 2 2 2 5 2 3 2 3 5 2 3 2 1 1 3 2 3 1 4 5 5 5 3 2 5 4 4 1 5 4 1 5 1 4 1 1 4 5 4 4 1 3 1 5 4 4 1 5 3 5 3 5 5 0 3 4 5 1 1 4 4 4 5 5 3 5 5 2 3 4 2 4 2 2 4 4 3 4 4 5 5 3 1
3 2 4 5 4 5 1 1 4 5 2 2 1 4 4 5 3 1 5 5 2 1 4 1 3 3 5 3 4 2 2 5 1 1 3 5 5 2 2 4 5 1 1 5 3 5 2 1 3 5 1 1 3 5 2 2 5 1 1 4 4 0 4 5 5 5 1 4 2 1 4 3 4 2 5 1 2 2 1 1 4 2 5 1 1 3 3 1 5 5
1 1 3 3 3 5 3 5 1 5 3 3 5 5 3 2 1 1 1 5 1 4 2 5 4 4 5 3 4 3 2 5 1 1 2 1 4 2 2 1 3 2 5 1 5 4 3 5 3 2 5 4 4 5 3 2 3 4 1 2 1 3 0 5 4 5 1 3 1 3 5 2 2 4 4 4 3 2 4 3 5 2 1 2 5 5 2 2 3 5
3 4 5 3 4 4 5 2 2 5 2 2 4 3 1 3 5 2 2 1 1 4 3 3 1 4 2 5 5 1 1 5 4 3 3 1 3 1 2 5 5 4 2 5 4 1 3 3 4 5 1 5 4 5 1 3 1 1 3 4 2 5 1 0 4 1 1 5 5 3 4 3 1 5 4 3 3 1 4 4 3 1 5 1 3 4 3 1 3 4
4 5 2 1 5 2 2 3 4 1 5 2 1 2 3 5 5 2 5 2 3 1 5 3 3 5 5 4 4 1 4 5 4 4 3 5 5 5 3 1 4 1 4 1 2 3 4 5 1 1 4 3 4 5 3 5 5 1 2 1 1 4 3 4 0 3 3 4 1 1 2 2 3 2 3 3 5 4 2 5 1 2 4 2 5 3 3 5 5 1
2 5 3 4 3 1 1 5 5 2 4 3 4 2 1 2 1 4 5 5 4 3 4 5 4 4 4 1 3 4 4 2 2 5 2 5 2 5 1 3 5 1 1 2 3 3 5 1 4 2 2 5 5 1 3 1 2 2 1 3 5 5 2 3 2 0 4 1 5 3 5 2 5 3 1 3 2 1 2 3 5 5 4 5 3 2 5 4 3 3
3 4 1 2 1 3 5 1 2 2 5 2 2 2 5 3 4 4 4 2 1 2 5 5 4 1 4 4 5 5 1 2 1 1 1 5 5 1 4 4 1 5 3 3 3 3 2 5 1 2 3 2 1 2 2 5 5 1 1 1 5 4 5 3 1 1 0 5 3 4 3 2 3 2 2 2 1 1 2 5 3 3 5 2 4 5 4 2 2 4
4 3 3 4 3 5 2 3 2 2 4 4 1 4 1 1 1 2 5 5 5 1 2 2 2 1 3 1 2 3 1 5 1 2 5 4 2 2 5 4 4 1 4 3 4 3 5 2 2 4 1 1 1 1 3 5 5 3 3 5 5 1 5 2 3 3 5 0 3 1 2 1 3 2 3 1 2 5 2 3 2 5 2 1 3 2 5 2 1 1
3 3 1 2 5 3 4 2 1 4 3 2 3 4 4 2 3 5 3 3 2 4 3 2 5 5 3 4 1 5 1 2 3 1 1 1 2 3 2 5 4 5 5 3 1 3 1 3 4 5 1 2 1 2 5 1 3 2 4 1 3 2 5 2 4 5 4 3 0 2 1 4 1 4 3 5 4 5 2 1 2 1 2 4 3 4 3 5 4 3
4 2 3 5 5 3 3 3 2 3 1 1 4 3 5 1 4 5 4 2 4 5 2 2 4 3 3 3 3 5 5 1 4 2 3 1 4 4 2 1 5 5 1 2 3 2 4 2 1 3 1 5 2 1 3 1 2 3 5 1 4 3 4 2 5 1 3 4 1 0 4 1 5 5 3 5 4 2 2 1 5 4 5 3 5 2 1 1 5 5
2 4 3 5 2 2 2 5 5 4 3 2 4 3 1 1 5 1 3 1 4 4 3 4 1 5 3 2 2 2 1 5 2 1 5 4 1 5 4 5 2 5 1 2 4 4 4 5 2 4 4 4 5 2 5 2 3 3 2 1 2 3 4 1 5 1 4 5 4 3 0 5 3 2 4 3 3 4 5 5 2 4 2 1 2 2 2 1 2 4
4 2 3 3 5 4 3 1 5 2 5 1 3 1 1 2 5 3 3 3 2 1 2 3 1 4 1 3 2 1 2 3 2 5 5 5 3 3 1 1 5 2 5 3 5 2 4 2 3 5 4 4 3 3 4 4 3 2 5 3 2 2 3 5 5 4 1 3 2 3 4 0 3 4 1 4 2 1 5 4 3 3 1 5 2 5 1 2 3 2
4 2 2 1 2 3 4 4 1 2 5 3 3 2 4 3 2 5 4 5 5 2 4 2 4 5 4 2 3 1 2 5 5 3 1 2 1 3 4 3 4 2 4 1 3 4 4 1 5 1 5 3 1 4 5 5 3 1 3 3 4 3 5 4 3 3 3 2 3 1 1 1 0 5 4 3 4 2 4 5 2 4 5 5 3 2 5 2 5 4
4 2 3 2 5 4 2 5 2 5 5 5 5 2 2 5 1 4 3 1 3 1 4 3 2 5 5 3 4 1 2 2 1 4 4 3 1 5 4 2 4 4 4 3 3 1 4 1 5 3 5 2 1 5 4 4 5 3 4 2 1 1 1 4 5 1 3 4 4 5 4 2 1 0 3 5 5 2 5 1 4 5 3 5 2 4 1 3 1 5
5 1 1 3 2 1 3 5 5 5 2 1 5 2 4 5 3 1 5 1 1 3 3 1 1 3 2 4 3 1 4 1 1 3 5 3 2 2 3 3 2 5 5 3 1 4 3 5 4 4 1 5 3 1 1 2 5 5 2 4 1 2 4 3 3 3 3 4 1 5 4 3 4 3 0 2 1 3 4 2 3 5 3 1 1 5 3 4 1 5
5 2 5 4 1 3 5 4 1 3 4 4 5 1 3 2 5 5 2 5 4 3 4 5 5 2 3 4 4 4 2 3 4 2 4 1 4 4 5 1 2 1 5 4 1 5 3 1 4 2 1 4 1 1 2 5 1 3 3 4 4 1 3 4 2 1 3 2 5 2 2 4 4 1 1 0 2 2 1 2 5 5 3 4 2 1 3 2 3 5
4 2 3 3 1 1 1 5 1 4 5 3 3 2 4 3 4 1 5 5 4 5 2 5 5 1 2 4 4 1 2 5 3 1 5 5 1 3 4 4 5 4 4 5 3 1 5 1 4 4 1 1 5 2 1 3 2 5 1 5 1 5 5 4 3 2 4 1 3 2 3 2 4 4 5 4 0 2 5 2 4 3 4 5 1 1 2 1 1 5
5 4 4 4 1 5 5 5 1 2 4 5 2 1 5 1 5 5 2 5 5 3 2 2 4 2 1 2 3 5 3 2 1 5 4 4 1 1 3 2 3 1 2 3 4 1 5 4 2 4 4 1 3 3 3 3 5 4 5 3 2 2 4 4 4 5 3 2 1 1 3 5 2 5 4 4 4 0 1 3 4 1 2 4 3 2 2 2 2 5
3 3 2 3 2 2 1 3 2 3 3 3 4 5 1 2 4 3 1 2 3 2 3 4 5 4 2 3 4 5 5 4 1 5 2 4 4 5 5 2 4 4 5 5 3 1 3 1 4 5 4 1 2 1 3 4 1 4 5 2 1 4 3 3 2 5 5 5 4 1 3 3 3 4 4 1 1 5 0 5 3 2 4 1 1 3 4 3 1 2
2 3 1 1 5 1 2 1 1 3 2 2 3 5 2 1 5 5 3 1 3 3 2 4 2 2 5 4 3 5 2 2 1 5 1 5 3 5 2 5 5 5 4 3 3 5 3 1 3 4 4 4 3 3 3 2 3 3 5 1 3 4 5 1 3 2 5 5 2 3 2 2 5 1 3 1 2 2 4 0 5 5 5 2 2 1 3 1 5 4
5 1 1 1 5 1 5 4 4 2 1 3 3 3 2 3 1 3 3 2 1 1 5 1 3 4 2 1 1 3 3 2 3 3 2 2 5 3 1 1 4 3 1 4 5 2 5 3 3 4 3 4 5 1 3 3 3 5 2 2 4 3 5 2 2 5 2 1 4 3 1 1 2 1 3 1 5 2 2 4 0 2 5 3 1 5 4 3 5 5
1 3 1 1 4 3 3 5 4 5 3 1 4 2 3 5 2 1 1 5 3 3 2 5 3 1 2 3 1 4 5 4 3 5 1 3 2 1 1 3 5 3 2 5 4 4 5 5 3 5 1 5 1 3 2 2 1 5 2 1 2 2 4 1 2 3 2 5 5 1 5 2 3 4 2 5 1 5 2 5 3 0 3 1 1 2 2 1 5 2
5 5 2 2 2 5 4 4 4 3 2 5 5 4 3 1 4 2 1 1 2 4 3 5 2 5 3 2 2 2 2 5 5 3 3 5 3 1 3 4 3 2 4 2 3 2 3 5 3 5 4 3 1 5 2 4 2 3 2 1 3 4 1 4 3 3 5 4 2 2 5 5 3 4 5 5 4 5 3 4 3 3 0 3 5 4 3 5 3 4
2 3 4 2 3 5 5 5 5 2 5 4 4 4 5 3 1 4 1 3 4 4 4 5 1 4 1 3 2 1 3 2 1 3 3 5 2 2 4 4 1 1 2 5 2 2 3 1 3 3 4 1 3 4 5 5 5 1 3 1 3 2 1 1 3 1 3 2 3 1 4 3 1 2 1 5 3 4 3 3 2 3 2 0 2 3 3 3 4 1
1 2 3 3 3 2 4 4 3 4 3 1 5 2 1 4 5 5 2 5 3 3 1 5 1 2 1 4 2 5 5 5 3 1 5 4 2 2 1 3 4 5 1 4 4 5 1 5 3 2 3 3 4 1 5 1 5 5 5 3 1 1 1 2 2 5 5 2 5 2 2 4 3 1 5 1 4 1 4 3 2 5 1 4 0 2 5 2 2 2
1 1 2 4 3 3 4 2 1 3 2 4 1 1 5 2 3 2 5 2 1 5 4 3 4 4 5 3 5 4 1 2 3 2 4 5 5 3 3 4 4 3 4 3 1 5 2 5 5 1 3 5 1 3 2 4 1 4 3 5 3 2 1 2 4 1 3 1 4 5 5 5 5 2 5 5 5 1 5 1 1 3 2 4 3 0 2 4 2 3
4 3 1 2 2 2 2 1 4 5 2 4 3 5 2 4 2 5 5 5 2 2 4 5 1 2 3 4 5 1 5 3 4 2 1 4 3 2 1 2 2 1 1 3 2 2 1 3 5 4 1 3 5 3 3 2 5 5 3 2 3 3 3 3 1 3 3 5 2 2 1 5 4 5 4 1 3 2 3 5 2 4 5 3 4 5 0 3 3 2
2 1 4 3 4 2 4 5 2 3 3 3 5 3 4 3 1 4 4 1 5 3 3 1 3 4 4 3 3 4 1 3 5 4 4 3 5 5 5 4 4 2 1 2 5 2 3 1 1 5 2 2 4 5 4 2 5 3 3 1 4 3 2 3 1 4 4 1 3 3 5 4 4 3 4 1 3 1 5 2 2 4 2 4 5 5 3 0 1 5
3 3 4 3 1 4 4 3 5 2 1 5 2 2 4 1 2 5 3 1 4 5 1 4 2 4 4 5 3 5 1 3 5 5 2 5 4 3 5 2 4 4 4 5 2 1 5 4 2 4 3 2 5 5 1 2 1 4 4 5 2 1 3 3 4 1 3 2 4 1 4 4 2 3 2 4 1 1 4 3 5 3 3 4 4 4 4 1 0 5
5 3 1 2 2 3 2 4 1 1 3 1 3 1 5 5 2 2 1 5 4 2 1 5 5 5 4 5 2 4 4 5 1 2 4 1 1 2 2 2 1 3 2 1 2 4 3 2 3 1 3 3 2 5 1 3 4 5 1 2 2 2 3 4 4 1 4 1 5 5 3 3 5 1 5 3 5 5 1 3 4 1 4 2 5 3 3 4 3 0
65 37 41 33 25 47 23 67 34 61 71 24 13 54 80 35 60 35 19 18 38 49 30 7 22 75 54 90 11 25 81 8 20 59 78 39 51 54 73 7 71 11 12 85 45 30 26 1 24 79 1 59 29 18 21 46 80 21 66 84 47 38 47 80 72 79 81 4 84 10
29 16 27 25 31 40 26 30 29 44 59 47 38 32 88 75 7 41 16 22 20 24 45 51 44 85 24 12 12 36 51 16 17 8 87 5 44 46 72 21 42 70 89 44 61 14 70 56 30 87 43 90 33 58 64 25 20 72 61 86 10 71 88 84 68 40 34 9 7 37
51 56 63 22 56 84 48 47 5 32 86 63 23 45 76 43 21 6 6 1 77 32 11 89 10 24 70 17 34 38 85 6 39 73 20 73 13 27 81 88 89 85 58 7 52 6 75 16 52 70 84 72 20 60 14 13 44 71 87 12 83 47 12 17 58 50 70 49 22 19
25 32 42 7 21 38 85 12 26 11 5 54 63 2 6 27 2 69 52 20 19 30 81 80 15 40 57 37 85 82 78 77 74 4 65 16 6 19 36 52 45 30 5 40 65 4 22 6 75 66 14 47 8 84 50 65 22 12 71 67 1 33 51 74 73 17 18 60 12 30
79 24 57 29 79 22 31 50 84 81 40 50 25 20 29 28 36 8 21 15 11 43 46 44 72 78 14 87 36 76 63 82 9 55 55 40 14 88 31 6 11 28 11 55 23 11 44 75 2 46 16 27 35 69 17 67 40 7 59 6 80 25 75 28 13 13 37 35 83 15
48 88 37 51 57 37 20 71 59 73 53 59 15 3 37 81 62 1 61 63 33 31 4 17 11 71 81 64 78 5 62 50 63 86 73 47 12 83 10 39 65 87 45 88 53 33 7 63 15 55 86 42 85 67 34 23 60 14 45 40 84 87 82 39 31 15 35 57 48 56
88 47 50 82 88 6 21 39 32 7 7 46 49 62 61 60 68 10 29 4 40 72 90 29 46 18 43 39 62 51 82 13 59 45 24 22 85 12 78 63 20 66 86 62 12 84 54 41 70 11 22 60 90 68 38 3 19 8 1 60 46 41 56 16 23 7 45 25 6 51
90 36 7 64 49 63 27 56 89 66 67 26 4 78 87 85 45 9 8 56 8 76 13 49 4 76 26 9 2 28 8 39 89 36 39 79 68 29 51 23 77 78 74 73 75 63 34 38 27 49 2 36 50 87 52 29 12 75 50 55 7 26 78 49 1 53 64 63 62 58
66 46 73 24 51 86 83 61 22 67 82 14 85 42 25 8 30 29 78 52 35 45 33 67 65 26 23 65 14 88 59 41 61 23 13 9 76 56 80 1 83 65 81 17 9 65 8 72 66 85 46 18 86 88 41 82 89 52 14 71 81 31 65 65 60 77 89 14 21 35
86 73 48 56 59 42 61 25 38 60 11 81 64 61 27 31 67 78 70 8 25 26 49 72 35 70 50 25 65 16 31 34 29 77 10 42 35 50 12 19 51 6 42 69 22 64 33 90 12 42 79 58 68 20 69 20 1 9 4 4 71 18 35 36 86 28 16 17 34 17
8 2 5 41 12 19 52 84 19 76 24 43 80 51 38 6 20 47 42 80 49 48 60 90 61 57 27 46 57 40 66 68 22 46 6 54 7 89 43 58 75 36 77 46 43 74 90 66 19 47 32 69 10 32 48 47 31 29 57 66 9 73 28 67 4 32 50 7 8 54
70 49 81 79 5 12 65 87 55 59 90 51 34 58 13 63 29 36 2 25 50 58 12 25 34 9 63 81 16 68 21 76 90 82 56 38 56 22 90 56 85 89 4 13 83 28 89 82 89 20 36 24 45 24 76 73 26 33 65 48 51 14 62 62 45 11 26 67 59 74
35 61 21 19 67 62 38 17 44 5 65 74 1 59 30 48 81 58 47 74 70 90 78 62 90 12 19 2 81 61 9 32 41 6 44 18 70 81 82 26 30 40 57 32 1 35 66 30 61 39 69 4 48 70 22 53 51 24 48 72 14 66 53 53 67 71 19 31 1 81
80 69 45 39 53 11 42 33 16 72 31 35 50 28 58 39 47 17 87 73 85 82 67 54 21 6 40 11 88 3 33 42 53 65 9 64 64 63 77 90 52 50 82 20 70 44 48 43 85 30 88 55 31 27 57 28 61 17 54 32 16 86 36 11 49 49 67 51 52 78
56 8 75 53 33 45 24 51 4 1 25 90 11 86 56 73 38 39 50 86 80 19 28 31 80 72 1 26 70 73 47 55 25 5 77 87 10 74 83 87 29 17 8 71 18 69 63 36 38 86 63 88 5 86 24 90 6 76 31 5 21 90 45 23 85 72 11 10 50 3
72 51 59 26 48 50 47 14 66 88 75 13 21 57 66 55 64 54 76 70 73 13 29 35 79 68 76 70 6 72 12 66 42 48 30 70 22 38 46 85 34 25 32 52 37 41 1 71 11 75 83 77 72 13 32 17 13 23 13 88 35 84 76 57 59 2 32 71 70 8
54 22 36 8 2 66 76 65 87 13 22 5 69 72 31 59 76 88 13 46 51 22 9 15 26 84 6 21 82 60 10 9 50 67 15 52 55 35 26 10 40 73 75 37 80 85 88 14 54 58 53 54 32 22 66 26 59 66 15 35 57 78 10 2 61 62 2 61 75 87
76 54 84 85 10 58 72 2 28 6 85 86 22 36 52 44 66 59 72 83 48 29 16 46 51 51 42 41 80 90 36 15 81 50 59 48 84 17 68 40 2 61 17 90 48 90 86 17 3 83 44 14 51 78 77 42 34 80 90 42 25 34 15 51 6 55 87 16 5 22
75 27 88 9 75 24 29 4 79 86 72 39 19 37 55 40 73 5 41 50 34 35 61 9 14 62 41 50 64 12 74 61 86 39 8 51 23 47 65 66 43 52 53 10 76 72 42 9 32 34 71 70 44 21 49 7 68 27 2 51 67 27 61 79 76 12 83 86 69 57
55 9 9 65 45 13 46 45 83 48 33 3 20 10 34 14 42 90 80 34 45 70 40 18 74 63 49 7 15 33 34 47 21 56 14 6 67 84 59 22 8 62 41 50 26 50 60 54 74 17 76 87 77 9 29 12 49 5 7 80 77 29 14 55 52 41 84 66 49 65
31 6 90 67 28 52 3 8 10 31 66 79 46 7 39 22 28 87 85 77 90 12 74 11 28 43 62 66 61 86 76 88 68 24 60 24 75 28 16 30 69 8 67 5 6 27 23 81 86 65 87 30 63 81 46 24 3 36 42 62 34 35 32 48 42 25 49 12 86 1
9 21 26 66 89 35 90 52 71 20 78 64 71 5 86 67 71 67 27 21 58 83 84 85 6 5 88 60 10 41 43 56 31 2 53 66 33 77 22 32 60 5 54 12 84 78 77 44 43 50 33 41 42 41 20 62 2 4 78 8 8 58 33 7 43 68 3 76 58 20
42 84 54 17 39 4 18 90 61 2 20 32 12 9 12 42 56 12 49 48 4 18 31 8 57 44 66 45 90 47 86 85 52 3 84 13 21 67 29 73 1 1 43 86 41 53 57 48 49 16 15 6 23 15 85 27 71 90 85 18 38 53 30 75 36 42 76 77 27 53
38 57 79 90 78 9 71 10 90 19 30 77 26 83 89 38 40 11 40 6 2 28 14 34 52 23 64 5 42 43 41 28 82 88 42 56 27 85 33 84 38 83 9 41 74 39 13 39 39 9 20 78 70 8 89 52 90 74 70 68 72 44 50 86 28 70 41 32 10 62
4 63 4 69 44 78 28 41 18 69 8 40 67 79 67 79 70 34 31 90 39 8 54 41 47 41 78 71 13 77 58 59 10 7 46 90 78 14 50 8 72 58 66 61 8 62 79 73 76 77 26 64 12 71 75 58 58 6 51 11 79 42 71 56 2 83 75 22 53 83
69 25 16 42 65 55 36 9 53 71 4 58 88 67 82 71 85 24 65 2 47 2 24 48 75 53 48 13 87 58 32 87 60 12 37 68 77 41 41 16 49 44 1 35 64 57 81 47 64 32 17 35 3 45 15 72 72 18 73 20 89 15 21 6 40 60 10 45 90 72
17 48 25 83 90 7 30 26 46 22 55 61 7 31 59 74 88 57 88 19 71 27 44 56 53 79 47 84 37 81 1 22 1 18 40 27 79 15 27 64 48 76 44 11 29 77 17 15 13 41 70 29 18 73 9 74 84 47 32 52 61 65 46 35 41 63 48 58 78 2
18 70 19 28 22 33 10 69 51 56 42 21 37 66 65 66 53 27 57 75 81 21 37 6 30 37 2 47 33 48 52 3 44 17 4 33 89 9 44 13 90 41 79 58 88 60 32 7 40 37 78 63 75 37 5 43 24 10 8 78 53 62 52 42 62 84 6 70 43 7
45 62 11 3 43 68 32 78 67 35 57 29 70 88 4 23 61 62 66 62 16 20 66 73 66 81 61 74 47 84 38 19 76 20 16 2 80 25 56 89 31 47 83 59 56 16 3 77 78 12 6 33 80 80 30 85 64 62 40 31 44 88 4 82 30 80 65 11 39 21
59 39 8 73 69 48 55 6 63 89 54 10 6 21 36 49 5 81 84 17 30 78 53 1 87 73 59 6 40 78 60 67 45 87 11 41 88 80 17 67 79 60 3 63 13 3 4 59 34 71 24 79 37 42 44 35 62 31 41 37 42 17 37 78 46 81 58 52 42 31
5 44 85 12 6 57 16 0 76 41 6 80 65 74 83 24 26 83 63 58 15 47 35 69 82 58 86 32 53 18 24 23 3 10 0 59 40 82 57 43 10 29 68 82 60 32 37 33 58 2 18 0 9 16 70 15 10 1 39 33 68 22 0 22 0 9 4 39 26 77
0 72 18 57 71 1 4 0 68 4 60 25 0 63 47 33 18 64 64 82 0 4 17 33 12 31 9 79 43 27 89 83 28 40 0 57 39 6 34 60 61 18 65 19 27 71 83 0 51 44 61 0 58 82 26 81 39 82 84 47 43 0 0 71 0 54 57 6 82 16
0 50 71 63 55 71 7 0 50 33 39 2 0 14 42 72 33 71 0 68 0 88 43 10 0 33 89 34 0 83 71 53 13 11 0 49 32 78 9 0 53 0 19 0 81 2 40 0 7 0 77 0 53 29 68 34 33 50 63 26 90 0 0 29 0 64 0 78 56 69
0 68 34 49 23 75 0 0 1 14 17 18 0 11 15 56 4 61 0 51 0 14 15 61 0 47 22 28 0 0 40 54 14 71 0 86 38 8 0 0 46 0 70 0 36 18 6 0 45 0 10 0 6 79 3 5 52 54 52 61 0 0 0 9 0 19 0 69 20 0
0 60 69 1 72 29 0 0 7 68 0 65 0 25 1 0 83 23 0 0 0 66 82 66 0 39 90 62 0 0 3 35 30 0 0 29 61 18 0 0 0 0 0 0 40 1 52 0 71 0 60 0 0 26 51 71 28 13 22 0 0 0 0 76 0 3 0 30 18 0
0 35 0 10 19 3 0 0 33 87 0 52 0 0 45 0 84 46 0 0 0 67 70 79 0 30 12 0 0 0 13 27 66 0 0 72 5 52 0 0 0 0 0 0 55 0 76 0 50 0 34 0 0 61 47 78 50 15 56 0 0 0 0 1 0 21 0 89 0 0
0 13 0 20 42 76 0 0 14 24 0 0 0 0 28 0 32 70 0 0 0 7 52 21 0 38 82 0 0 0 18 2 16 0 0 10 0 53 0 0 0 0 0 0 0 0 12 0 36 0 38 0 0 36 7 0 37 89 0 0 0 0 0 0 0 65 0 0 0 0
0 58 0 58 66 15 0 0 0 8 0 0 0 0 35 0 72 86 0 0 0 0 0 30 0 45 56 0 0 0 88 12 72 0 0 83 0 66 0 0 0 0 0 0 0 0 0 0 0 0 0 0 0 59 0 0 0 0 0 0 0 0 0 0 0 0 0 0 0 0
0 74 0 0 54 64 0 0 0 0 0 0 0 0 0 0 74 0 0 0 0 0 0 0 0 36 8 0 0 0 0 0 2 0 0 0 0 0 0 0 0 0 0 0 0 0 0 0 0 0 0 0 0 0 0 0 0 0 0 0 0 0 0 0 0 0 0 0 0 0
0 0 0 0 0 0 0 0 0 0 0 0 0 0 0 0 0 0 0 0 0 0 0 0 0 0 0 0 0 0 0 0 0 0 0 0 0 0 0 0 0 0 0 0 0 0 0 0 0 0 0 0 0 0 0 0 0 0 0 0 0 0 0 0 0 0 0 0 0 0
0 0 0 0 0 0 0 0 0 0 0 0 0 0 0 0 0 0 0 0 0 0 0 0 0 0 0 0 0 0 0 0 0 0 0 0 0 0 0 0 0 0 0 0 0 0 0 0 0 0 0 0 0 0 0 0 0 0 0 0 0 0 0 0 0 0 0 0 0 0
0 0 0 0 0 0 0 0 0 0 0 0 0 0 0 0 0 0 0 0 0 0 0 0 0 0 0 0 0 0 0 0 0 0 0 0 0 0 0 0 0 0 0 0 0 0 0 0 0 0 0 0 0 0 0 0 0 0 0 0 0 0 0 0 0 0 0 0 0 0
0 0 0 0 0 0 0 0 0 0 0 0 0 0 0 0 0 0 0 0 0 0 0 0 0 0 0 0 0 0 0 0 0 0 0 0 0 0 0 0 0 0 0 0 0 0 0 0 0 0 0 0 0 0 0 0 0 0 0 0 0 0 0 0 0 0 0 0 0 0
0 0 0 0 0 0 0 0 0 0 0 0 0 0 0 0 0 0 0 0 0 0 0 0 0 0 0 0 0 0 0 0 0 0 0 0 0 0 0 0 0 0 0 0 0 0 0 0 0 0 0 0 0 0 0 0 0 0 0 0 0 0 0 0 0 0 0 0 0 0
0 0 0 0 0 0 0 0 0 0 0 0 0 0 0 0 0 0 0 0 0 0 0 0 0 0 0 0 0 0 0 0 0 0 0 0 0 0 0 0 0 0 0 0 0 0 0 0 0 0 0 0 0 0 0 0 0 0 0 0 0 0 0 0 0 0 0 0 0 0
0 0 0 0 0 0 0 0 0 0 0 0 0 0 0 0 0 0 0 0 0 0 0 0 0 0 0 0 0 0 0 0 0 0 0 0 0 0 0 0 0 0 0 0 0 0 0 0 0 0 0 0 0 0 0 0 0 0 0 0 0 0 0 0 0 0 0 0 0 0
0 0 0 0 0 0 0 0 0 0 0 0 0 0 0 0 0 0 0 0 0 0 0 0 0 0 0 0 0 0 0 0 0 0 0 0 0 0 0 0 0 0 0 0 0 0 0 0 0 0 0 0 0 0 0 0 0 0 0 0 0 0 0 0 0 0 0 0 0 0
0 0 0 0 0 0 0 0 0 0 0 0 0 0 0 0 0 0 0 0 0 0 0 0 0 0 0 0 0 0 0 0 0 0 0 0 0 0 0 0 0 0 0 0 0 0 0 0 0 0 0 0 0 0 0 0 0 0 0 0 0 0 0 0 0 0 0 0 0 0
0 0 0 0 0 0 0 0 0 0 0 0 0 0 0 0 0 0 0 0 0 0 0 0 0 0 0 0 0 0 0 0 0 0 0 0 0 0 0 0 0 0 0 0 0 0 0 0 0 0 0 0 0 0 0 0 0 0 0 0 0 0 0 0 0 0 0 0 0 0
0 0 0 0 0 0 0 0 0 0 0 0 0 0 0 0 0 0 0 0 0 0 0 0 0 0 0 0 0 0 0 0 0 0 0 0 0 0 0 0 0 0 0 0 0 0 0 0 0 0 0 0 0 0 0 0 0 0 0 0 0 0 0 0 0 0 0 0 0 0
