70 90 60 30 40
2
1
4
1
1
5
2
2
2
1
1
3
4
1
3
3
1
3
5
4
5
5
3
1
3
3
2
1
1
4
3
1
1
2
3
4
1
3
4
5
4
4
2
3
5
5
1
4
4
1
5
3
5
5
5
4
1
1
5
3
4
1
1
1
3
1
3
3
5
2
5
2
4
3
4
4
4
5
4
2
2
3
4
5
4
2
5
1
4
4
0 4 5 1 4 3 3 2 3 5 2 4 5 2 1 4 2 4 4 4 1 1 3 1 1 4 2 2 2 5 4 1 3 2 2 5 2 5 5 2 4 3 3 5 5 4 2 1 1 2 5 1 1 5 5 2 1 5 4 2 2 1 4 2 2 4 4 3 5 2 4 4 2 2 5 4 3 3 4 4 1 5 2 2 3 1 3 4 2 5
5 0 4 2 3 5 2 2 2 5 4 1 2 2 2 3 1 4 1 1 1 5 4 2 5 5 2 2 3 5 3 2 3 2 2 4 5 1 4 4 5 3 4 4 1 5 2 4 5 3 5 2 5 4 1 3 1 5 2 1 4 4 1 1 5 2 3 2 5 3 5 1 3 5 1 2 3 2 2 1 3 1 2 2 5 2 1 1 3 4
4 2 0 4 3 3 5 3 2 5 3 3 2 4 4 1 4 1 1 4 4 1 4 1 2 2 3 3 2 5 3 3 3 3 5 3 3 4 2 1 1 1 1 1 3 5 2 2 3 4 2 2 4 1 5 1 2 5 5 5 3 5 3 3 5 2 4 1 3 3 2 1 2 4 1 2 1 2 1 2 1 3 2 4 3 5 2 4 1 5
1 5 2 0 5 2 3 2 2 2 5 3 1 1 1 2 4 1 1 3 1 3 5 3 2 2 1 4 1 3 2 3 4 2 3 2 5 2 3 2 4 3 3 2 1 4 2 4 2 5 4 1 5 1 1 4 5 4 3 3 2 3 1 3 4 5 2 2 4 5 2 2 5 5 3 5 1 2 3 4 2 2 4 4 5 2 3 2 5 5
2 2 5 5 0 1 5 5 2 3 4 2 3 5 3 1 1 1 1 2 5 2 1 3 4 5 4 1 2 1 3 4 4 5 5 4 1 3 1 1 2 3 3 2 5 3 3 2 1 1 5 2 1 3 1 1 4 1 3 5 3 4 4 5 5 3 4 2 5 3 1 1 5 1 3 1 2 4 4 2 1 3 3 5 1 1 4 3 4 1
5 1 5 1 2 0 3 1 1 4 3 4 1 2 4 3 4 4 1 3 4 2 3 1 1 4 1 3 3 5 2 1 4 3 3 4 3 2 2 2 2 2 5 3 4 1 5 5 1 1 1 4 3 1 2 3 4 2 2 5 4 1 4 2 4 3 2 2 3 2 2 3 3 3 2 4 2 3 3 3 2 1 3 2 5 3 4 5 5 1
2 5 2 3 1 1 0 1 2 2 2 4 5 2 4 1 4 4 2 1 4 5 1 3 2 5 1 2 4 4 4 2 3 5 4 1 5 5 2 1 5 3 1 1 4 1 2 5 1 5 1 3 3 2 1 2 5 5 3 4 1 3 4 4 2 2 2 1 3 2 2 2 4 4 1 3 2 1 3 3 4 5 1 5 2 1 3 5 5 1
1 1 5 4 1 3 4 0 2 1 3 3 5 1 3 5 2 5 4 4 5 4 2 4 3 3 1 1 1 5 2 1 4 1 5 4 4 4 4 3 3 5 4 1 1 2 1 1 2 2 4 4 1 1 1 1 3 5 4 4 5 2 5 3 4 3 4 2 2 3 5 3 5 2 4 4 4 1 2 3 2 1 5 2 2 5 1 1 3 1
1 1 4 5 5 1 2 3 0 3 1 1 1 2 4 4 5 2 1 3 5 4 5 3 5 1 3 2 5 3 4 3 3 2 4 2 2 3 2 3 4 3 5 2 1 4 4 1 3 1 4 4 5 2 5 2 1 5 3 2 2 2 3 2 1 3 2 5 4 3 1 5 1 5 3 3 3 4 5 3 1 5 2 3 2 1 5 1 4 1
4 1 2 1 3 1 5 3 3 0 3 4 1 2 1 5 5 2 4 3 2 5 2 3 5 1 5 2 5 1 4 1 2 5 2 1 4 3 3 2 4 3 1 5 5 1 4 3 5 1 3 1 3 5 1 3 4 5 5 1 4 1 2 5 1 1 3 2 1 1 4 1 2 2 2 4 4 3 5 3 1 2 4 5 1 2 2 4 2 4
5 2 1 3 3 4 4 2 2 5 0 1 3 1 5 5 5 1 4 4 1 5 1 5 3 2 3 4 5 2 3 1 5 4 5 5 5 4 2 2 2 5 1 2 5 5 3 3 3 5 1 2 1 4 5 3 5 4 5 1 3 2 2 4 3 3 4 1 3 3 2 2 4 1 1 4 5 3 1 3 1 4 1 4 5 4 1 1 1 3
5 1 2 3 2 2 5 2 2 5 1 0 1 5 4 1 5 2 2 4 4 1 3 4 3 3 3 5 3 1 5 3 3 3 1 2 4 3 5 4 4 4 2 3 5 1 1 1 2 5 1 4 2 5 4 4 3 3 3 1 2 5 3 4 3 4 2 1 4 2 2 3 4 2 3 3 4 3 3 5 4 3 1 1 5 5 2 1 1 4
5 5 2 3 2 2 5 3 3 1 3 5 0 2 1 2 1 1 4 5 3 2 4 3 4 2 3 2 3 2 3 4 2 4 5 5 5 4 3 3 4 4 3 5 1 3 3 3 4 5 5 3 4 4 3 4 5 1 2 5 2 5 1 4 4 1 3 3 3 5 1 2 3 4 1 2 5 5 3 4 3 2 3 1 1 1 2 4 1 3
5 4 4 2 4 4 1 4 1 2 4 4 5 0 1 2 4 5 1 2 3 5 4 3 3 2 5 2 3 2 5 5 2 5 4 3 3 5 2 4 2 5 5 3 5 2 5 3 5 3 5 5 2 2 4 4 3 5 1 5 1 5 2 5 2 5 1 1 3 3 4 5 4 5 3 3 1 5 1 1 5 2 3 1 5 4 2 4 5 4
4 5 1 4 1 3 2 3 2 3 4 2 5 3 0 3 4 1 4 4 5 5 2 1 3 3 5 2 3 4 3 1 4 5 4 1 1 3 2 4 4 1 1 2 5 5 5 5 3 2 1 2 3 5 4 2 4 3 1 5 4 4 2 1 3 4 4 4 1 4 1 5 4 2 2 4 4 5 5 3 3 5 3 2 4 5 4 1 1 1
5 3 4 5 3 3 1 3 1 2 3 4 2 3 2 0 1 5 2 1 2 2 2 4 1 4 2 4 2 4 1 4 5 5 1 5 3 5 1 1 3 5 3 4 2 2 1 4 5 2 1 3 3 2 2 1 4 2 1 5 3 5 2 2 5 5 2 3 5 4 3 1 2 3 3 1 2 5 3 3 2 1 3 1 5 1 2 4 5 2
2 2 3 2 3 4 5 2 5 3 5 1 1 2 5 2 0 5 5 4 3 1 5 4 4 3 4 1 4 1 5 4 1 3 5 4 5 4 4 4 4 5 2 1 2 5 1 2 1 3 1 2 4 5 4 4 3 3 1 4 5 4 2 3 4 2 2 2 4 1 1 2 1 3 1 1 5 1 3 4 3 3 2 3 4 5 2 4 4 5
5 5 4 3 5 1 5 1 3 2 2 3 2 4 1 4 4 0 3 5 1 3 1 1 4 3 2 3 4 5 2 2 5 2 3 2 1 4 4 4 2 4 5 5 2 1 2 4 4 4 4 5 5 4 2 5 3 5 2 3 1 4 2 2 3 1 5 4 2 5 3 3 4 5 4 1 2 3 5 4 1 3 4 1 5 2 3 3 1 1
1 3 1 4 4 1 3 2 4 3 2 3 1 5 3 4 2 5 0 2 1 4 4 4 4 3 2 2 1 1 4 1 3 5 5 5 5 3 2 2 5 4 3 3 2 4 4 2 2 3 5 3 5 5 1 5 4 5 1 4 2 4 5 5 5 5 2 2 3 2 5 1 2 4 3 1 2 2 5 3 3 2 4 3 1 1 1 2 5 1
4 3 1 2 3 3 1 1 3 1 3 5 5 2 3 4 2 3 5 0 5 2 3 5 4 5 3 2 4 1 1 3 3 1 2 1 5 1 5 1 5 2 1 5 4 3 5 2 4 4 4 1 3 5 3 5 1 2 4 5 3 1 1 1 3 1 5 3 2 3 5 1 3 5 1 3 1 4 1 1 4 1 3 5 4 2 5 1 5 2
2 5 4 2 3 3 2 4 2 1 1 1 4 4 5 4 3 2 3 4 0 4 1 1 1 5 4 1 2 2 3 5 4 2 5 1 3 4 3 5 2 3 3 1 3 4 2 1 5 5 1 4 1 5 5 1 3 2 3 2 3 3 5 5 1 5 4 3 1 5 5 5 4 5 4 4 4 4 1 3 4 5 2 2 3 4 5 3 1 2
3 3 2 4 5 2 3 2 4 1 4 4 2 5 3 4 1 5 1 1 4 0 1 1 4 5 1 2 2 1 3 4 5 2 4 2 2 1 4 2 2 4 4 1 4 1 1 4 5 3 4 2 4 2 4 1 5 2 3 1 2 2 5 1 5 1 4 3 1 1 2 5 2 3 5 5 1 1 2 3 5 1 3 4 3 2 4 2 1 2
3 5 4 5 1 4 4 1 4 2 3 5 1 3 1 2 3 3 4 2 1 2 0 5 2 4 1 4 2 4 4 5 5 2 4 3 3 3 3 3 4 3 5 1 4 2 1 4 5 2 1 2 1 5 4 4 4 5 3 1 3 1 4 1 1 4 5 5 5 3 2 3 4 2 5 5 3 5 1 3 1 2 5 3 3 4 5 2 3 1
2 3 4 5 3 1 2 1 3 3 2 4 1 1 2 5 2 2 3 1 3 5 5 0 3 5 4 1 2 5 2 4 2 2 3 2 4 4 4 2 4 4 2 4 4 5 2 5 2 4 5 2 3 2 3 5 4 3 5 3 2 1 3 4 3 4 4 3 5 1 3 2 4 4 4 1 4 5 2 3 5 2 2 1 4 4 1 5 1 2
3 2 4 1 3 3 4 2 2 1 3 2 5 3 3 2 5 3 2 2 4 1 2 5 0 4 4 4 1 2 4 5 2 2 5 2 4 2 1 2 5 4 4 3 3 3 5 4 3 1 1 4 4 4 4 1 4 5 1 3 3 3 1 2 5 3 3 2 5 1 2 4 1 4 5 1 3 3 5 4 2 3 5 2 3 5 5 2 2 2
3 1 1 2 4 3 5 3 5 1 5 5 1 3 2 3 1 5 1 3 2 1 1 4 2 0 1 1 1 5 3 2 2 3 4 3 5 1 4 1 5 3 3 1 4 2 3 5 4 3 1 1 3 1 2 3 4 1 4 5 2 4 1 1 1 4 5 2 4 5 1 3 4 3 1 3 5 4 1 2 4 5 4 3 3 3 1 1 2 1
2 4 2 1 2 5 3 4 1 2 4 2 2 1 2 3 4 1 5 5 4 4 1 4 3 2 0 3 1 2 4 2 2 4 4 3 2 5 2 4 5 5 2 5 3 5 2 4 5 5 2 3 1 4 2 4 4 4 4 1 3 2 2 3 4 5 2 5 2 2 2 5 4 1 4 4 5 4 2 5 2 4 5 3 4 5 4 3 3 2
1 2 5 3 3 1 1 1 4 2 1 1 4 3 4 5 5 2 3 3 4 5 2 4 5 5 3 0 2 5 2 1 4 1 3 2 2 1 2 1 3 3 4 2 2 5 4 2 2 3 2 4 4 3 4 5 3 4 2 5 5 3 4 3 5 3 1 2 2 5 5 5 4 1 5 2 3 3 2 1 2 3 2 5 5 2 1 5 5 4
2 5 2 4 1 1 5 1 5 3 2 4 2 2 2 2 4 1 5 2 3 2 4 1 2 3 2 4 0 4 5 2 3 2 2 5 1 2 1 3 5 5 4 1 4 4 5 2 3 5 4 5 4 4 2 2 5 2 4 4 5 2 5 4 4 1 5 5 2 2 3 2 3 4 4 4 1 5 3 2 2 2 5 2 5 1 2 1 1 4
4 5 4 5 3 2 4 2 2 1 3 2 3 5 1 4 5 2 5 2 3 2 4 4 2 4 2 4 3 0 4 5 2 3 1 4 2 4 5 5 1 4 2 1 1 2 5 4 2 1 2 3 3 1 5 3 1 2 1 2 5 3 5 5 2 2 3 1 4 2 3 5 3 1 2 3 3 3 3 5 3 2 3 1 4 4 1 1 5 4
3 3 3 2 2 1 2 5 3 5 2 4 1 5 1 4 5 1 5 2 4 3 4 2 2 4 1 3 5 5 0 2 3 3 2 5 1 1 2 5 5 3 4 1 2 2 5 2 2 2 3 4 2 4 2 4 2 1 1 2 4 5 1 3 4 3 1 3 5 2 3 4 1 2 5 3 4 3 2 2 4 5 1 4 4 5 1 5 5 4
5 2 3 5 5 3 2 1 5 1 5 5 4 2 1 1 2 5 1 5 2 4 5 4 4 5 1 3 3 3 1 0 2 1 4 2 2 2 3 5 2 1 5 2 4 2 2 5 3 5 3 5 3 3 4 5 4 4 2 1 4 1 4 3 2 3 2 2 2 5 4 3 2 4 3 3 3 1 3 3 4 4 4 1 4 5 1 4 4 5
4 5 3 1 3 4 1 4 4 4 2 5 4 2 1 5 4 4 5 5 1 5 3 2 1 5 3 4 4 1 1 1 0 2 3 2 4 2 4 1 3 3 4 2 5 5 1 3 2 1 5 5 1 4 4 2 2 5 5 2 5 1 2 5 2 2 5 1 5 5 3 2 4 2 2 1 5 4 3 3 3 5 1 2 3 1 5 1 3 4
5 3 1 2 5 5 5 3 2 2 4 1 5 2 1 1 4 2 5 5 3 2 1 3 5 3 2 3 3 1 2 4 3 0 2 3 5 4 1 5 2 1 5 2 4 1 5 3 2 4 3 5 3 4 4 1 1 1 5 2 4 5 1 4 1 2 5 3 2 3 4 5 5 1 1 3 2 1 5 1 1 2 4 5 3 5 1 2 2 4
4 2 4 3 4 1 3 2 3 4 2 3 3 5 3 5 5 2 5 2 3 1 1 1 4 4 3 3 5 4 1 1 5 3 0 4 5 5 3 1 2 2 3 2 3 5 4 1 3 4 3 2 2 3 5 5 2 3 2 4 3 1 2 3 5 4 4 3 1 5 1 5 2 5 2 4 3 2 2 4 5 4 3 5 2 1 3 3 5 2
5 2 3 4 2 5 3 4 4 4 5 4 5 1 5 5 1 4 1 1 3 1 3 4 4 2 4 1 1 4 4 3 5 3 2 0 5 1 5 5 2 4 4 4 4 4 5 3 1 5 1 2 4 5 4 3 1 3 3 5 4 4 1 4 5 3 1 4 1 5 4 1 2 1 4 1 4 5 4 2 4 1 4 5 5 2 3 4 2 3
4 2 3 4 5 4 1 1 2 4 2 4 3 2 4 3 1 4 4 4 1 4 1 2 1 1 1 3 5 5 1 4 5 2 4 1 0 1 3 4 1 3 5 5 4 2 3 1 1 3 5 5 4 1 1 2 4 5 2 2 5 5 5 3 2 5 1 5 4 3 2 1 4 4 4 2 5 4 1 3 5 2 3 1 3 4 3 4 2 4
3 2 4 4 4 1 3 3 4 1 5 4 1 5 1 2 5 2 4 4 1 5 1 1 1 2 2 4 3 4 4 1 1 5 4 1 2 0 4 4 4 3 3 3 3 2 3 1 3 4 2 1 5 4 4 1 3 2 5 5 3 3 2 5 1 5 3 2 5 5 4 4 5 2 3 3 5 3 5 1 4 4 2 1 4 3 3 3 2 3
5 2 4 3 5 3 3 3 4 5 3 3 5 4 4 1 2 1 4 3 2 2 5 2 2 3 5 4 1 1 2 5 5 4 4 3 1 3 0 4 2 3 3 4 2 4 3 5 3 5 4 2 2 4 2 4 4 5 3 3 5 3 5 4 5 4 3 4 4 1 1 1 5 1 2 3 3 4 2 5 4 2 1 1 5 4 1 2 4 3
5 4 2 2 2 3 2 3 1 2 3 3 3 4 5 1 1 1 4 4 2 3 5 5 3 2 4 4 4 4 3 2 5 3 5 3 2 3 1 0 3 5 2 3 4 5 5 3 2 3 3 4 4 3 5 5 1 1 1 2 5 2 2 3 5 1 2 1 3 3 5 2 2 3 3 2 3 4 5 1 3 1 5 3 5 5 2 4 5 2
5 1 3 1 5 3 2 2 3 1 2 3 3 5 5 2 1 4 1 3 3 3 2 2 3 3 3 4 3 2 3 1 3 2 4 3 2 1 5 4 0 1 5 4 3 2 4 2 2 3 5 3 3 2 5 5 1 4 2 3 5 4 2 5 2 1 4 4 4 3 5 2 4 5 2 1 1 5 2 1 5 3 5 3 3 3 1 2 4 2
3 2 3 1 3 4 5 1 1 4 5 1 5 5 3 4 1 2 1 3 2 4 3 3 3 4 1 1 5 2 2 5 2 5 5 3 5 3 2 5 1 0 5 5 3 1 1 3 4 2 5 4 3 2 1 2 5 3 4 5 4 2 5 4 1 5 4 4 3 5 5 3 3 3 3 2 3 1 1 3 4 3 2 1 3 3 4 2 3 2
1 1 3 2 1 3 3 1 5 4 1 3 3 4 3 3 1 3 1 5 2 1 1 4 3 5 3 1 2 3 5 5 5 5 5 4 2 3 4 2 2 1 0 5 1 2 1 5 1 2 5 3 4 4 3 4 1 2 3 2 2 5 1 4 1 4 2 1 1 3 4 1 1 5 3 5 1 4 5 2 3 2 1 3 1 4 3 4 2 5
5 3 1 5 4 5 5 5 2 2 2 1 5 4 4 5 4 3 5 4 3 3 5 3 1 5 4 1 2 2 2 2 3 4 3 4 1 3 4 3 2 3 2 0 5 1 2 4 4 1 1 3 3 4 2 2 4 2 2 5 5 3 1 1 1 2 2 5 4 5 4 3 2 1 1 2 3 4 1 1 4 1 4 5 3 5 3 5 4 1
1 3 3 5 4 5 4 5 5 3 5 2 4 1 2 3 5 1 3 1 4 4 3 2 2 5 3 4 4 3 1 1 1 5 2 3 2 1 5 2 3 1 1 4 0 4 5 2 5 3 5 1 3 5 2 1 1 5 5 1 4 5 5 3 2 3 1 1 4 1 2 2 5 4 4 5 5 5 3 1 4 4 5 1 4 3 1 5 5 4
3 4 5 2 5 1 2 4 2 2 3 2 4 2 5 3 5 3 1 4 2 5 4 2 3 1 3 1 2 1 5 2 5 4 3 2 1 4 1 3 4 3 3 2 3 0 5 2 2 4 1 3 3 4 5 4 3 5 2 4 5 1 3 5 3 3 5 1 4 4 5 5 3 2 2 5 1 1 1 1 1 1 1 5 2 5 5 1 1 2
4 2 3 3 5 4 3 5 1 2 2 2 3 3 2 1 3 2 5 4 4 5 2 3 1 5 4 4 2 2 3 4 2 5 2 2 5 3 1 5 4 1 2 3 5 4 0 3 5 2 4 1 3 1 4 4 2 5 5 2 4 5 3 2 5 4 2 5 4 3 4 2 2 1 4 4 2 3 3 5 2 2 1 3 4 5 3 1 5 5
5 5 2 5 3 4 1 3 3 3 2 1 3 4 1 1 3 3 1 2 1 1 1 2 2 5 1 4 5 1 1 1 4 1 1 4 2 4 4 5 2 5 5 1 1 4 2 0 4 2 2 1 5 1 3 4 4 5 2 1 4 5 4 1 2 5 5 1 5 5 1 2 2 2 4 1 3 2 2 5 4 5 4 1 3 2 1 1 2 5
5 2 2 2 5 1 1 3 3 2 3 4 4 1 3 5 4 1 1 5 3 4 3 3 5 2 2 4 2 3 4 5 1 2 3 4 5 5 2 4 3 4 5 4 5 3 1 3 0 4 2 3 2 5 2 3 2 2 1 4 2 3 3 3 5 3 4 5 4 5 4 4 1 2 4 5 5 3 3 4 2 3 5 5 1 1 5 1 3 3
4 2 5 5 4 4 5 3 1 3 2 5 4 2 2 2 4 1 4 2 3 5 4 3 4 4 3 1 5 3 3 5 2 4 5 4 2 1 1 2 5 4 2 5 1 5 3 3 1 0 2 1 4 1 4 2 1 4 4 5 3 1 3 2 2 3 4 1 2 2 3 4 5 1 1 1 3 5 3 2 1 3 4 1 2 4 4 4 5 5
2 3 5 4 1 3 2 1 5 2 1 5 4 1 4 1 4 3 2 3 3 1 4 2 3 4 5 3 5 1 1 5 4 5 2 1 4 4 2 2 2 5 4 2 5 2 5 5 5 2 0 4 4 1 3 4 4 4 3 3 4 4 4 2 3 2 3 2 4 5 1 2 3 1 2 3 4 1 2 5 4 5 3 2 4 3 1 1 3 5
1 5 5 3 4 4 3 1 5 4 1 3 5 4 4 4 2 4 4 5 4 5 5 4 1 4 1 3 2 4 4 1 2 3 1 3 3 1 2 4 4 2 1 4 2 5 3 5 5 3 1 0 1 5 3 1 4 1 4 2 3 1 1 3 4 2 1 2 4 5 5 3 3 5 1 3 5 4 3 4 1 3 5 3 1 5 1 2 3 3
5 5 1 5 5 3 5 3 3 5 1 4 2 1 4 3 1 4 5 3 1 4 5 4 1 3 4 3 3 1 1 1 5 4 5 2 1 1 5 4 2 3 4 4 5 2 3 4 5 5 4 1 0 4 5 5 5 4 4 5 3 4 3 1 2 3 5 4 1 5 5 2 2 4 4 5 1 2 4 4 3 4 2 3 5 3 3 4 1 1
4 4 3 2 1 4 3 2 1 4 2 5 2 2 2 5 1 4 2 4 4 5 3 1 4 5 3 2 4 1 3 4 3 4 5 1 4 3 5 4 2 5 2 3 1 4 4 4 3 4 5 5 4 0 5 1 2 3 3 4 1 3 1 3 3 2 3 2 2 4 1 5 2 5 1 5 4 5 2 2 4 3 4 3 4 2 1 1 5 4
2 5 2 3 3 2 1 3 3 5 2 5 4 1 5 5 4 2 5 3 3 2 5 2 5 5 2 1 4 3 5 5 4 2 4 2 5 3 5 1 1 2 1 1 2 2 2 5 2 4 1 1 1 4 0 4 1 2 1 1 1 3 4 1 5 3 4 4 2 3 4 1 2 2 4 3 1 4 1 5 2 3 3 5 1 3 1 3 1 3
5 5 4 4 1 3 1 4 5 3 4 5 3 1 4 2 2 3 2 3 4 1 2 3 4 4 1 3 5 1 1 5 2 2 5 1 2 1 5 2 3 3 3 2 2 2 1 1 4 2 4 3 2 3 3 0 2 2 4 4 4 3 5 5 2 3 4 2 3 1 5 3 3 1 2 2 1 3 1 3 2 4 5 2 5 1 2 4 3 2
1 4 5 1 1 5 2 4 3 4 5 1 2 1 5 4 3 5 3 4 2 2 2 2 3 4 5 5 1 2 4 5 4 4 4 2 5 1 1 4 5 1 3 4 5 4 4 3 3 2 2 5 4 5 2 3 0 2 4 5 4 5 5 1 3 3 4 2 5 4 2 1 4 1 3 5 2 3 3 3 4 4 4 4 4 5 5 4 4 1
2 1 1 2 4 5 1 2 2 4 4 3 1 4 2 2 4 2 2 1 2 1 1 2 5 4 4 5 4 3 4 5 5 4 5 2 1 2 4 4 5 2 3 2 1 5 5 1 3 5 3 2 5 3 1 3 4 0 3 4 2 1 3 4 2 4 5 4 1 2 2 3 1 5 1 4 5 1 1 4 2 1 2 4 2 2 3 5 5 5
4 5 5 3 5 4 2 3 5 2 5 4 2 2 2 3 2 3 5 2 1 3 3 1 3 3 4 2 3 1 5 3 2 4 4 1 5 2 5 4 4 1 1 3 2 5 2 3 4 3 1 2 3 4 5 2 5 2 0 3 5 4 1 1 5 3 3 4 4 3 4 3 2 5 2 2 1 5 1 1 5 2 1 4 1 2 4 3 1 1
3 1 5 3 3 1 3 5 4 5 2 3 3 5 2 1 1 5 4 3 4 4 1 4 3 2 4 4 4 4 3 5 2 5 1 3 2 3 1 3 3 4 4 5 5 2 2 3 1 4 2 1 4 3 3 5 3 2 3 0 1 2 3 1 3 3 4 5 3 1 2 5 2 1 5 4 5 1 5 1 3 3 2 4 5 5 2 4 1 3
2 3 2 3 4 3 4 2 3 1 1 4 4 3 5 1 3 3 3 5 1 1 3 4 1 4 5 5 2 1 1 2 1 3 4 3 5 3 4 1 1 1 3 2 3 1 2 3 2 2 4 1 1 2 4 3 3 5 5 4 0 1 1 4 3 1 3 5 5 3 4 1 1 5 2 4 1 3 3 4 1 2 5 5 5 2 5 4 2 5
2 5 3 3 5 4 3 4 3 4 4 3 4 5 5 2 2 2 5 5 1 3 5 5 4 5 2 1 5 5 3 4 5 5 3 5 5 5 2 2 5 2 3 1 2 1 2 1 5 2 2 1 2 1 3 1 5 3 3 4 2 0 1 2 5 3 4 5 5 1 4 5 1 5 1 5 1 2 3 4 3 2 4 3 3 5 3 5 4 4
2 4 4 1 4 5 5 4 1 2 4 2 5 5 4 3 3 2 4 1 4 1 4 2 2 5 1 1 1 3 4 2 1 2 4 3 1 1 4 5 5 5 1 5 5 3 3 4 5 4 3 3 3 1 3 2 2 3 2 3 2 3 0 3 1 5 4 2 2 5 5 3 5 5 1 2 3 5 2 3 2 3 2 2 5 3 1 4 5 4
5 4 4 1 5 4 1 2 1 3 1 3 4 1 2 3 5 4 5 5 2 3 3 3 4 3 2 3 5 3 2 2 1 4 4 5 5 4 1 3 3 3 5 4 5 4 1 3 3 5 2 1 2 2 2 2 1 1 1 5 3 5 3 0 5 5 1 4 2 2 5 1 3 1 2 2 5 2 2 4 5 1 3 1 2 5 1 3 2 4
1 4 4 2 3 2 4 3 3 1 4 5 1 3 5 3 3 3 5 1 1 3 3 5 3 1 2 1 4 1 2 2 1 4 5 5 3 5 5 5 2 1 3 2 1 3 4 5 5 1 1 3 1 5 2 2 1 2 5 5 2 4 1 2 0 1 4 1 4 2 4 3 1 4 3 1 2 4 3 3 3 4 4 4 3 4 4 2 5 3
3 1 5 3 1 2 4 4 4 4 3 5 4 2 4 5 5 5 4 5 5 5 3 1 5 2 5 4 5 4 4 4 1 2 1 3 5 3 3 3 3 5 3 5 3 5 3 4 2 1 4 5 1 5 1 2 4 4 2 1 2 1 4 5 5 0 2 1 2 1 4 4 5 2 2 1 4 2 2 2 1 5 2 1 3 3 4 1 2 1
5 4 3 4 2 1 3 3 5 4 2 5 2 1 2 5 4 3 5 3 4 3 2 4 5 3 4 1 5 1 5 1 1 3 5 5 2 5 2 4 2 2 5 4 3 2 5 3 4 4 2 2 3 3 2 3 2 4 3 2 3 1 2 2 3 3 0 2 3 1 4 1 5 4 4 5 5 3 1 1 3 2 5 3 2 5 5 2 3 2
4 4 3 3 2 4 1 5 2 1 4 1 3 4 5 1 3 4 5 5 3 4 5 5 4 4 2 5 5 3 1 3 5 5 4 5 4 1 4 4 2 5 3 2 1 3 3 4 4 1 1 4 3 4 3 3 3 3 5 4 1 5 4 1 4 1 4 0 5 5 2 5 3 1 2 1 3 4 2 3 1 4 1 1 1 3 4 4 3 2
2 3 2 2 2 2 5 3 1 1 1 2 1 5 1 4 5 4 1 4 1 5 2 5 3 5 2 3 1 2 1 5 2 4 3 4 1 4 2 2 3 1 2 5 4 1 3 1 3 4 5 4 1 4 2 5 1 4 4 3 4 2 5 4 3 5 5 3 0 5 4 3 3 1 1 3 4 3 3 3 1 2 3 4 3 3 2 4 2 3
5 4 1 2 1 1 5 2 3 4 3 5 3 3 2 1 4 3 2 3 3 3 1 5 5 5 3 4 4 2 5 3 5 1 2 1 2 2 5 5 5 2 1 5 2 4 1 5 4 4 3 2 2 5 1 1 5 5 4 3 4 1 1 1 1 3 5 1 1 0 1 2 3 1 4 1 3 4 4 1 3 1 4 4 4 5 3 5 5 2
2 1 1 2 4 1 2 1 3 2 2 5 1 2 5 3 1 3 5 5 1 2 4 5 2 3 3 5 3 2 5 5 5 2 5 2 1 4 3 2 1 2 2 2 3 2 3 4 1 1 5 1 2 5 3 4 3 1 4 5 4 5 1 1 4 2 3 5 4 4 0 4 2 2 4 4 3 5 4 1 1 5 1 5 1 5 2 4 2 1
5 2 2 3 2 4 5 1 1 3 5 5 2 5 4 1 5 3 2 3 3 1 1 3 4 5 1 4 2 2 5 3 4 2 3 5 2 3 4 5 4 1 3 3 5 5 3 2 2 1 5 4 2 3 5 2 4 2 5 4 3 4 1 1 1 3 3 2 2 3 4 0 2 2 4 3 2 3 3 5 4 4 1 5 1 4 2 3 2 5
3 5 1 4 5 1 5 5 2 3 2 3 5 5 1 2 5 5 4 1 2 3 3 2 5 2 5 2 3 3 1 2 2 2 3 1 5 4 1 1 2 2 5 5 2 2 2 1 4 1 4 4 5 2 5 4 2 2 2 2 2 3 2 1 3 5 4 5 4 5 2 4 0 4 2 2 2 2 3 3 4 4 3 1 2 1 4 3 1 3
2 1 1 4 1 2 5 2 1 3 2 5 5 4 5 5 4 2 4 3 4 3 4 3 4 1 4 5 3 4 4 1 4 5 3 1 2 1 4 3 4 3 2 5 2 3 1 3 3 2 4 2 1 2 5 2 2 2 2 3 4 1 1 2 3 5 3 5 3 3 1 1 1 0 3 1 1 2 3 1 4 4 3 5 2 5 5 3 2 5
3 3 4 3 3 1 3 1 1 4 4 5 5 4 3 5 2 1 5 3 3 5 5 5 5 5 3 2 4 3 4 5 1 5 3 2 2 1 1 4 5 5 3 1 1 4 2 5 5 5 5 5 3 4 1 2 3 1 1 5 2 2 2 1 4 2 4 5 2 4 3 3 1 4 0 4 4 2 4 4 3 1 1 1 2 2 1 4 3 5
2 1 1 3 4 2 5 5 4 3 2 1 1 1 5 4 1 4 5 1 3 4 2 5 5 2 3 2 2 3 4 3 3 5 2 4 2 4 1 3 2 5 3 3 1 1 1 3 2 1 2 5 5 2 3 5 2 3 1 5 5 3 3 2 4 4 3 5 4 1 1 2 3 5 2 0 5 1 1 3 2 3 1 2 3 3 2 2 3 2
2 5 2 3 4 3 4 5 5 2 5 3 3 4 2 1 1 3 3 1 3 5 4 4 1 3 5 3 4 2 5 1 2 4 1 2 3 4 5 2 5 2 1 2 1 3 2 2 5 4 3 2 4 5 4 3 5 3 1 3 1 4 1 1 5 1 4 5 5 2 5 5 1 3 3 1 0 5 2 2 2 5 5 3 4 3 1 3 4 5
2 1 5 1 3 4 2 3 2 1 5 1 4 3 4 3 4 2 5 4 3 1 3 1 1 3 4 4 5 2 3 5 4 4 1 3 1 2 3 5 4 5 1 4 1 1 3 2 3 3 2 1 5 1 5 5 3 1 5 5 1 1 2 2 3 4 3 4 1 5 4 1 3 4 1 5 1 0 3 4 5 2 4 4 4 1 3 3 4 5
1 1 3 4 5 2 5 3 3 4 5 5 3 2 2 5 3 4 5 3 4 5 5 2 2 1 1 2 4 2 4 3 4 3 3 5 3 3 4 3 5 4 3 2 1 2 4 3 2 3 2 4 2 5 4 5 4 3 3 3 4 4 1 1 3 5 1 3 5 2 2 2 2 5 2 4 1 4 0 3 1 1 1 3 4 1 3 5 1 1
5 5 5 3 4 5 4 4 4 3 4 3 3 3 5 2 2 5 5 1 2 2 4 3 5 5 1 3 3 1 3 2 4 2 4 4 2 5 5 1 3 3 2 5 2 5 2 4 1 2 5 2 3 3 5 5 1 1 3 1 4 2 5 3 2 4 4 4 4 3 1 3 3 1 5 5 2 1 5 0 1 2 1 2 4 1 5 4 4 5
3 1 5 5 1 2 1 5 4 4 1 4 4 3 1 3 3 4 4 3 1 4 2 3 5 5 2 3 2 2 3 1 5 5 5 5 1 2 5 5 1 1 5 1 5 5 1 5 3 5 2 2 1 3 4 4 5 3 1 4 1 4 1 3 5 5 1 2 1 4 4 4 1 3 5 1 3 5 5 3 0 2 1 3 4 4 3 4 4 2
4 4 3 2 1 1 4 5 3 5 3 4 4 1 3 1 2 3 4 3 1 1 5 5 3 1 1 4 5 3 3 2 3 3 3 4 2 5 2 4 1 4 3 1 4 1 5 1 4 5 4 1 2 4 3 5 1 2 5 4 3 4 1 5 1 3 2 4 2 1 3 1 2 1 1 5 1 3 4 3 5 0 1 2 4 1 5 5 1 4
5 1 4 3 2 4 1 2 2 5 1 4 1 1 4 2 2 5 4 4 3 1 5 1 4 1 1 4 4 4 2 4 4 2 2 4 2 4 5 5 5 1 5 2 5 5 1 5 4 5 2 2 1 2 2 4 1 3 2 5 3 3 5 1 1 4 3 4 3 3 2 4 5 4 2 2 2 3 4 4 3 4 0 2 4 2 2 2 3 1
2 3 4 3 1 3 2 4 4 5 1 4 2 5 5 4 3 2 1 3 2 5 5 5 5 1 2 4 2 3 1 1 1 5 3 3 1 1 1 2 2 1 2 5 3 3 2 4 4 2 2 4 2 5 3 1 5 2 1 2 4 3 2 2 4 2 2 1 3 5 5 3 2 2 2 4 4 3 4 3 1 4 2 0 3 1 4 3 2 2
1 1 3 4 2 5 5 5 1 1 4 1 1 3 2 5 2 4 5 2 2 3 1 1 3 1 2 5 1 3 1 5 1 5 4 2 4 5 5 2 3 1 4 3 5 4 3 2 4 2 3 3 5 3 1 5 2 4 2 5 3 1 2 1 3 4 2 2 3 3 4 4 4 3 5 5 2 1 4 2 2 5 3 5 0 3 3 2 3 3
4 4 3 5 3 2 2 1 5 5 4 5 2 4 5 3 3 2 2 3 2 5 4 4 5 4 3 5 4 4 4 5 4 2 4 3 5 5 4 5 3 4 3 2 1 4 2 2 3 5 1 1 5 4 5 3 5 4 2 2 1 3 2 3 2 4 5 3 2 3 4 1 4 2 3 4 1 1 3 5 1 3 4 1 2 0 2 4 4 5
5 5 3 2 2 4 4 3 2 3 1 5 4 4 4 2 1 5 5 3 5 3 2 5 1 3 1 5 4 2 3 3 5 1 2 5 1 3 2 1 3 4 4 3 4 5 4 4 5 5 2 5 2 3 1 1 3 4 3 5 1 2 4 5 3 3 1 3 3 1 4 1 3 4 4 1 5 1 3 3 3 4 5 2 2 1 0 2 3 1
5 4 2 4 3 3 2 5 1 2 5 2 2 2 3 3 4 1 1 5 2 3 4 1 3 1 3 2 1 3 2 5 2 1 4 5 4 3 3 1 2 4 5 2 5 4 5 3 4 2 4 1 3 2 5 5 4 1 3 3 5 3 5 3 1 5 1 2 3 5 3 5 4 3 2 5 2 2 3 1 1 3 3 1 3 1 4 0 3 1
2 3 2 4 4 1 5 4 5 2 2 4 1 4 3 2 4 1 4 5 4 3 3 4 1 1 3 2 3 2 4 4 4 5 1 5 2 4 5 1 4 3 3 3 5 4 1 3 2 2 1 2 3 2 5 1 2 2 4 5 2 5 3 3 5 1 5 4 2 2 1 5 2 2 1 1 2 2 4 5 1 4 2 3 2 4 1 1 0 5
2 2 3 2 3 1 2 1 3 5 5 5 4 3 3 2 2 1 5 1 1 2 2 3 1 3 2 2 2 1 5 3 3 4 1 1 2 2 1 4 2 5 5 3 4 1 3 2 3 4 1 1 2 3 1 5 1 4 5 5 5 3 2 4 3 5 1 2 5 5 1 2 4 3 5 2 2 4 5 3 2 1 5 4 3 5 5 5 4 0
62 42 61 66 44 72 47 77 40 73 89 33 40 26 71 37 29 33 13 5 56 23 75 3 25 24 66 53 79 1 10 58 86 9 71 5 44 53 61 76 7 68 46 52 88 40 16 21 4 19 73 46 52 21 45 7 47 48 47 78 51 57 86 30 63 46 74 72 2 63
28 63 55 13 57 82 11 50 34 55 75 62 12 70 59 70 88 67 60 52 69 16 12 38 69 10 76 23 9 20 73 64 85 32 20 11 15 47 49 75 22 41 58 72 82 31 4 66 48 43 81 17 80 23 47 53 22 65 87 73 62 29 65 61 72 42 40 28 19 8
48 35 86 55 59 48 3 47 35 40 79 71 66 49 48 36 22 75 25 23 21 64 35 2 23 27 5 70 13 88 80 77 62 4 84 19 78 14 15 83 89 86 72 1 37 44 19 71 90 42 64 90 26 8 26 10 70 29 81 63 19 88 20 34 57 47 10 62 35 80
24 24 11 27 46 75 50 61 12 31 47 88 49 62 7 78 4 41 14 56 6 30 20 58 13 87 69 56 32 3 88 10 67 78 16 76 54 20 16 19 55 44 19 33 84 32 2 40 12 66 60 15 63 25 73 38 43 56 86 35 43 52 83 53 29 16 30 14 45 62
75 29 62 23 76 50 74 11 88 19 60 79 65 53 33 44 16 37 58 21 70 76 64 24 75 16 25 21 75 61 5 59 26 63 67 55 45 13 59 45 6 9 20 4 70 14 25 6 64 35 47 65 42 71 55 24 72 51 31 85 80 5 33 58 6 3 43 31 42 16
46 53 80 51 13 74 10 26 64 20 34 74 89 25 22 60 8 40 4 33 33 71 48 35 86 43 67 81 87 19 8 22 20 58 13 85 32 21 10 27 41 34 74 70 53 55 70 50 38 61 10 21 27 76 56 15 9 31 38 71 37 85 79 35 47 34 44 29 32 42
84 41 5 60 29 54 34 80 7 87 61 14 53 16 49 19 14 11 87 36 39 62 63 75 71 5 60 42 34 28 78 39 17 75 53 15 52 84 3 40 65 62 65 60 42 89 53 29 35 30 40 16 84 72 76 89 27 75 30 52 55 89 42 55 49 17 71 38 48 20
86 52 43 87 15 70 20 30 38 7 73 85 52 37 88 38 31 15 44 54 47 73 60 57 22 39 17 22 7 49 41 86 53 1 57 46 4 68 63 80 24 73 53 66 49 15 61 17 40 90 82 49 53 55 77 59 14 38 22 57 74 14 23 90 43 57 39 56 6 39
63 39 72 10 12 46 55 24 39 78 23 63 4 77 64 28 90 56 29 31 50 45 26 60 82 11 13 5 56 84 12 2 61 34 52 48 84 75 57 51 1 31 26 62 14 71 30 89 62 26 38 66 8 34 11 1 21 19 89 1 11 56 27 21 14 73 64 80 20 33
82 3 6 17 39 61 19 6 29 79 86 70 78 48 68 6 69 55 31 79 23 61 81 23 31 88 42 49 20 38 81 29 40 10 49 24 11 28 54 82 20 79 10 3 90 50 27 87 81 16 30 84 32 37 58 16 48 63 35 62 70 46 9 85 38 41 14 2 51 3
8 55 13 2 55 73 15 68 44 72 42 45 46 18 54 62 5 28 50 25 35 69 74 61 77 73 62 11 40 65 46 32 51 49 87 18 18 39 75 61 60 71 76 54 51 68 57 62 71 81 25 38 51 10 6 67 79 21 34 51 85 86 34 29 1 56 54 42 12 86
67 70 4 29 4 4 17 72 61 41 3 50 42 6 29 77 83 24 10 34 64 37 36 11 5 56 48 62 70 73 53 49 12 21 58 7 47 27 89 38 58 81 33 80 19 35 85 59 11 13 6 74 60 27 48 45 55 4 73 15 53 78 67 69 36 35 65 26 75 54
34 56 69 59 77 83 29 65 26 71 30 23 47 59 50 68 1 25 78 42 71 6 61 27 62 72 75 39 1 78 60 12 46 46 90 22 59 57 26 31 27 11 39 29 85 60 84 48 82 76 7 19 37 31 75 6 33 42 39 69 79 69 21 70 54 63 6 59 5 31
76 57 32 77 81 51 13 40 50 6 17 38 90 76 16 45 74 14 37 86 65 26 62 71 29 15 50 13 83 66 71 51 41 22 24 65 43 90 71 90 62 30 9 76 75 4 71 38 33 45 80 68 87 59 5 55 85 33 3 64 29 20 61 19 62 77 19 87 54 71
53 54 36 54 67 15 5 90 3 86 28 66 2 68 58 25 55 3 62 82 12 41 58 63 87 51 14 26 88 64 84 9 8 88 77 53 69 8 83 84 88 50 61 41 2 56 77 85 32 21 50 89 29 3 66 68 23 76 55 77 87 60 78 42 13 49 55 8 21 38
69 8 1 35 83 43 51 86 23 51 29 76 19 74 51 2 44 26 40 80 42 27 27 87 6 76 22 76 60 45 64 72 73 15 21 32 21 65 7 62 87 29 49 81 76 1 78 56 61 33 77 57 49 64 17 34 42 50 58 20 35 38 81 12 58 70 60 89 74 65
51 61 23 85 86 77 44 18 71 12 84 11 28 75 86 30 18 89 45 78 81 67 40 6 49 84 33 41 16 2 52 16 70 70 25 89 75 19 25 85 10 42 4 53 3 64 64 30 26 88 1 4 78 50 8 12 12 11 36 66 28 34 76 28 33 26 31 4 76 34
73 21 34 39 11 19 80 46 90 26 39 16 15 1 20 35 46 34 84 51 77 51 79 17 20 89 2 40 36 89 13 21 13 39 60 49 64 32 50 4 42 39 50 78 68 76 50 53 7 40 58 76 67 89 70 32 17 15 50 5 47 23 88 36 67 32 63 78 14 4
72 44 42 6 72 36 32 13 11 25 52 77 62 19 84 51 57 17 69 10 83 52 14 18 81 90 78 48 43 85 72 7 77 35 79 39 57 83 42 36 68 2 1 21 23 5 52 74 46 77 84 81 56 88 22 20 34 74 71 54 75 15 31 33 69 61 78 75 58 78
52 13 82 89 23 14 52 33 84 81 27 25 79 14 56 58 10 82 3 8 27 68 46 10 83 6 70 61 6 46 15 71 72 89 15 68 53 36 13 53 23 88 21 45 28 19 14 10 70 4 37 47 4 33 82 75 54 88 12 27 25 12 36 50 37 2 57 41 52 70
30 65 52 18 27 35 24 64 87 68 77 57 75 4 55 83 61 13 6 30 1 39 87 49 41 12 19 88 57 48 86 78 89 20 62 16 14 67 85 9 31 12 16 31 40 43 63 76 66 41 23 14 83 22 31 80 66 45 83 28 22 65 35 17 70 86 51 1 83 49
9 64 38 47 62 10 63 75 56 60 8 44 27 89 47 79 60 90 79 9 8 59 76 31 56 44 72 82 52 77 62 45 27 38 31 13 56 74 76 71 33 66 70 40 41 67 81 78 50 67 33 8 77 83 90 66 25 12 75 68 12 53 29 72 7 33 79 67 3 72
88 72 18 48 3 22 54 17 25 44 80 30 34 27 78 7 76 68 77 35 46 19 32 40 57 59 58 63 39 25 23 82 3 18 68 69 27 43 27 69 75 57 80 64 22 7 13 1 14 55 71 24 55 39 87 3 61 62 26 26 57 74 89 45 75 75 76 35 1 73
36 20 26 34 85 16 67 37 76 4 21 34 33 30 82 75 21 43 67 59 18 50 90 88 37 64 9 78 4 32 19 54 68 81 23 51 71 41 20 1 86 3 2 68 43 39 45 44 63 23 41 40 82 62 69 39 77 1 44 12 66 83 54 38 59 13 4 66 53 84
4 2 20 36 26 52 25 10 66 13 53 7 18 2 57 90 89 29 70 15 15 17 30 62 42 57 11 47 61 4 30 34 74 48 17 62 23 1 35 64 8 37 64 51 80 85 59 90 29 69 28 75 48 66 67 28 76 28 53 13 4 49 87 63 61 36 56 7 69 36
66 69 90 4 75 86 85 36 14 17 85 20 38 21 30 73 85 88 90 53 79 1 83 50 36 32 61 46 10 53 57 31 39 60 19 23 1 29 11 3 17 69 79 82 44 72 51 33 54 29 21 83 17 1 80 60 80 36 27 60 76 7 44 20 21 19 28 40 38 9
16 87 22 26 40 1 21 32 17 82 46 22 50 42 6 84 52 22 83 40 51 60 2 39 44 67 40 18 80 21 20 68 76 5 82 6 61 77 38 35 66 48 36 44 17 23 60 80 34 49 65 35 68 84 71 36 3 9 61 75 14 45 43 6 28 23 45 21 73 57
17 26 56 45 80 11 28 60 59 84 63 41 48 5 45 8 20 81 85 11 24 70 52 1 1 36 63 60 41 72 47 5 32 59 14 28 88 76 23 49 14 90 81 30 32 21 48 28 5 1 69 34 7 41 10 8 24 72 43 83 81 10 6 14 90 8 2 86 27 48
43 50 2 37 2 58 40 56 21 29 44 46 39 45 2 66 67 72 15 88 80 57 13 68 4 79 20 58 63 27 51 75 19 11 6 64 73 87 88 43 90 87 54 56 26 26 37 16 56 28 35 26 31 38 14 85 20 22 88 44 67 79 60 54 65 20 85 74 60 30
56 71 76 76 36 45 42 52 57 39 20 54 17 54 15 63 65 66 55 38 61 44 56 82 48 30 15 86 5 22 66 66 35 67 37 21 7 37 90 56 69 20 30 61 63 34 18 83 41 8 79 33 14 13 57 37 89 10 33 87 48 84 57 75 89 15 75 57 7 29
5 0 65 57 9 2 48 3 72 10 74 4 3 11 13 59 11 39 49 68 13 0 59 70 17 49 31 25 27 42 90 36 44 0 18 0 38 86 4 20 46 75 41 8 81 63 41 73 78 62 32 82 61 87 27 35 10 64 32 45 23 27 80 83 31 80 0 49 80 61
90 0 44 74 65 40 56 34 68 8 31 1 31 78 10 74 24 6 41 17 66 0 10 9 0 31 0 89 68 90 76 3 24 0 33 0 29 62 86 22 0 49 31 67 67 69 80 36 37 2 0 13 22 45 46 58 0 81 49 14 24 22 24 16 83 0 0 15 68 24
40 0 24 0 18 88 6 28 81 14 55 83 23 82 0 0 56 49 1 49 32 0 41 0 0 26 0 1 29 69 32 83 38 0 36 0 46 12 0 26 0 58 77 9 34 54 21 5 87 52 0 0 69 57 4 18 0 77 69 21 49 62 37 43 66 0 0 50 23 2
0 0 0 0 53 63 71 63 73 11 0 0 0 83 0 0 71 5 0 90 0 0 70 0 0 52 0 90 86 82 33 85 7 0 30 0 34 42 0 57 0 51 88 89 0 61 0 0 13 57 0 0 25 19 2 40 0 44 8 4 63 54 46 62 18 0 0 84 46 85
0 0 0 0 74 42 45 57 8 0 0 0 0 23 0 0 17 61 0 81 0 0 73 0 0 0 0 8 53 75 77 69 52 0 0 0 62 56 0 42 0 45 48 32 0 18 0 0 0 65 0 0 86 0 59 0 0 0 41 53 0 21 40 0 0 0 0 12 65 77
0 0 0 0 56 67 53 79 32 0 0 0 0 38 0 0 27 12 0 55 0 0 8 0 0 0 0 7 72 0 59 1 0 0 0 0 10 17 0 50 0 4 0 83 0 0 0 0 0 83 0 0 38 0 84 0 0 0 57 17 0 75 50 0 0 0 0 0 90 23
0 0 0 0 10 23 9 0 52 0 0 0 0 73 0 0 15 8 0 0 0 0 0 0 0 0 0 55 8 0 0 0 0 0 0 0 90 79 0 79 0 47 0 0 0 0 0 0 0 0 0 0 2 0 21 0 0 0 2 0 0 0 71 0 0 0 0 0 50 0
0 0 0 0 34 12 61 0 0 0 0 0 0 0 0 0 47 59 0 0 0 0 0 0 0 0 0 66 23 0 0 0 0 0 0 0 5 78 0 11 0 0 0 0 0 0 0 0 0 0 0 0 3 0 61 0 0 0 40 0 0 0 30 0 0 0 0 0 43 0
0 0 0 0 87 80 72 0 0 0 0 0 0 0 0 0 0 0 0 0 0 0 0 0 0 0 0 0 55 0 0 0 0 0 0 0 77 70 0 0 0 0 0 0 0 0 0 0 0 0 0 0 0 0 0 0 0 0 0 0 0 0 0 0 0 0 0 0 59 0
0 0 0 0 0 41 0 0 0 0 0 0 0 0 0 0 0 0 0 0 0 0 0 0 0 0 0 0 21 0 0 0 0 0 0 0 0 0 0 0 0 0 0 0 0 0 0 0 0 0 0 0 0 0 0 0 0 0 0 0 0 0 0 0 0 0 0 0 37 0
0 0 0 0 0 0 0 0 0 0 0 0 0 0 0 0 0 0 0 0 0 0 0 0 0 0 0 0 0 0 0 0 0 0 0 0 0 0 0 0 0 0 0 0 0 0 0 0 0 0 0 0 0 0 0 0 0 0 0 0 0 0 0 0 0 0 0 0 0 0
0 0 0 0 0 0 0 0 0 0 0 0 0 0 0 0 0 0 0 0 0 0 0 0 0 0 0 0 0 0 0 0 0 0 0 0 0 0 0 0 0 0 0 0 0 0 0 0 0 0 0 0 0 0 0 0 0 0 0 0 0 0 0 0 0 0 0 0 0 0
0 0 0 0 0 0 0 0 0 0 0 0 0 0 0 0 0 0 0 0 0 0 0 0 0 0 0 0 0 0 0 0 0 0 0 0 0 0 0 0 0 0 0 0 0 0 0 0 0 0 0 0 0 0 0 0 0 0 0 0 0 0 0 0 0 0 0 0 0 0
0 0 0 0 0 0 0 0 0 0 0 0 0 0 0 0 0 0 0 0 0 0 0 0 0 0 0 0 0 0 0 0 0 0 0 0 0 0 0 0 0 0 0 0 0 0 0 0 0 0 0 0 0 0 0 0 0 0 0 0 0 0 0 0 0 0 0 0 0 0
0 0 0 0 0 0 0 0 0 0 0 0 0 0 0 0 0 0 0 0 0 0 0 0 0 0 0 0 0 0 0 0 0 0 0 0 0 0 0 0 0 0 0 0 0 0 0 0 0 0 0 0 0 0 0 0 0 0 0 0 0 0 0 0 0 0 0 0 0 0
0 0 0 0 0 0 0 0 0 0 0 0 0 0 0 0 0 0 0 0 0 0 0 0 0 0 0 0 0 0 0 0 0 0 0 0 0 0 0 0 0 0 0 0 0 0 0 0 0 0 0 0 0 0 0 0 0 0 0 0 0 0 0 0 0 0 0 0 0 0
0 0 0 0 0 0 0 0 0 0 0 0 0 0 0 0 0 0 0 0 0 0 0 0 0 0 0 0 0 0 0 0 0 0 0 0 0 0 0 0 0 0 0 0 0 0 0 0 0 0 0 0 0 0 0 0 0 0 0 0 0 0 0 0 0 0 0 0 0 0
0 0 0 0 0 0 0 0 0 0 0 0 0 0 0 0 0 0 0 0 0 0 0 0 0 0 0 0 0 0 0 0 0 0 0 0 0 0 0 0 0 0 0 0 0 0 0 0 0 0 0 0 0 0 0 0 0 0 0 0 0 0 0 0 0 0 0 0 0 0
0 0 0 0 0 0 0 0 0 0 0 0 0 0 0 0 0 0 0 0 0 0 0 0 0 0 0 0 0 0 0 0 0 0 0 0 0 0 0 0 0 0 0 0 0 0 0 0 0 0 0 0 0 0 0 0 0 0 0 0 0 0 0 0 0 0 0 0 0 0
0 0 0 0 0 0 0 0 0 0 0 0 0 0 0 0 0 0 0 0 0 0 0 0 0 0 0 0 0 0 0 0 0 0 0 0 0 0 0 0 0 0 0 0 0 0 0 0 0 0 0 0 0 0 0 0 0 0 0 0 0 0 0 0 0 0 0 0 0 0
0 0 0 0 0 0 0 0 0 0 0 0 0 0 0 0 0 0 0 0 0 0 0 0 0 0 0 0 0 0 0 0 0 0 0 0 0 0 0 0 0 0 0 0 0 0 0 0 0 0 0 0 0 0 0 0 0 0 0 0 0 0 0 0 0 0 0 0 0 0
0 0 0 0 0 0 0 0 0 0 0 0 0 0 0 0 0 0 0 0 0 0 0 0 0 0 0 0 0 0 0 0 0 0 0 0 0 0 0 0 0 0 0 0 0 0 0 0 0 0 0 0 0 0 0 0 0 0 0 0 0 0 0 0 0 0 0 0 0 0
0 0 0 0 0 0 0 0 0 0 0 0 0 0 0 0 0 0 0 0 0 0 0 0 0 0 0 0 0 0 0 0 0 0 0 0 0 0 0 0 0 0 0 0 0 0 0 0 0 0 0 0 0 0 0 0 0 0 0 0 0 0 0 0 0 0 0 0 0 0
0 0 0 0 0 0 0 0 0 0 0 0 0 0 0 0 0 0 0 0 0 0 0 0 0 0 0 0 0 0 0 0 0 0 0 0 0 0 0 0 0 0 0 0 0 0 0 0 0 0 0 0 0 0 0 0 0 0 0 0 0 0 0 0 0 0 0 0 0 0
0 0 0 0 0 0 0 0 0 0 0 0 0 0 0 0 0 0 0 0 0 0 0 0 0 0 0 0 0 0 0 0 0 0 0 0 0 0 0 0 0 0 0 0 0 0 0 0 0 0 0 0 0 0 0 0 0 0 0 0 0 0 0 0 0 0 0 0 0 0
0 0 0 0 0 0 0 0 0 0 0 0 0 0 0 0 0 0 0 0 0 0 0 0 0 0 0 0 0 0 0 0 0 0 0 0 0 0 0 0 0 0 0 0 0 0 0 0 0 0 0 0 0 0 0 0 0 0 0 0 0 0 0 0 0 0 0 0 0 0
0 0 0 0 0 0 0 0 0 0 0 0 0 0 0 0 0 0 0 0 0 0 0 0 0 0 0 0 0 0 0 0 0 0 0 0 0 0 0 0 0 0 0 0 0 0 0 0 0 0 0 0 0 0 0 0 0 0 0 0 0 0 0 0 0 0 0 0 0 0
0 0 0 0 0 0 0 0 0 0 0 0 0 0 0 0 0 0 0 0 0 0 0 0 0 0 0 0 0 0 0 0 0 0 0 0 0 0 0 0 0 0 0 0 0 0 0 0 0 0 0 0 0 0 0 0 0 0 0 0 0 0 0 0 0 0 0 0 0 0
0 0 0 0 0 0 0 0 0 0 0 0 0 0 0 0 0 0 0 0 0 0 0 0 0 0 0 0 0 0 0 0 0 0 0 0 0 0 0 0 0 0 0 0 0 0 0 0 0 0 0 0 0 0 0 0 0 0 0 0 0 0 0 0 0 0 0 0 0 0
0 0 0 0 0 0 0 0 0 0 0 0 0 0 0 0 0 0 0 0 0 0 0 0 0 0 0 0 0 0 0 0 0 0 0 0 0 0 0 0 0 0 0 0 0 0 0 0 0 0 0 0 0 0 0 0 0 0 0 0 0 0 0 0 0 0 0 0 0 0
