50 70 25 15 25
5
4
5
2
2
1
2
3
2
1
1
1
2
3
2
5
1
1
1
5
3
3
5
5
3
5
5
4
5
5
1
2
1
3
2
3
1
5
1
5
1
3
5
5
3
3
1
3
1
3
3
3
4
3
1
4
4
5
5
3
1
4
2
4
2
1
1
3
2
3
0 4 1 5 3 5 3 5 4 4 1 5 1 4 5 5 5 5 2 5 3 2 1 5 5 2 2 1 3 2 2 3 3 4 1 5 5 2 1 1 3 4 2 1 2 5 1 1 5 4 2 5 1 3 3 5 3 5 5 5 2 3 5 5 2 1 4 3 3 5
1 0 3 2 5 1 1 5 4 1 5 1 5 1 2 5 4 3 3 4 2 5 5 2 4 4 3 3 5 3 1 4 1 5 2 2 5 2 4 3 1 5 2 2 1 3 4 2 4 5 1 3 4 3 2 1 5 4 1 5 3 2 1 5 1 3 3 2 5 3
1 3 0 5 2 2 1 5 4 5 5 1 1 5 1 1 2 3 3 3 4 4 5 1 2 3 2 4 5 2 2 4 1 1 5 5 1 5 2 4 2 4 1 4 2 4 5 2 1 5 1 1 4 3 1 1 2 5 5 4 2 2 1 3 4 2 4 2 2 1
5 1 3 0 1 4 4 4 1 1 5 5 4 3 2 5 1 3 2 5 2 3 2 4 1 1 2 3 3 1 1 5 5 3 5 4 4 2 4 5 3 1 4 4 4 3 4 3 2 2 3 5 3 3 1 4 3 5 2 5 5 3 3 4 2 2 4 5 2 5
2 2 5 2 0 1 4 4 4 2 1 4 5 5 3 1 2 2 4 3 1 2 3 4 4 2 4 5 4 1 2 4 1 1 5 4 1 1 1 3 5 3 1 4 3 2 4 2 1 1 1 5 5 5 3 2 5 5 5 4 2 1 2 4 2 3 1 2 3 2
3 4 1 2 4 0 2 5 3 1 4 2 4 3 1 4 4 1 2 1 3 2 4 3 3 1 2 4 4 5 2 1 2 1 5 2 4 2 2 3 3 3 4 1 3 2 3 3 5 1 1 3 4 5 3 4 2 1 5 2 2 3 5 4 1 3 5 4 2 5
5 1 3 1 1 5 0 1 3 4 4 2 1 4 4 5 2 4 2 1 4 2 5 1 5 5 1 2 1 5 1 5 4 4 2 4 3 5 2 2 3 4 5 4 5 3 5 1 2 2 4 5 4 1 3 2 2 2 1 2 5 5 3 2 4 2 4 5 5 5
1 4 4 1 2 1 1 0 1 3 4 3 5 4 4 5 1 3 4 1 1 1 3 1 4 2 1 2 4 3 2 3 1 1 1 2 3 5 2 1 5 2 1 2 4 3 1 1 2 1 2 4 2 5 3 2 5 5 4 2 5 2 2 4 4 1 2 5 4 3
1 1 1 2 3 2 4 5 0 3 1 2 2 3 1 4 4 4 3 2 1 1 2 4 2 4 5 2 2 5 2 3 1 3 5 1 4 5 3 5 5 4 1 1 1 1 2 2 3 1 3 3 1 3 2 3 4 1 1 2 3 1 3 1 5 3 1 1 5 3
1 5 5 5 5 5 5 5 5 0 2 3 3 4 3 4 2 5 5 2 2 4 1 3 5 4 2 1 4 1 5 4 5 2 4 1 4 4 5 2 5 1 4 2 3 2 4 4 1 4 4 4 1 5 1 2 1 5 5 5 5 3 1 4 3 3 2 4 2 5
4 2 1 2 2 4 2 2 5 3 0 1 2 5 3 5 5 1 1 2 1 1 4 3 1 3 1 4 3 2 1 4 2 4 1 5 4 2 2 1 4 3 2 1 2 1 3 3 2 1 1 3 1 1 1 4 3 1 1 4 3 1 3 3 2 2 1 1 1 5
5 4 1 4 2 3 4 4 4 3 5 0 2 4 5 5 4 5 5 2 1 4 3 5 2 5 1 5 1 2 4 1 4 3 1 3 2 2 5 4 1 5 1 5 4 1 2 5 2 4 4 5 3 4 2 5 4 2 4 1 2 5 2 5 4 4 3 2 2 3
1 4 1 2 5 2 2 3 3 4 3 5 0 1 3 2 1 4 3 4 3 5 2 5 5 2 3 3 5 3 3 1 4 3 1 3 2 1 5 1 3 3 4 4 2 5 1 4 1 1 2 3 3 2 2 3 5 4 1 5 1 3 2 2 2 2 2 4 2 4
3 2 1 3 3 2 2 5 5 3 5 3 2 0 1 5 1 1 3 1 1 2 2 4 2 3 2 3 2 5 3 4 4 1 1 4 3 1 1 1 4 4 1 3 1 3 2 3 1 1 4 4 2 5 2 5 5 3 3 1 5 2 3 5 5 3 4 4 2 5
3 2 4 5 3 3 3 4 4 4 5 3 4 1 0 1 5 3 3 2 4 1 2 5 4 5 4 4 2 1 5 4 5 1 1 2 3 2 3 5 3 5 1 4 2 4 1 1 2 1 4 5 3 4 3 3 2 5 1 5 5 3 5 4 1 1 2 3 2 1
5 4 2 4 4 1 1 5 4 2 1 4 3 4 3 0 5 4 2 4 5 3 4 5 1 5 5 5 1 2 4 2 2 3 2 4 4 2 3 2 5 1 2 1 2 2 4 5 1 3 2 2 5 3 3 4 1 1 5 4 1 5 3 4 4 1 1 5 3 2
2 2 5 5 2 3 5 3 4 5 1 4 2 4 5 2 0 1 3 2 1 4 2 4 4 3 2 4 5 3 1 1 4 1 4 5 2 4 3 3 2 4 1 5 3 2 1 3 2 1 1 1 1 2 3 1 1 1 5 2 3 5 3 2 3 2 3 3 4 1
2 3 1 2 2 3 1 4 4 3 2 3 4 2 4 2 2 0 1 5 2 3 1 4 4 2 2 2 5 1 5 2 1 4 1 3 5 4 4 2 4 2 5 2 5 2 3 4 4 2 2 3 5 4 4 2 3 2 3 4 2 4 5 1 5 2 3 3 1 4
5 3 3 3 2 2 3 3 4 1 3 5 3 2 4 1 3 1 0 5 4 4 5 1 2 1 5 2 5 2 2 4 3 4 4 1 3 3 2 1 4 3 5 2 3 4 5 4 2 1 1 1 3 1 2 3 1 4 3 3 1 3 3 2 4 3 2 5 3 2
5 1 2 5 5 3 1 2 1 3 1 4 3 4 3 3 4 4 5 0 3 5 4 4 4 4 2 4 5 3 3 4 2 2 1 4 3 5 3 2 4 3 5 3 1 4 3 3 1 5 4 4 1 5 4 2 3 1 5 3 2 3 3 3 5 3 4 4 5 4
3 5 5 2 3 2 2 4 2 4 1 3 1 2 3 1 1 4 5 4 0 5 5 3 4 4 3 2 3 4 5 2 5 5 5 3 2 2 4 2 4 5 2 1 2 1 3 1 2 3 5 5 4 2 3 1 4 1 5 2 1 2 2 5 2 3 1 2 3 2
4 5 5 3 2 3 5 3 3 3 2 3 3 4 1 3 5 2 4 2 3 0 4 2 2 3 2 4 2 4 2 2 5 5 3 5 4 5 1 5 1 2 4 1 4 1 5 3 5 1 4 3 3 4 5 5 5 2 4 5 1 1 2 5 2 5 4 3 1 2
1 1 1 5 3 5 1 4 4 5 5 2 3 4 1 1 3 3 4 4 3 5 0 2 5 3 5 5 5 5 4 2 5 1 5 3 1 1 5 1 1 1 1 4 5 1 5 5 1 3 3 5 2 2 4 5 2 2 2 3 4 4 2 5 1 4 1 4 3 4
3 4 3 1 2 1 5 3 1 3 5 2 4 2 4 4 5 3 1 2 1 4 1 0 4 4 3 2 3 2 3 2 5 5 1 4 1 1 4 4 3 2 5 1 2 1 5 2 2 2 3 5 3 3 2 5 4 2 5 4 4 5 1 1 4 4 3 3 4 3
1 1 1 2 4 4 1 4 1 4 1 3 2 4 4 2 3 3 1 4 4 3 3 3 0 4 5 3 3 2 5 3 3 5 1 5 2 1 2 4 1 1 4 2 3 2 2 2 1 5 1 4 1 4 4 3 1 2 3 1 2 5 4 3 1 4 1 3 2 1
1 3 5 4 1 5 4 5 1 1 3 5 5 3 3 3 4 3 3 3 4 2 1 3 1 0 4 4 2 1 2 5 3 1 4 4 4 2 3 1 3 4 2 4 2 5 3 3 1 4 4 2 5 3 1 2 3 5 2 1 2 3 4 5 3 5 2 2 5 4
5 4 4 5 4 2 5 1 1 1 2 1 1 3 1 5 4 3 4 4 1 5 5 5 2 2 0 3 3 2 5 2 2 4 1 1 5 3 2 4 5 4 2 1 3 1 2 5 5 3 2 1 5 2 4 1 5 1 4 3 1 2 1 1 1 4 4 2 3 4
3 5 1 4 4 1 5 2 3 5 4 2 2 3 5 4 2 5 3 1 1 4 3 3 2 5 5 0 1 3 2 1 5 3 3 5 3 1 4 5 5 4 5 4 3 1 2 4 5 3 2 4 4 3 5 3 2 3 2 3 1 1 4 1 4 2 3 1 5 5
2 4 4 2 4 5 5 2 2 3 1 4 3 4 1 1 3 4 5 3 3 2 2 4 5 2 4 4 0 5 3 3 4 4 4 1 1 5 3 4 3 1 1 3 5 3 2 2 1 2 4 5 1 2 4 4 5 1 5 5 4 4 1 2 1 3 1 2 1 4
5 5 2 5 4 1 2 1 5 3 3 5 3 1 3 5 4 1 2 2 2 3 2 1 1 4 3 1 1 0 2 2 3 3 3 4 3 5 1 4 1 1 5 4 2 2 1 5 1 4 3 4 1 4 4 3 3 5 3 5 4 4 3 3 5 5 3 5 1 4
2 2 4 2 1 4 4 4 4 1 4 3 5 3 5 1 3 5 2 1 4 2 1 5 5 1 2 3 1 1 0 5 2 4 5 3 1 5 2 2 2 1 1 4 4 4 3 2 4 2 4 3 5 3 1 2 2 5 3 5 4 2 4 2 4 1 5 4 2 3
2 4 3 2 1 4 5 1 2 4 5 1 4 3 3 2 3 3 4 1 4 2 5 4 5 2 2 5 2 3 5 0 3 3 4 4 5 3 1 2 1 1 2 4 1 5 4 5 3 5 2 1 3 2 3 3 2 3 1 4 1 1 5 5 1 5 2 1 4 3
3 5 4 5 1 2 1 2 2 3 2 4 5 1 3 1 1 4 4 2 5 5 3 4 3 4 3 2 5 3 5 3 0 1 1 4 2 3 4 1 3 4 4 4 5 3 5 5 3 2 4 1 5 5 2 5 3 3 5 2 4 1 2 3 2 3 1 2 5 3
4 2 2 5 5 2 3 3 2 4 5 1 2 3 1 1 4 3 4 5 1 3 2 2 4 5 5 5 1 3 5 5 3 0 5 2 1 2 2 5 3 3 2 1 2 5 5 1 1 5 1 1 5 5 5 3 2 4 2 1 4 5 2 4 3 5 5 2 3 1
3 1 4 4 1 3 2 1 1 1 5 1 4 5 4 1 1 5 5 5 1 1 3 3 5 4 2 4 1 5 2 5 1 2 0 3 1 2 1 4 4 4 2 5 2 5 5 3 2 4 4 3 3 1 4 3 2 5 1 1 2 3 3 3 1 3 5 2 4 3
3 3 4 1 4 5 5 1 1 5 3 5 4 4 3 2 3 3 3 2 4 5 4 2 3 2 4 5 2 3 4 1 3 5 3 0 3 3 1 3 3 3 1 3 2 5 3 5 5 5 2 3 3 3 2 3 4 3 2 2 3 3 3 1 1 3 2 4 2 1
2 5 5 1 1 3 4 4 5 1 1 4 5 1 5 4 4 3 1 4 1 4 3 4 1 4 4 5 3 2 3 1 1 1 3 1 0 4 1 3 2 4 5 2 1 1 3 1 1 5 2 3 4 1 1 3 1 2 1 4 2 4 2 2 4 1 5 1 3 4
5 3 2 4 5 1 2 3 3 2 4 3 2 5 1 3 4 1 3 5 5 1 2 2 2 4 2 3 5 5 2 5 4 1 2 2 2 0 3 3 3 5 5 3 5 2 4 2 4 2 5 2 5 3 1 3 3 4 2 4 4 4 4 1 2 5 5 1 3 2
1 4 3 5 1 2 5 1 5 4 1 1 5 1 5 5 4 4 2 5 5 5 5 1 5 1 1 4 2 1 4 1 5 2 5 5 1 2 0 4 2 5 5 3 1 2 5 1 4 5 3 5 5 4 5 3 3 4 1 4 3 4 4 2 5 1 4 5 2 1
1 3 2 4 1 1 5 1 4 2 3 4 2 4 3 2 3 5 2 3 2 5 4 1 4 4 5 5 4 1 2 3 5 1 3 5 1 4 3 0 3 1 5 4 5 2 3 2 2 2 2 2 1 3 5 1 1 2 5 4 4 2 1 3 5 5 1 3 4 1
1 3 1 2 1 3 4 4 4 1 2 4 4 1 4 3 5 1 4 5 2 1 5 2 1 4 2 1 1 5 3 1 1 3 4 5 5 5 2 3 0 4 4 1 5 1 1 5 4 4 1 2 4 5 2 4 2 2 5 2 5 3 1 3 5 5 2 5 2 1
5 2 1 2 2 1 4 5 1 4 2 5 2 5 3 2 4 3 5 2 4 5 4 2 4 1 1 2 3 1 5 1 2 5 5 4 3 2 3 2 1 0 2 2 1 1 5 1 5 5 5 2 4 1 2 2 1 3 3 2 2 2 4 5 2 4 2 2 5 5
3 5 5 5 2 3 4 5 2 1 2 1 3 4 3 2 5 2 4 2 3 4 2 5 2 4 3 1 4 2 2 5 3 5 1 5 4 3 2 1 4 2 0 4 2 1 5 1 5 3 4 3 1 4 3 2 1 1 5 2 5 1 5 4 3 4 2 4 4 4
3 1 3 1 3 2 1 3 3 3 2 3 4 3 1 4 4 2 1 3 3 3 4 5 5 1 4 1 3 4 1 3 5 5 2 1 4 1 1 2 3 3 1 0 4 2 3 1 4 1 5 2 4 1 5 4 5 3 1 3 4 4 1 5 4 5 5 1 4 2
3 2 4 3 3 2 1 2 5 5 2 5 4 5 2 5 3 2 4 1 5 4 1 2 4 2 5 4 2 3 4 3 2 2 2 5 2 5 3 3 3 4 3 3 0 3 4 3 1 5 2 4 5 3 5 2 3 4 5 5 3 5 5 3 3 2 4 5 5 1
5 4 1 4 1 2 3 2 1 5 5 3 5 1 1 4 2 2 1 4 2 3 4 4 3 3 5 4 4 4 3 3 4 2 3 4 1 5 2 4 1 2 1 4 1 0 3 3 4 5 5 1 4 5 4 1 3 3 5 3 1 5 2 4 2 5 5 4 1 3
1 5 4 3 5 3 1 1 5 5 4 5 2 2 2 1 2 2 4 2 2 2 4 1 5 5 5 4 4 4 2 4 1 2 1 5 2 3 4 1 2 4 1 5 1 3 0 5 1 5 4 5 5 3 4 4 5 2 4 5 2 2 5 5 2 5 5 3 1 4
4 3 5 2 3 4 1 2 5 3 4 4 5 2 5 3 5 4 2 1 3 2 3 4 2 1 5 4 4 5 2 4 4 3 2 3 5 2 5 3 2 4 1 1 2 2 4 0 3 4 1 1 4 3 4 3 2 2 3 3 4 1 5 2 2 2 3 4 1 3
1 4 2 4 3 5 4 2 2 4 5 5 1 4 1 5 1 1 3 4 1 3 1 4 4 4 4 4 1 2 3 4 4 2 2 3 4 4 2 5 1 3 4 1 1 2 2 2 0 5 4 4 5 3 2 2 4 5 3 5 5 1 1 4 3 3 5 1 2 4
1 3 2 2 2 3 4 1 3 5 3 2 2 5 1 5 2 3 4 5 2 5 2 1 5 5 4 1 1 3 1 2 3 2 1 2 2 4 3 1 1 5 3 5 4 2 5 2 3 0 2 2 4 1 5 5 5 4 2 2 4 5 2 2 3 5 4 4 4 4
3 5 5 1 2 2 5 1 3 4 4 2 2 3 1 1 4 2 5 1 2 1 5 3 4 3 2 4 3 4 1 4 2 2 5 3 2 1 3 2 2 3 4 2 5 2 5 3 1 1 0 1 3 1 4 3 3 1 3 5 3 4 5 3 5 2 4 5 5 5
4 4 3 4 4 3 3 2 1 2 3 2 1 2 1 4 1 2 2 4 1 3 4 2 3 5 5 3 3 2 4 5 1 5 1 1 2 1 2 1 1 5 3 3 2 1 3 3 1 4 4 0 3 4 4 3 3 3 1 4 3 2 4 1 2 2 2 2 4 3
5 3 3 5 4 3 4 2 2 3 5 5 4 2 2 4 5 2 4 5 3 3 3 2 3 5 5 2 5 1 2 5 1 2 4 1 3 5 1 3 2 1 5 4 2 3 4 3 3 3 2 1 0 2 4 1 3 5 3 1 4 3 4 4 4 3 3 4 1 2
3 5 2 5 2 1 4 1 3 3 5 5 3 5 4 2 4 5 4 5 5 5 2 5 5 5 5 4 3 3 4 3 4 2 5 5 4 2 1 2 2 2 4 3 1 2 1 1 5 4 5 3 1 0 5 2 5 5 3 3 5 2 1 4 3 4 4 2 2 2
3 3 4 2 4 5 3 5 2 3 4 2 1 4 3 3 5 5 3 5 5 4 5 1 2 2 1 3 2 1 2 2 4 4 4 2 5 3 5 4 1 4 5 4 2 3 3 1 3 5 2 3 5 2 0 1 1 2 5 2 2 5 1 2 2 5 5 4 5 3
5 3 1 2 4 1 4 1 1 1 3 3 1 3 2 2 1 4 1 5 1 2 3 5 1 3 5 1 2 1 4 1 1 1 1 4 2 2 1 1 3 1 5 4 5 3 2 1 5 5 2 5 3 1 4 0 4 3 5 2 4 4 1 4 3 5 4 1 3 3
4 4 3 4 5 5 1 2 2 4 5 5 4 5 4 2 5 5 5 5 1 5 5 3 1 3 1 2 2 5 2 3 4 5 2 1 2 4 1 2 4 1 1 2 2 1 4 2 4 1 4 1 3 3 2 5 0 5 1 2 5 2 2 1 1 1 2 5 1 2
2 3 1 4 3 1 3 1 3 5 2 3 5 1 4 1 1 4 3 3 5 2 2 1 5 3 1 4 3 4 4 3 4 2 5 3 2 2 2 5 2 3 3 4 2 4 4 5 3 1 1 2 3 1 2 5 2 0 3 4 4 3 1 2 4 4 5 1 1 4
3 5 3 5 5 5 4 2 2 1 5 4 1 4 4 1 3 5 3 1 5 1 3 4 3 3 2 1 5 3 3 3 4 3 2 5 4 2 3 5 4 3 5 3 4 1 3 4 2 3 5 1 2 3 5 3 1 4 0 4 2 3 1 3 5 2 2 3 3 4
3 3 1 2 5 5 3 1 2 3 3 3 1 3 3 5 1 4 4 1 3 1 4 4 2 2 3 1 2 2 4 4 2 4 2 4 4 5 5 4 5 4 5 4 2 2 1 1 1 3 5 3 1 4 5 1 1 4 1 0 5 2 4 2 2 5 4 3 3 1
3 2 4 5 4 4 5 2 5 1 2 2 3 2 3 1 5 2 5 1 5 1 3 5 4 5 1 3 5 3 5 5 1 2 1 2 5 5 1 5 4 3 4 1 4 5 3 3 3 5 1 2 3 3 2 4 5 1 2 3 0 4 1 5 2 5 1 4 4 5
5 2 2 1 1 4 4 3 4 4 2 3 1 1 1 2 5 4 5 5 4 5 5 5 4 4 5 4 5 1 5 3 1 1 2 3 5 5 4 5 4 3 1 1 4 5 1 4 2 4 5 3 2 5 1 5 5 4 5 3 3 0 2 3 4 2 2 2 2 4
4 4 5 4 5 2 5 1 2 2 4 1 1 4 3 3 4 4 2 3 2 4 1 1 5 3 5 2 3 1 2 3 2 4 5 4 2 3 5 4 3 4 2 2 4 1 2 4 2 3 3 2 5 1 2 1 5 4 2 1 3 2 0 5 1 5 4 5 3 5
2 3 4 3 4 1 5 3 1 5 2 3 3 5 5 2 1 1 4 3 4 5 3 5 1 1 4 3 1 3 5 4 2 2 2 3 5 2 5 2 3 5 4 1 5 4 4 2 3 4 5 2 5 1 2 1 5 2 5 5 1 2 4 0 1 4 2 4 3 5
2 5 3 1 3 3 1 4 3 2 4 4 5 3 5 1 5 2 1 2 2 4 3 2 5 4 4 1 5 1 3 2 2 4 4 1 4 1 1 2 5 5 2 2 3 2 3 2 5 3 2 3 5 2 1 3 1 5 3 5 4 1 1 3 0 5 1 1 5 4
1 4 2 4 1 4 3 5 3 3 3 1 2 2 2 5 1 4 2 5 5 1 2 4 1 5 1 5 1 3 2 3 4 3 2 1 5 3 5 2 3 3 2 2 1 3 3 2 3 1 2 5 3 3 2 5 1 3 4 5 2 3 1 2 3 0 3 5 4 1
4 2 5 4 2 1 2 3 3 3 1 5 2 3 1 1 5 5 1 3 4 2 3 3 4 4 4 4 2 4 3 2 5 5 3 1 4 3 3 4 2 5 2 4 5 5 1 5 4 2 2 4 2 4 4 2 4 3 4 1 1 4 5 3 3 1 0 2 5 4
5 5 4 3 2 5 3 5 5 1 4 3 4 2 4 4 1 5 1 4 5 4 3 2 4 3 2 5 4 4 2 2 1 4 3 1 3 2 2 4 2 1 2 5 5 3 2 5 3 4 2 3 4 3 4 2 5 5 1 2 4 4 2 1 1 3 4 0 5 3
5 1 5 2 2 3 1 4 5 5 3 5 1 1 2 4 5 4 2 4 1 3 5 3 2 2 3 5 4 3 4 4 5 5 4 2 1 1 5 1 2 2 5 3 4 5 3 1 1 4 5 2 2 4 2 2 1 1 2 1 1 4 1 1 3 5 2 4 0 3
3 5 3 3 2 5 3 4 4 4 2 5 1 1 2 4 3 1 4 2 3 2 4 4 1 5 3 2 4 5 2 1 5 2 2 1 1 1 5 4 3 1 2 4 5 5 3 1 2 2 4 1 5 2 2 5 2 5 5 3 4 3 5 1 1 5 1 3 3 0
58 33 61 46 40 7 58 48 65 20 31 55 2 14 16 17 27 33 59 55 29 26 53 43 5 70 16 38 60 32 21 69 5 49 22 58 4 44 58 13 7 38 26 70 61 63 10 39 26 53
63 16 48 52 24 9 66 4 32 18 32 47 25 41 20 4 64 10 64 56 48 64 22 32 59 68 60 59 16 56 52 20 8 58 27 63 40 20 13 14 60 63 37 56 49 6 25 65 29 68
9 64 17 60 37 40 70 35 20 53 24 1 65 63 57 16 31 68 42 69 38 36 7 1 56 17 26 56 15 46 63 55 61 42 25 22 10 18 42 55 22 44 49 29 64 56 58 29 36 16
62 30 65 53 1 41 21 23 63 23 59 41 7 17 66 49 65 39 1 35 43 62 38 6 42 45 48 44 39 37 10 61 40 39 19 7 14 36 41 68 12 55 59 49 50 64 34 34 41 36
42 59 27 28 12 67 14 17 70 2 64 26 13 68 37 23 55 28 43 28 24 42 43 52 18 1 15 46 62 41 46 40 16 22 57 53 15 42 2 33 51 13 22 33 65 55 3 20 37 4
7 41 19 69 22 38 42 28 58 28 37 60 63 13 2 15 11 49 57 9 10 40 47 68 27 5 4 21 69 7 54 58 65 30 26 35 33 8 20 10 11 51 43 53 67 34 27 23 63 50
18 51 45 56 36 54 67 37 7 51 70 68 29 53 1 45 40 45 8 43 35 33 55 51 60 40 51 8 31 21 48 67 55 46 2 41 16 39 67 52 32 11 63 23 52 24 4 53 53 39
35 24 34 66 54 66 1 42 52 54 26 30 43 12 10 8 41 41 4 18 14 28 52 49 58 30 47 36 26 65 18 35 49 56 64 49 60 43 40 69 57 18 5 5 58 57 37 22 35 55
60 7 21 68 2 12 39 33 46 50 52 27 24 61 67 33 22 69 22 39 36 34 9 47 38 53 56 17 67 64 51 46 36 45 10 52 3 58 6 34 18 10 69 37 11 44 53 21 10 62
59 43 49 49 49 22 28 49 2 13 13 29 32 35 42 11 4 61 15 3 61 12 23 14 6 6 58 29 25 11 30 36 28 2 5 24 65 7 14 25 37 67 70 69 15 21 13 70 65 57
10 40 20 63 46 39 7 36 17 29 29 69 56 55 50 58 30 42 32 8 21 6 70 15 69 12 46 65 46 19 64 2 45 41 31 37 68 17 28 48 27 50 19 12 28 3 63 51 16 25
70 63 57 23 21 69 32 11 9 55 63 20 52 36 26 39 12 44 70 51 2 16 35 65 61 37 17 16 35 24 12 27 69 26 23 65 57 16 64 58 10 62 16 26 66 7 22 50 45 1
56 17 37 40 3 37 6 18 60 24 65 46 8 24 18 60 52 14 25 13 51 11 50 10 24 3 36 34 61 4 59 38 59 59 7 25 61 24 35 40 47 6 45 44 33 42 6 59 8 32
28 32 2 6 52 17 34 58 61 67 3 62 19 45 52 30 17 3 19 1 33 57 27 21 14 54 7 42 64 33 3 30 42 7 43 66 34 10 56 6 65 31 57 3 57 9 56 54 21 12
45 38 3 17 27 19 63 57 33 40 34 3 70 6 6 54 66 38 61 30 49 19 25 48 63 52 53 37 66 6 29 21 56 64 21 13 36 70 60 23 39 26 11 65 1 13 66 33 50 13
8 28 24 61 39 55 12 50 13 22 1 10 15 19 48 64 33 19 3 40 66 18 10 53 10 35 28 9 44 5 49 52 58 18 59 44 55 15 51 44 16 46 65 43 24 58 48 47 31 0
23 31 23 59 61 5 9 44 6 27 61 39 9 9 64 51 37 65 65 62 64 24 28 57 16 42 14 3 22 9 13 45 15 14 67 67 43 66 23 41 54 5 56 31 42 53 11 31 4 0
0 55 56 64 26 31 15 7 34 42 7 0 6 3 62 40 24 31 35 24 46 1 29 58 37 4 68 28 13 17 66 0 24 0 58 14 5 9 39 22 6 40 0 0 4 1 9 43 58 0
0 48 4 39 51 44 25 68 35 49 44 0 4 0 44 43 32 63 26 66 6 25 21 28 0 21 66 4 56 69 41 0 68 0 60 33 44 12 8 56 19 69 0 0 23 32 0 42 23 0
0 67 39 16 14 34 0 25 22 43 0 0 23 0 33 59 25 32 58 0 1 37 45 20 0 0 64 50 41 39 0 0 20 0 70 28 53 5 33 2 33 52 0 0 0 0 0 0 30 0
0 0 18 12 62 0 0 38 15 59 0 0 38 0 14 10 29 46 45 0 19 35 61 40 0 0 0 25 27 20 0 0 62 0 55 1 47 14 37 18 68 17 0 0 0 0 0 0 33 0
0 0 8 9 41 0 0 62 67 0 0 0 5 0 0 70 49 54 33 0 42 0 40 0 0 0 0 35 37 26 0 0 51 0 0 9 12 19 36 11 9 56 0 0 0 0 0 0 51 0
0 0 0 4 0 0 0 19 41 0 0 0 50 0 0 0 48 64 0 0 67 0 0 0 0 0 0 2 30 43 0 0 17 0 0 48 22 67 57 0 38 25 0 0 0 0 0 0 60 0
0 0 0 0 0 0 0 0 64 0 0 0 0 0 0 0 0 0 0 0 28 0 0 0 0 0 0 22 53 0 0 0 0 0 0 19 13 0 0 0 34 0 0 0 0 0 0 0 24 0
0 0 0 0 0 0 0 0 44 0 0 0 0 0 0 0 0 0 0 0 0 0 0 0 0 0 0 0 0 0 0 0 0 0 0 16 66 0 0 0 56 0 0 0 0 0 0 0 68 0
