50 70 40 15 25
5
2
5
3
3
2
1
4
5
4
3
2
4
4
3
3
2
2
3
5
1
5
2
3
5
1
3
4
1
1
3
1
1
1
2
5
5
5
1
1
4
3
4
1
4
4
2
5
1
1
1
5
4
5
4
5
5
1
5
5
2
5
1
5
1
1
4
1
1
1
0 1 1 3 3 5 5 1 5 2 5 4 3 3 2 5 4 2 5 4 2 2 3 2 1 5 2 1 3 1 1 5 5 5 3 2 2 2 3 2 4 1 5 5 3 5 1 3 5 4 3 2 3 2 5 2 4 3 2 4 1 1 1 3 3 4 2 5 2 1
5 0 3 5 4 2 1 3 3 1 5 2 1 1 1 3 3 1 3 2 3 4 5 3 1 4 4 2 4 2 3 4 2 2 4 4 3 5 1 4 5 5 2 4 5 5 2 5 3 1 4 4 3 1 2 1 2 5 5 5 2 4 4 1 2 4 5 5 5 3
4 4 0 3 5 3 1 1 4 5 2 2 2 3 5 5 3 1 3 4 5 5 5 5 4 1 3 2 4 5 4 5 3 3 5 5 2 3 3 2 3 2 2 1 3 1 3 1 3 2 2 2 5 1 5 3 1 4 1 5 1 1 3 3 3 1 3 4 1 2
5 3 1 0 1 3 2 3 2 4 2 4 1 2 1 2 1 1 3 3 4 4 1 1 5 3 5 4 4 3 2 1 4 4 1 3 1 2 2 4 1 3 5 2 1 5 5 1 1 2 5 3 5 1 2 3 2 2 1 3 5 5 4 5 3 2 3 1 5 1
1 2 3 5 0 2 2 5 2 4 5 3 3 4 2 4 5 1 4 4 4 2 2 4 1 3 4 2 3 3 2 1 5 3 1 3 3 5 1 1 1 2 5 1 2 3 1 4 3 2 4 2 3 3 4 1 1 5 2 4 1 2 4 4 1 4 1 1 1 3
4 2 5 5 2 0 3 2 5 3 1 1 3 5 1 1 5 1 2 4 2 1 2 5 2 4 5 5 2 1 4 4 3 2 5 2 4 3 1 5 3 4 2 2 2 5 1 4 3 1 3 3 1 4 5 5 2 3 3 1 5 5 2 5 2 2 2 1 5 4
4 4 5 2 5 4 0 2 5 5 2 3 4 2 5 4 5 4 5 2 5 5 3 3 1 4 1 3 4 3 4 3 5 4 1 3 3 2 1 1 5 1 5 1 3 5 1 3 5 4 3 5 1 2 4 4 1 2 3 5 3 5 2 1 5 3 2 5 2 1
5 1 5 3 1 4 5 0 2 2 3 1 1 2 3 4 3 5 5 1 5 1 4 3 2 5 3 3 4 5 5 5 2 5 1 2 5 2 3 2 3 2 5 3 3 1 5 4 4 4 4 4 2 2 5 2 1 1 5 1 4 5 4 2 3 1 2 4 2 3
5 1 3 2 5 3 2 2 0 4 3 3 1 4 2 5 1 4 3 5 5 2 3 2 1 1 5 3 4 5 3 1 1 3 2 2 3 2 5 2 3 2 3 4 2 2 5 1 1 5 3 5 1 3 2 1 2 4 4 5 3 3 3 5 3 4 1 2 5 1
1 1 3 5 4 1 4 3 5 0 5 2 1 4 4 4 1 5 4 5 3 5 1 1 1 5 1 1 3 3 4 2 2 1 5 1 5 2 2 5 5 4 1 1 4 2 1 4 1 4 4 1 2 3 4 5 3 1 5 4 5 4 1 5 1 5 1 3 4 1
3 2 5 1 5 4 2 4 2 4 0 5 2 1 3 1 2 3 4 4 5 2 2 4 5 1 1 4 4 2 1 3 1 5 4 5 4 3 2 3 1 2 3 2 4 4 5 3 3 5 5 1 5 5 2 4 2 5 4 5 4 2 2 3 3 5 1 2 5 4
4 4 3 4 2 5 1 4 5 1 5 0 1 4 4 1 2 3 3 4 2 5 4 2 1 4 2 5 1 4 1 3 3 1 1 4 5 2 2 4 1 5 4 5 5 2 5 4 5 2 1 2 1 5 2 2 3 3 1 4 5 4 5 1 2 5 4 4 3 1
4 2 4 3 1 1 4 5 2 3 4 3 0 3 2 4 4 5 4 4 5 4 1 4 4 4 3 1 2 2 5 4 5 3 1 5 5 1 4 3 3 2 5 2 4 5 4 3 3 4 4 4 3 5 5 1 3 1 5 3 2 5 4 5 2 5 4 3 2 1
1 4 5 2 4 2 2 3 2 2 5 1 4 0 3 4 3 3 2 5 4 3 1 2 2 4 1 5 2 3 2 1 5 1 4 5 4 2 4 1 5 4 1 2 3 3 1 3 1 1 5 1 4 2 1 3 2 2 5 3 1 5 5 2 2 1 3 3 5 4
1 4 2 2 1 5 5 4 5 2 2 3 2 2 0 4 2 1 3 3 5 5 3 1 5 5 2 2 2 4 5 5 5 1 3 2 3 3 1 2 3 4 5 2 4 3 2 3 2 5 4 1 3 2 1 2 2 5 5 3 5 4 3 1 3 4 4 3 2 3
4 1 2 4 5 4 5 1 5 5 4 3 3 2 3 0 1 4 4 4 5 1 1 1 4 5 1 2 2 5 3 4 2 3 2 3 1 5 1 2 2 3 1 4 4 2 3 1 2 2 4 2 4 4 3 2 2 4 3 5 3 4 2 3 2 1 5 5 1 3
4 2 3 4 3 4 3 5 5 3 4 2 4 5 2 4 0 3 3 4 1 3 4 2 3 4 1 3 5 4 5 4 4 1 4 2 4 2 2 4 4 4 4 2 2 1 4 1 3 5 5 1 3 4 1 2 3 2 5 1 5 1 4 2 1 1 4 4 2 4
3 4 5 4 2 1 4 4 5 3 2 1 4 4 2 3 2 0 1 1 1 5 3 1 5 1 1 5 2 3 1 4 4 4 5 3 2 5 4 5 4 3 4 3 5 4 4 4 1 4 5 4 3 1 2 3 4 5 1 5 3 1 4 2 2 4 3 2 4 1
2 2 1 1 1 4 5 2 4 3 5 3 2 3 1 1 3 5 0 1 2 4 5 5 2 1 5 3 3 2 1 3 2 1 3 3 3 4 5 5 1 5 5 5 5 1 3 3 3 2 2 3 5 3 3 4 2 3 5 3 2 4 2 2 1 5 1 2 2 4
4 2 2 1 5 4 5 1 5 2 3 1 2 1 5 5 5 1 3 0 1 2 1 4 4 3 3 2 4 2 1 1 2 3 5 5 5 5 2 2 1 3 2 3 2 5 2 4 3 1 1 3 4 2 4 5 4 3 3 1 5 2 1 4 1 4 4 3 2 5
1 5 3 5 4 1 3 5 4 2 5 3 1 2 3 4 2 2 1 3 0 3 4 2 2 2 1 4 4 4 4 2 5 1 4 5 3 4 1 4 4 1 2 5 1 3 1 3 4 5 2 3 5 1 5 4 3 2 1 2 1 2 3 5 5 5 5 1 1 5
5 5 2 1 5 5 5 4 2 3 2 2 1 3 5 3 2 5 3 3 4 0 4 3 5 5 1 5 3 5 5 5 1 3 4 4 4 3 2 5 5 4 4 3 4 1 1 5 5 2 5 5 1 1 1 5 1 2 3 4 3 4 2 5 2 2 4 4 2 1
1 2 2 3 1 3 2 3 5 5 1 4 3 2 3 1 2 2 4 3 2 1 0 1 3 3 4 2 1 3 4 3 5 5 1 3 1 4 3 5 2 3 1 1 1 3 5 5 5 5 2 2 3 3 2 3 1 4 1 5 3 1 5 5 4 1 1 1 2 2
5 5 4 1 5 2 2 3 3 1 4 4 3 5 1 5 5 3 5 5 1 2 2 0 3 1 1 3 5 5 5 3 1 2 1 1 4 3 5 1 2 2 3 1 5 5 4 4 1 5 3 1 1 4 4 2 4 1 5 3 5 3 1 1 5 3 3 1 1 4
3 1 5 5 5 3 5 4 4 4 2 5 1 4 3 1 5 5 5 5 1 1 1 1 0 4 1 3 4 4 3 4 4 1 5 1 2 1 2 1 1 1 4 4 4 5 4 4 4 1 4 5 2 2 2 1 4 1 4 4 3 5 1 3 3 4 4 5 2 2
5 2 5 1 4 4 3 5 5 3 4 3 4 5 3 3 2 5 3 2 1 4 2 2 5 0 4 2 5 1 1 5 3 2 2 4 3 5 4 4 1 5 3 1 1 1 1 5 2 4 4 2 2 3 4 5 5 4 1 1 5 3 4 1 2 5 4 1 4 4
2 1 4 2 1 2 3 1 4 1 4 5 2 4 3 4 2 5 4 5 3 2 4 1 5 5 0 1 2 5 4 2 5 2 5 5 1 4 2 3 5 3 5 2 5 4 2 1 1 1 1 3 2 2 2 3 5 5 2 3 1 2 3 3 2 4 5 4 1 2
5 4 3 5 1 5 3 1 4 5 1 4 5 3 5 3 3 3 1 1 5 3 3 1 2 3 2 0 1 3 5 5 1 2 5 3 2 2 3 5 1 4 2 1 5 4 3 3 1 5 1 2 1 3 2 1 1 1 4 3 1 4 5 4 5 3 3 5 4 3
5 2 2 5 5 2 3 5 3 2 1 3 1 2 1 4 3 4 3 3 3 2 4 4 2 2 4 3 0 4 5 4 2 3 4 2 5 2 2 2 4 2 5 1 5 2 3 5 5 5 3 4 1 4 3 3 5 5 5 2 4 3 2 5 1 4 4 4 1 4
5 4 4 1 1 1 4 3 1 5 5 2 5 1 2 2 2 3 5 5 5 4 3 3 4 2 1 4 4 0 3 4 5 3 4 5 2 5 5 1 4 1 1 1 5 3 2 1 4 5 3 5 4 2 2 4 5 4 2 2 1 5 3 3 5 5 3 5 2 2
4 2 1 2 1 4 3 5 1 3 1 2 2 1 4 3 1 4 3 2 2 1 4 2 5 3 3 3 2 4 0 2 5 4 5 1 4 3 2 5 2 1 5 4 3 3 3 2 4 1 2 1 5 1 3 5 2 5 4 2 5 3 3 1 5 5 5 5 3 2
5 1 1 2 5 4 1 4 5 4 1 1 3 2 1 3 3 2 5 3 1 4 5 5 3 2 2 3 4 2 1 0 3 3 5 1 3 3 5 3 3 4 5 2 4 2 5 2 5 3 1 3 1 1 4 5 5 4 1 2 3 2 3 1 2 3 2 2 2 3
4 3 5 5 5 3 3 5 5 4 4 1 3 2 5 1 1 4 1 1 5 1 1 4 5 1 1 2 2 5 3 5 0 5 3 2 2 3 1 3 5 2 1 3 5 1 3 3 4 1 2 5 1 3 1 4 4 3 3 4 4 4 2 2 3 5 2 5 2 4
5 5 4 2 1 2 3 1 2 5 2 4 1 5 4 3 5 3 2 4 3 3 2 4 5 4 4 4 3 5 1 4 2 0 1 5 3 2 5 2 3 4 3 1 4 5 3 5 2 3 1 4 4 4 5 1 4 5 5 4 3 2 1 1 1 1 5 5 5 3
2 5 1 1 2 2 5 2 4 2 3 3 3 1 5 1 2 3 5 5 2 4 1 1 2 4 2 2 4 4 2 4 2 4 0 5 3 1 3 4 2 4 1 4 3 4 5 4 5 2 2 3 1 1 4 1 4 2 4 1 1 4 3 3 1 3 2 5 3 3
1 1 1 3 3 1 2 4 5 1 5 4 2 4 3 3 4 1 5 2 3 2 2 5 5 1 3 5 4 2 4 2 3 4 1 0 5 3 4 1 3 5 1 2 3 2 1 4 2 5 2 4 3 3 2 1 5 5 1 2 5 5 3 2 1 4 4 4 2 2
4 5 4 3 3 4 1 5 1 2 1 4 2 3 2 5 4 4 3 3 3 4 2 1 3 3 4 3 1 4 5 2 4 3 3 3 0 3 2 5 3 2 2 4 2 5 4 3 2 3 4 4 3 1 1 3 3 4 2 2 5 4 2 4 1 5 4 1 1 5
4 4 1 2 3 2 1 4 4 2 3 3 2 2 5 1 2 3 5 2 3 1 2 1 3 4 2 2 2 5 5 3 3 1 5 5 3 0 3 3 5 3 1 2 2 4 3 1 4 4 5 3 3 5 2 1 1 1 1 2 5 1 4 5 2 5 5 5 2 2
4 4 5 4 3 3 2 3 4 5 5 5 2 1 1 5 4 3 5 4 1 2 3 1 4 2 4 4 5 2 2 2 1 3 2 1 4 1 0 5 2 3 5 1 5 1 3 4 4 1 2 5 1 4 4 4 2 4 4 4 4 4 4 2 4 5 1 5 3 3
3 1 4 4 4 5 2 1 3 4 5 4 1 4 2 1 1 3 2 1 3 5 1 3 1 5 5 2 3 5 3 2 5 5 5 4 3 4 2 0 4 4 3 3 4 5 3 1 2 2 1 1 1 2 3 4 4 3 2 5 4 4 2 3 5 4 3 4 1 3
5 4 5 2 2 5 1 4 4 5 3 2 2 5 4 1 5 3 3 2 3 1 1 3 1 5 4 1 1 1 2 3 1 4 2 4 2 5 3 4 0 3 2 4 1 5 3 3 2 3 3 3 3 2 1 5 1 1 3 3 3 2 2 5 3 4 3 2 3 5
4 1 5 4 3 2 3 4 2 3 1 2 2 4 3 4 2 3 3 5 2 2 4 5 5 1 1 2 1 5 2 2 4 3 1 3 2 3 3 2 4 0 2 2 2 4 1 5 5 4 1 1 1 5 2 5 4 4 4 3 1 3 5 3 1 2 5 2 4 1
2 1 2 2 1 3 5 4 4 5 1 2 5 1 5 3 3 4 3 5 3 5 4 3 1 3 3 3 5 4 2 4 1 4 5 4 3 1 3 2 4 5 0 5 1 4 3 5 1 4 3 1 5 1 2 4 1 1 1 1 2 3 4 1 3 1 5 1 3 1
4 3 4 2 5 1 5 5 5 5 5 2 4 5 3 1 2 1 1 5 5 5 5 4 3 5 5 4 4 4 3 4 2 2 1 4 4 5 2 1 1 3 5 0 3 1 2 1 5 4 5 3 2 4 5 2 3 5 1 5 2 5 1 4 5 2 4 1 2 5
4 3 2 3 2 5 1 4 3 4 3 3 1 2 3 5 5 4 5 5 2 1 3 1 3 5 3 4 4 3 5 4 2 1 5 5 4 1 1 4 4 1 3 4 0 5 2 5 4 2 3 4 4 3 3 4 5 3 5 3 2 5 5 3 5 5 1 2 4 4
5 5 3 2 1 2 1 1 3 4 2 4 1 3 4 2 1 4 2 5 1 4 5 1 4 3 2 5 1 3 1 3 3 2 1 1 2 3 5 5 5 2 1 2 1 0 1 1 2 2 4 5 3 2 3 3 4 3 2 4 4 2 5 3 4 1 5 3 4 2
2 2 3 4 1 4 3 5 1 5 2 3 3 2 4 2 4 3 1 2 5 3 3 1 2 4 4 1 4 5 5 5 3 5 3 5 3 2 3 4 1 1 5 1 3 4 0 2 5 1 3 2 1 4 4 1 3 2 5 1 4 2 1 4 5 3 1 5 4 1
5 4 3 3 3 5 2 2 4 3 2 4 2 2 1 5 3 2 5 1 3 4 5 1 1 5 2 4 1 5 4 5 5 4 4 2 5 2 1 3 1 2 5 2 3 3 5 0 2 3 2 2 4 1 4 5 4 1 4 1 2 2 1 2 1 5 2 4 4 3
2 3 2 1 1 5 3 2 3 4 4 4 3 3 2 2 2 5 3 4 1 1 2 4 2 4 4 1 4 5 5 1 5 4 1 1 2 5 2 2 1 2 4 3 1 1 5 4 0 4 4 4 3 4 3 2 5 1 5 3 2 4 5 5 3 1 1 5 5 5
3 1 2 4 3 1 3 4 4 3 5 3 5 2 4 2 1 1 1 4 3 5 2 1 2 4 1 3 1 4 3 3 5 2 1 3 1 1 3 5 3 3 1 1 5 3 3 3 4 0 4 5 5 1 5 5 4 3 1 1 3 3 2 2 2 5 5 3 2 1
4 2 4 5 3 4 4 2 3 5 1 5 2 5 5 1 5 2 5 5 2 4 2 3 1 1 3 2 4 3 5 2 1 3 5 4 1 2 3 2 3 5 5 2 4 3 3 2 1 5 0 2 4 5 5 4 3 2 4 2 2 5 3 1 5 3 5 2 1 1
1 4 5 1 2 4 3 1 4 2 2 5 4 2 5 5 5 2 5 2 1 2 2 1 4 1 4 4 1 1 4 5 1 2 2 5 3 5 2 3 5 1 2 3 1 3 5 3 4 3 4 0 4 2 5 3 5 4 4 3 4 4 4 5 5 2 1 1 1 5
3 3 3 1 4 3 1 4 3 5 5 4 2 3 1 1 5 3 1 1 1 5 2 3 4 2 4 1 1 4 1 2 4 3 5 1 5 4 2 1 2 2 2 5 2 4 1 5 1 1 5 4 0 3 5 2 1 1 4 2 5 1 4 5 3 5 3 5 3 4
3 4 4 1 2 4 4 2 4 1 5 3 2 4 1 4 4 5 2 5 4 3 3 1 1 3 1 5 4 4 3 1 4 5 2 5 3 1 4 1 3 2 1 5 1 5 2 1 3 5 5 2 4 0 4 1 4 3 5 1 4 3 2 3 2 3 1 2 1 5
1 2 2 4 2 1 4 2 3 1 1 2 2 3 5 4 2 3 1 3 4 3 1 1 2 2 1 3 2 4 1 1 3 1 4 5 5 2 1 2 3 5 5 4 4 3 5 4 5 4 2 4 5 5 0 5 2 3 4 2 3 2 3 1 2 3 5 4 4 2
3 1 5 3 3 4 1 4 1 5 4 4 2 2 5 2 4 1 4 4 1 3 1 4 3 1 5 5 4 4 4 2 4 1 2 4 5 1 5 4 2 1 4 2 4 1 2 5 4 3 2 3 4 2 1 0 1 2 2 2 2 2 5 2 3 4 3 5 2 2
1 1 2 1 1 2 5 5 3 1 5 1 1 2 2 2 3 5 5 5 5 4 4 1 4 5 4 4 1 2 4 5 5 1 2 4 1 2 2 5 1 4 3 4 5 3 2 5 3 4 2 2 2 1 3 4 0 1 5 4 1 1 3 3 2 4 2 1 3 3
2 3 2 2 4 4 5 5 3 5 3 4 4 5 1 3 4 2 3 2 5 2 3 2 3 3 2 4 5 5 1 3 5 2 3 5 5 2 3 2 1 4 3 1 2 2 4 2 4 4 2 1 3 5 5 1 5 0 4 1 4 3 5 1 5 1 4 3 3 4
4 5 1 5 1 5 5 5 2 1 4 5 4 1 4 5 3 1 2 1 3 3 5 5 2 3 3 3 2 3 5 5 1 3 3 4 4 2 1 3 4 4 2 4 4 2 1 3 4 1 2 1 4 5 4 1 2 3 0 1 2 4 2 3 1 4 2 5 4 1
4 5 2 5 3 5 3 3 2 3 2 3 4 1 1 3 3 5 3 4 1 4 1 1 4 2 3 3 5 2 5 4 4 4 5 5 4 1 5 3 3 1 5 1 2 4 5 3 5 3 5 5 2 5 3 5 2 3 5 0 4 3 2 2 2 2 3 5 1 5
2 2 4 2 2 4 4 5 3 5 2 2 5 2 4 4 3 5 1 1 5 2 1 5 4 5 1 4 2 3 1 1 1 5 5 1 5 4 4 5 5 1 2 1 3 1 3 1 3 1 4 5 3 2 3 5 2 3 2 2 0 2 2 5 2 1 5 5 3 4
3 5 4 1 1 2 2 3 2 2 1 2 4 5 4 5 3 4 4 5 4 1 1 3 1 5 2 1 5 4 5 4 5 5 2 4 2 2 2 2 3 2 3 3 2 1 5 3 5 4 5 5 2 3 1 5 5 4 1 3 2 0 5 5 2 3 2 1 3 5
4 5 3 1 4 4 5 5 5 5 5 5 4 5 2 5 5 1 1 5 5 3 2 3 4 1 2 1 5 3 1 3 2 2 5 4 1 1 1 5 3 3 4 2 5 4 2 5 1 2 1 3 2 5 5 2 1 4 2 1 5 4 0 4 1 4 2 5 1 3
1 5 5 2 3 4 1 3 5 1 1 1 5 2 5 4 2 4 5 1 1 5 5 3 1 4 4 2 3 3 3 4 4 4 3 3 5 3 5 2 4 1 1 5 5 4 2 4 5 2 1 2 1 2 2 2 5 4 3 4 3 4 4 0 4 2 2 3 1 4
5 5 3 1 4 4 2 2 4 2 2 1 2 5 5 1 5 1 4 4 2 1 3 2 2 2 5 5 5 2 2 1 3 1 2 2 1 4 2 5 2 3 4 4 2 4 2 5 5 1 3 1 2 3 3 4 4 4 5 1 5 2 4 5 0 3 4 1 5 4
2 1 2 4 3 2 3 4 3 3 2 2 5 2 1 5 5 2 3 3 3 3 1 1 1 5 5 2 4 2 3 4 1 3 5 3 4 4 5 4 2 4 2 5 1 2 1 4 2 1 5 1 2 2 5 3 4 2 4 1 2 2 2 2 1 0 3 2 3 4
1 3 5 3 5 5 4 4 1 2 3 1 2 4 5 1 2 2 4 2 5 3 1 4 5 5 3 1 5 2 5 2 4 1 4 2 3 5 3 3 4 3 5 2 2 4 3 3 3 4 5 5 3 4 4 5 1 4 4 4 1 4 2 5 5 1 0 5 4 1
2 5 5 2 4 4 2 4 3 1 1 2 1 5 5 3 3 3 3 5 2 1 4 4 3 1 3 1 1 3 4 1 5 5 2 4 5 3 2 4 3 4 4 4 1 1 2 5 1 2 4 4 5 2 1 2 4 2 3 5 2 5 3 5 3 3 3 0 2 1
1 5 5 2 5 5 3 5 4 5 4 3 1 3 4 2 4 3 1 2 2 1 4 5 4 4 2 2 5 4 1 3 4 1 4 3 2 1 2 3 1 2 2 1 3 3 5 1 5 4 3 5 2 1 5 3 4 5 4 3 4 2 3 4 1 5 4 2 0 2
2 1 1 5 1 3 1 2 4 4 2 5 5 3 1 5 3 5 3 1 4 1 2 1 5 1 2 3 3 4 3 3 4 1 1 1 1 5 3 3 2 3 3 5 5 1 4 3 2 1 3 3 3 4 5 2 3 5 2 2 5 2 4 2 4 3 3 1 5 0
62 11 26 38 18 67 66 57 37 46 30 18 1 13 41 2 66 10 46 22 19 11 34 22 64 56 48 3 10 70 54 41 8 70 66 21 69 12 31 3 58 50 53 70 19 20 28 41 24 12
29 44 44 34 41 47 51 53 68 44 46 44 56 68 7 3 38 25 2 43 64 14 56 15 33 20 50 8 57 1 13 18 60 60 62 3 64 52 23 37 69 36 17 7 37 58 11 44 42 3
49 45 30 56 35 17 34 44 45 20 51 45 39 30 12 52 63 57 58 24 1 55 55 45 51 18 67 42 6 12 65 65 5 27 61 36 66 51 6 49 22 31 66 22 67 13 31 31 62 43
25 62 29 35 25 41 39 9 54 29 25 7 55 67 47 57 64 55 38 40 18 44 57 13 61 58 34 63 54 29 2 5 58 31 1 59 5 39 18 13 35 32 42 35 48 30 55 49 48 51
17 61 8 19 52 54 16 13 30 2 58 24 51 14 2 9 16 12 57 21 37 17 31 40 18 67 68 24 47 8 61 1 40 17 41 8 16 45 20 23 45 10 40 5 21 26 19 48 25 31
47 34 33 31 22 5 30 33 29 64 37 67 34 33 63 14 36 8 23 30 26 50 24 62 28 29 35 27 35 53 25 26 43 51 42 12 25 67 7 67 12 69 12 48 70 54 48 38 67 70
57 26 34 5 50 19 62 29 53 11 55 69 14 43 39 40 61 60 29 50 33 9 60 7 54 70 18 67 17 56 11 3 29 57 47 25 27 10 52 21 30 46 6 36 55 44 6 9 68 25
5 64 51 64 61 4 35 28 6 7 53 38 17 69 62 44 25 19 4 41 40 34 13 19 58 61 15 60 26 67 19 68 9 58 63 46 37 49 10 26 19 29 69 34 58 14 44 52 35 14
63 41 12 66 54 53 33 46 9 24 50 47 62 56 28 7 11 23 11 45 48 53 9 64 4 39 17 68 44 59 22 49 50 35 56 67 47 37 39 35 37 8 54 52 40 70 13 58 34 34
44 69 41 29 19 45 15 51 11 13 54 50 2 24 50 51 62 18 41 20 38 37 26 54 40 51 23 61 2 40 18 32 36 37 49 69 22 57 9 70 39 4 56 53 16 9 36 47 19 47
8 5 18 11 65 15 65 35 24 30 2 57 8 22 55 13 27 64 20 16 23 52 36 60 44 21 60 47 55 5 38 61 39 9 6 57 7 16 35 34 23 53 67 65 6 41 63 70 5 11
67 7 31 22 9 8 37 58 50 21 59 11 16 39 52 46 45 3 54 51 7 1 16 67 37 53 31 20 21 45 46 57 49 54 21 53 20 58 24 17 33 44 43 19 50 34 62 30 11 55
35 51 15 9 70 22 40 5 47 56 70 42 59 20 38 53 55 36 7 39 63 10 47 20 20 45 56 39 27 35 7 64 62 68 10 42 42 41 26 15 70 11 14 27 34 10 37 10 6 13
18 12 46 33 28 35 23 23 4 53 23 6 69 9 31 65 56 52 66 25 16 31 23 50 45 22 12 14 15 39 36 23 26 12 25 56 38 17 64 14 15 34 33 43 64 61 18 24 27 4
54 66 14 48 58 37 21 45 23 3 32 63 19 36 23 5 53 30 31 17 53 49 40 43 41 31 7 17 34 61 37 62 55 65 35 13 24 47 4 9 14 23 46 69 4 27 57 3 1 24
69 23 54 53 12 32 55 19 65 41 69 9 35 51 35 29 40 46 39 66 10 32 29 9 9 52 55 38 48 26 17 48 68 42 28 61 26 31 8 53 62 55 23 56 33 0 41 50 51 49
52 55 50 10 1 49 3 66 56 15 60 39 44 38 25 30 51 24 0 37 31 20 4 8 32 65 54 29 8 69 20 34 22 48 4 39 33 19 50 0 8 67 0 0 0 0 35 46 0 57
66 31 36 7 13 16 0 65 0 0 10 70 30 16 24 45 54 22 0 38 47 21 41 52 31 43 65 0 40 49 43 38 45 0 24 37 56 4 17 0 41 40 0 0 0 0 30 55 0 9
4 0 53 51 37 0 0 59 0 0 35 13 29 47 0 58 42 58 0 32 0 41 28 2 29 47 36 0 53 38 3 11 11 0 52 23 30 13 21 0 56 27 0 0 0 0 58 64 0 6
53 0 45 6 66 0 0 10 0 0 29 29 13 0 0 25 57 6 0 46 0 40 50 3 24 35 28 0 65 3 55 33 67 0 44 63 39 43 65 0 36 26 0 0 0 0 7 66 0 21
31 0 0 0 48 0 0 30 0 0 28 17 24 0 0 55 28 29 0 36 0 48 7 27 6 12 13 0 56 43 33 19 69 0 18 44 0 35 41 0 27 0 0 0 0 0 15 33 0 69
9 0 0 0 32 0 0 42 0 0 20 8 66 0 0 70 32 35 0 49 0 39 42 0 7 6 9 0 39 28 10 60 0 0 37 10 0 26 68 0 0 0 0 0 0 0 49 17 0 7
42 0 0 0 0 0 0 16 0 0 0 20 0 0 0 50 59 0 0 33 0 0 0 0 0 26 0 0 19 51 0 0 0 0 16 2 0 28 56 0 0 0 0 0 0 0 65 13 0 0
38 0 0 0 0 0 0 47 0 0 0 1 0 0 0 22 0 0 0 42 0 0 0 0 0 55 0 0 20 10 0 0 0 0 32 15 0 55 40 0 0 0 0 0 0 0 70 53 0 0
0 0 0 0 0 0 0 37 0 0 0 10 0 0 0 61 0 0 0 0 0 0 0 0 0 0 0 0 13 0 0 0 0 0 0 30 0 0 0 0 0 0 0 0 0 0 0 37 0 0
0 0 0 0 0 0 0 0 0 0 0 0 0 0 0 0 0 0 0 0 0 0 0 0 0 0 0 0 0 0 0 0 0 0 0 0 0 0 0 0 0 0 0 0 0 0 0 0 0 0
0 0 0 0 0 0 0 0 0 0 0 0 0 0 0 0 0 0 0 0 0 0 0 0 0 0 0 0 0 0 0 0 0 0 0 0 0 0 0 0 0 0 0 0 0 0 0 0 0 0
0 0 0 0 0 0 0 0 0 0 0 0 0 0 0 0 0 0 0 0 0 0 0 0 0 0 0 0 0 0 0 0 0 0 0 0 0 0 0 0 0 0 0 0 0 0 0 0 0 0
0 0 0 0 0 0 0 0 0 0 0 0 0 0 0 0 0 0 0 0 0 0 0 0 0 0 0 0 0 0 0 0 0 0 0 0 0 0 0 0 0 0 0 0 0 0 0 0 0 0
0 0 0 0 0 0 0 0 0 0 0 0 0 0 0 0 0 0 0 0 0 0 0 0 0 0 0 0 0 0 0 0 0 0 0 0 0 0 0 0 0 0 0 0 0 0 0 0 0 0
0 0 0 0 0 0 0 0 0 0 0 0 0 0 0 0 0 0 0 0 0 0 0 0 0 0 0 0 0 0 0 0 0 0 0 0 0 0 0 0 0 0 0 0 0 0 0 0 0 0
0 0 0 0 0 0 0 0 0 0 0 0 0 0 0 0 0 0 0 0 0 0 0 0 0 0 0 0 0 0 0 0 0 0 0 0 0 0 0 0 0 0 0 0 0 0 0 0 0 0
0 0 0 0 0 0 0 0 0 0 0 0 0 0 0 0 0 0 0 0 0 0 0 0 0 0 0 0 0 0 0 0 0 0 0 0 0 0 0 0 0 0 0 0 0 0 0 0 0 0
0 0 0 0 0 0 0 0 0 0 0 0 0 0 0 0 0 0 0 0 0 0 0 0 0 0 0 0 0 0 0 0 0 0 0 0 0 0 0 0 0 0 0 0 0 0 0 0 0 0
0 0 0 0 0 0 0 0 0 0 0 0 0 0 0 0 0 0 0 0 0 0 0 0 0 0 0 0 0 0 0 0 0 0 0 0 0 0 0 0 0 0 0 0 0 0 0 0 0 0
0 0 0 0 0 0 0 0 0 0 0 0 0 0 0 0 0 0 0 0 0 0 0 0 0 0 0 0 0 0 0 0 0 0 0 0 0 0 0 0 0 0 0 0 0 0 0 0 0 0
0 0 0 0 0 0 0 0 0 0 0 0 0 0 0 0 0 0 0 0 0 0 0 0 0 0 0 0 0 0 0 0 0 0 0 0 0 0 0 0 0 0 0 0 0 0 0 0 0 0
0 0 0 0 0 0 0 0 0 0 0 0 0 0 0 0 0 0 0 0 0 0 0 0 0 0 0 0 0 0 0 0 0 0 0 0 0 0 0 0 0 0 0 0 0 0 0 0 0 0
0 0 0 0 0 0 0 0 0 0 0 0 0 0 0 0 0 0 0 0 0 0 0 0 0 0 0 0 0 0 0 0 0 0 0 0 0 0 0 0 0 0 0 0 0 0 0 0 0 0
0 0 0 0 0 0 0 0 0 0 0 0 0 0 0 0 0 0 0 0 0 0 0 0 0 0 0 0 0 0 0 0 0 0 0 0 0 0 0 0 0 0 0 0 0 0 0 0 0 0
