50 70 25 15 25
5
3
1
3
5
4
2
5
2
5
2
4
4
3
5
5
5
3
2
4
1
1
4
5
4
2
4
3
2
5
4
3
1
2
1
4
3
2
1
5
1
2
2
4
4
3
5
1
5
5
4
5
4
5
4
3
1
1
2
4
2
4
4
1
1
5
2
2
3
5
0 5 1 2 1 1 5 5 5 5 4 4 1 5 3 3 3 2 5 1 2 5 3 3 4 2 2 4 3 5 1 3 4 4 5 1 1 3 2 4 4 4 4 3 4 1 5 4 1 4 5 1 5 3 2 4 5 2 4 5 2 2 2 3 5 4 4 2 4 3
4 0 1 1 1 5 2 1 4 5 5 5 5 3 5 4 4 3 4 2 5 2 2 2 5 4 3 4 1 4 1 4 2 3 4 5 4 1 4 3 2 2 4 1 5 1 1 2 1 1 3 1 2 5 2 5 4 5 3 5 3 5 5 2 1 2 3 2 2 3
5 2 0 3 1 2 4 2 3 2 3 1 5 4 4 2 3 3 2 1 1 3 3 3 3 1 5 5 3 3 5 5 3 4 3 5 4 3 1 5 4 4 4 2 4 5 4 4 3 3 1 1 3 1 4 2 3 4 4 3 2 5 2 4 1 4 5 4 5 2
4 4 1 0 5 3 4 5 1 3 1 3 1 2 5 3 4 1 3 5 4 4 4 4 2 2 5 4 3 4 3 2 1 5 3 4 3 2 2 2 1 5 1 5 2 4 4 5 4 3 1 1 1 3 2 5 5 3 4 2 4 3 1 2 1 1 5 2 4 5
5 5 1 4 0 1 5 3 5 5 3 5 2 2 1 5 5 5 1 5 1 2 2 4 1 4 4 1 2 3 5 4 1 3 3 5 4 4 3 2 1 2 3 4 1 1 1 4 3 1 5 4 1 3 4 3 1 5 3 5 2 5 1 1 1 3 5 5 3 5
5 2 3 1 4 0 5 1 2 5 4 4 3 1 5 3 3 3 5 2 2 4 4 3 3 4 4 4 1 5 4 4 3 5 2 1 5 1 3 5 1 4 2 4 4 4 2 3 5 2 3 5 4 3 1 1 5 1 1 5 1 4 3 5 4 3 4 2 1 5
2 5 3 2 2 5 0 1 5 1 4 3 4 5 3 2 1 5 1 2 2 5 3 5 3 1 4 1 5 2 4 4 3 4 5 4 1 1 1 1 3 4 3 2 2 3 1 5 4 3 1 2 5 5 3 2 1 4 5 5 1 2 1 3 3 2 2 3 2 4
3 1 5 4 4 1 5 0 1 1 1 2 2 3 1 1 2 3 3 1 2 1 1 4 3 2 5 2 4 5 1 3 3 1 2 5 5 5 1 5 3 5 3 5 1 3 3 4 2 4 5 2 4 4 5 4 3 2 1 2 4 5 1 1 3 1 2 4 2 2
5 3 2 5 1 2 2 3 0 4 2 1 1 5 3 5 3 3 4 1 4 5 1 5 4 3 3 5 3 2 2 4 5 2 5 5 3 4 5 2 5 1 4 4 3 3 2 3 1 1 4 4 1 4 5 4 4 5 3 5 1 3 5 1 5 1 5 5 4 3
1 5 1 4 5 4 3 5 3 0 3 4 1 1 5 3 2 1 2 1 2 4 3 1 5 1 4 3 4 4 2 2 4 4 2 4 3 5 1 4 1 1 1 2 2 4 5 4 1 1 1 3 4 5 2 3 3 5 2 2 4 1 5 3 5 4 5 2 1 4
2 4 3 5 3 4 1 3 3 1 0 3 5 3 4 5 5 1 1 1 2 4 5 1 5 3 4 4 4 5 1 2 5 5 3 3 2 4 3 2 3 2 5 2 2 1 2 1 3 1 1 1 1 2 3 3 3 4 2 3 1 4 1 4 1 5 5 5 1 3
2 4 3 5 4 4 1 2 1 4 5 0 1 4 3 1 5 4 3 2 3 1 4 3 4 2 5 1 5 3 3 4 3 2 2 3 1 4 4 5 5 4 5 4 1 1 3 1 1 2 2 1 3 3 3 3 1 2 2 2 4 3 2 4 2 5 2 1 5 2
2 2 3 2 2 1 2 5 3 2 3 4 0 4 4 1 3 5 1 1 4 5 5 3 2 2 3 5 5 2 1 3 5 5 2 4 3 2 5 3 4 3 3 1 3 2 3 2 5 3 4 3 2 4 3 3 3 4 1 5 5 3 5 2 3 4 1 3 2 3
5 3 4 1 5 3 3 4 2 5 3 1 5 0 3 5 1 1 1 4 2 5 5 2 4 2 1 5 1 1 2 2 1 1 1 3 3 1 3 1 3 1 5 1 3 5 2 2 1 1 1 5 2 3 2 4 4 3 3 4 4 5 3 1 3 1 2 5 3 4
3 1 2 5 2 5 3 4 1 4 3 4 5 3 0 2 1 1 5 5 1 4 3 4 5 4 1 2 5 1 2 1 2 3 2 1 3 1 4 4 3 1 5 1 4 3 3 2 3 1 3 3 5 5 5 4 3 2 2 1 3 4 3 2 2 2 5 1 2 4
3 5 3 4 3 4 3 1 3 2 1 5 4 2 5 0 4 5 2 3 5 3 4 1 3 2 2 1 2 4 5 1 2 2 2 4 1 1 2 1 1 1 2 4 4 1 4 5 5 5 4 2 4 2 2 1 1 4 4 2 3 2 3 2 3 4 4 1 5 5
2 5 5 5 2 5 4 2 5 5 4 4 4 4 4 1 0 5 5 4 3 2 1 3 5 5 5 2 3 5 1 3 4 2 4 5 3 2 2 4 5 2 3 4 4 3 4 1 5 1 3 3 1 5 3 5 1 5 5 4 5 2 2 4 5 1 4 1 4 5
3 5 5 2 3 5 2 5 2 2 4 2 5 1 1 1 4 0 3 3 3 5 5 3 2 3 4 1 3 3 2 1 1 3 5 2 2 3 5 3 2 4 3 2 4 1 5 4 2 2 5 4 4 4 4 4 2 1 2 4 2 5 3 4 2 4 1 2 5 2
3 1 3 3 3 4 3 2 2 1 2 2 3 3 2 3 5 5 0 1 2 1 1 3 3 2 2 5 2 1 3 1 3 3 5 1 1 5 5 4 5 2 4 2 3 4 5 5 1 1 3 2 1 1 4 3 2 5 3 3 2 1 5 5 1 3 5 5 3 5
5 4 4 1 5 1 4 5 2 4 2 4 2 1 3 5 3 5 4 0 5 2 4 5 5 5 5 5 3 5 3 1 1 5 5 1 5 1 2 5 2 3 3 4 2 2 3 5 5 1 5 2 4 4 4 2 5 1 2 3 3 2 4 4 4 5 3 2 5 2
5 5 5 5 5 3 4 2 4 3 3 5 4 1 1 3 3 4 3 1 0 1 4 2 5 1 2 3 3 4 4 3 2 1 2 1 3 3 5 3 4 3 3 4 3 3 5 4 5 1 1 5 1 3 2 4 1 5 2 5 3 4 3 3 5 5 4 2 1 2
5 1 2 3 4 3 3 1 1 3 5 4 5 1 2 5 3 4 5 5 4 0 3 2 3 3 2 5 4 2 3 2 2 1 1 4 1 2 4 1 1 2 4 2 2 4 4 5 1 1 1 2 2 5 1 2 1 1 5 2 4 5 1 1 2 5 5 3 1 5
4 1 2 1 2 5 2 5 3 1 3 5 3 5 4 3 4 4 5 5 4 4 0 1 2 5 4 2 2 5 3 2 5 4 4 2 2 1 1 5 3 2 3 2 1 4 4 3 1 4 1 5 3 1 1 5 2 1 1 4 2 4 5 2 5 3 1 1 4 5
2 3 1 1 3 2 3 3 3 5 5 4 5 3 1 5 4 3 5 2 2 2 5 0 5 1 3 2 4 4 2 1 2 2 5 3 5 4 5 3 2 2 1 1 4 5 4 3 2 1 1 3 1 1 2 2 1 1 3 5 1 2 2 4 4 5 3 3 1 1
1 3 5 4 5 3 3 4 2 3 4 5 4 1 4 2 1 5 3 1 1 5 2 5 0 2 1 3 5 1 3 4 4 1 5 5 1 3 1 1 2 5 3 1 3 5 1 3 4 1 4 3 1 5 2 3 3 5 5 5 2 1 1 1 3 3 5 3 3 4
3 1 4 2 3 2 2 3 2 1 2 2 1 1 3 2 2 5 5 2 1 4 2 5 1 0 4 4 3 2 5 3 1 5 5 3 4 4 3 2 1 4 2 2 4 3 5 4 1 4 5 2 5 3 2 3 5 3 1 3 1 1 5 3 3 5 1 2 2 5
3 5 4 5 1 3 1 1 4 4 1 3 4 4 2 5 4 1 2 3 1 4 1 4 2 5 0 1 4 4 4 4 1 2 2 1 3 4 5 4 2 3 4 4 1 5 1 2 5 3 4 5 1 3 5 4 4 2 5 1 5 4 5 3 4 1 5 2 4 5
3 2 3 4 2 1 1 1 1 1 4 4 1 2 4 4 2 2 4 4 5 3 2 4 2 5 3 0 4 1 1 1 2 1 2 4 4 2 1 5 1 1 5 5 3 2 1 5 5 4 4 3 2 1 3 4 1 4 3 2 5 1 2 3 1 4 4 5 5 5
2 5 2 3 3 3 4 1 4 3 4 4 5 2 4 5 3 2 5 5 4 3 5 2 1 2 3 1 0 4 4 4 3 4 4 3 5 2 4 2 1 4 4 3 3 4 2 5 4 1 2 3 3 1 1 3 3 1 5 4 4 2 4 4 4 3 4 4 4 2
5 5 3 1 4 1 1 3 4 2 2 4 1 3 3 3 4 2 2 4 2 4 5 3 4 3 5 2 1 0 4 1 5 1 3 3 1 3 1 5 2 1 5 5 4 2 2 2 5 3 2 2 2 2 3 5 5 1 5 1 4 2 2 1 1 1 5 3 2 3
1 2 2 5 1 3 1 5 1 3 2 3 3 2 4 3 1 1 5 5 2 2 1 5 3 3 4 5 5 5 0 3 1 2 2 5 1 3 4 3 1 4 1 4 2 3 5 3 2 3 3 3 2 5 3 2 4 4 2 2 2 5 4 2 5 4 5 4 1 3
5 3 5 4 5 1 3 2 5 2 5 2 4 3 5 3 2 4 3 5 2 5 4 2 4 2 3 3 5 5 3 0 2 5 3 5 4 4 1 1 4 4 1 3 5 1 2 5 1 1 2 5 3 5 2 4 4 1 2 3 4 5 3 5 4 2 5 2 1 1
4 2 1 5 4 5 1 2 4 3 5 4 5 1 3 3 5 4 4 3 3 2 3 5 5 4 4 5 5 5 4 1 0 2 3 2 4 5 3 2 3 1 4 2 4 3 3 4 4 1 2 2 4 1 5 2 1 3 5 1 3 3 1 2 5 4 4 2 4 2
4 5 1 4 2 3 5 2 5 2 1 2 5 1 2 5 1 1 2 2 4 3 1 1 3 2 1 2 3 2 4 2 4 0 1 4 1 1 1 3 1 1 4 5 4 2 2 2 1 4 5 5 3 2 4 4 5 3 3 3 3 2 3 3 2 1 4 4 3 5
3 3 1 3 2 5 2 1 2 1 4 5 4 3 3 1 3 3 5 5 4 4 1 4 3 1 3 4 2 1 5 3 3 3 0 1 3 3 1 1 1 5 4 2 5 2 3 2 5 2 3 4 2 1 3 1 1 5 2 5 5 1 5 1 5 3 3 5 4 2
5 2 4 5 4 1 5 4 5 5 1 4 3 1 1 1 5 2 5 1 2 3 4 2 5 4 3 2 2 5 3 2 3 3 2 0 2 1 2 5 4 4 2 2 1 3 1 4 3 4 3 1 3 1 4 3 5 3 2 2 4 4 5 4 1 3 1 5 3 3
3 1 3 2 5 1 3 3 1 3 4 5 2 1 3 4 5 2 1 1 3 5 1 2 2 3 2 2 2 4 4 4 2 5 4 5 0 2 3 1 5 4 2 4 3 1 1 3 1 1 5 5 5 4 2 5 2 5 1 5 5 3 5 4 5 5 2 5 1 4
4 5 5 5 5 1 2 2 4 5 3 3 1 1 1 2 3 2 2 1 1 4 3 5 3 1 3 4 5 2 4 2 1 5 3 2 4 0 4 4 3 1 4 3 1 5 2 2 3 5 5 2 4 4 3 1 2 5 1 2 2 1 1 4 4 4 5 4 2 1
2 5 5 2 4 1 1 2 5 1 3 5 4 4 5 5 1 4 3 2 2 1 4 3 2 1 4 3 2 4 3 5 1 1 2 1 4 5 0 4 2 1 5 4 2 1 5 3 5 4 5 5 5 4 1 4 2 3 4 3 5 1 3 5 2 2 4 5 1 3
4 2 4 3 5 5 3 4 5 2 4 4 2 2 3 2 1 5 4 5 3 5 3 4 2 2 1 4 4 4 5 2 3 3 5 3 1 1 5 0 4 2 2 5 3 3 5 3 5 2 4 2 4 1 5 5 1 2 4 1 4 1 1 1 5 2 1 3 3 3
4 4 4 2 2 3 4 4 3 1 1 5 2 3 2 4 4 2 4 3 5 3 1 4 1 5 2 5 5 1 5 4 2 3 2 1 2 2 4 5 0 1 1 4 4 5 1 1 1 4 3 3 2 4 3 4 1 1 2 3 1 4 4 1 2 5 1 4 5 4
3 5 5 1 3 5 3 3 2 5 2 3 2 4 4 4 4 4 1 4 1 4 3 1 4 3 3 2 4 3 5 5 4 5 2 4 3 4 2 1 1 0 3 4 3 2 4 4 1 2 2 3 4 1 3 2 1 5 5 4 3 2 3 3 3 3 2 2 1 2
5 1 3 5 3 3 3 5 3 1 5 3 2 3 1 1 1 3 4 2 2 1 2 1 5 3 4 3 1 3 3 5 1 3 1 3 2 1 2 1 2 4 0 1 4 5 4 1 3 3 4 5 1 3 3 2 5 3 3 4 2 4 5 1 1 1 4 3 1 4
5 3 5 2 3 4 1 2 2 2 5 5 4 5 3 3 3 3 5 4 3 1 1 1 5 4 5 5 2 4 1 2 2 3 4 4 5 4 4 3 5 5 3 0 4 1 2 3 1 1 3 2 5 5 4 5 5 5 2 1 4 1 2 5 5 4 1 3 4 1
4 4 4 5 2 2 5 2 5 5 1 3 3 5 2 2 2 1 3 4 4 2 5 5 1 1 4 1 2 1 2 1 5 5 1 2 3 2 5 5 5 4 5 2 0 3 4 1 1 3 4 2 5 4 2 5 4 5 4 3 4 4 1 3 2 5 3 1 2 3
1 1 1 2 2 2 2 2 4 3 4 2 2 2 4 2 1 2 1 5 4 3 5 2 1 2 1 5 4 5 4 1 2 2 5 1 4 5 1 1 5 4 3 1 5 0 3 2 2 5 4 4 1 2 5 4 5 3 1 3 1 2 4 5 5 4 1 3 4 4
3 1 4 1 2 3 2 3 2 2 5 1 3 1 2 4 4 4 3 1 3 3 4 5 2 4 4 1 3 4 2 2 3 1 3 3 4 3 2 1 2 2 5 5 5 5 0 2 1 1 1 3 3 4 2 3 5 4 4 3 1 5 3 3 4 2 2 5 2 4
3 3 4 1 5 3 3 3 3 5 3 4 4 5 3 3 5 2 2 1 4 5 3 3 1 1 5 2 4 5 3 3 1 2 5 2 1 4 1 1 3 4 5 3 5 3 5 0 1 5 5 5 2 4 2 4 1 2 3 5 4 5 5 4 3 5 1 5 3 2
3 1 1 3 5 5 5 4 3 5 1 4 2 4 3 4 5 2 2 1 1 2 4 5 2 4 4 5 2 5 3 1 5 3 5 2 5 2 1 2 1 1 3 5 1 1 1 4 0 5 1 4 3 3 2 5 4 2 1 1 3 3 1 4 3 5 5 4 5 1
5 3 2 1 4 3 2 2 1 3 4 2 2 2 4 2 3 1 1 2 2 1 5 2 2 2 5 4 3 2 5 3 2 4 5 4 1 1 5 4 2 2 3 2 1 3 3 4 4 0 5 2 2 1 1 2 3 4 2 3 2 3 1 5 4 4 5 1 2 4
4 2 2 3 3 3 3 5 5 5 2 3 4 3 2 2 2 3 5 2 2 2 3 5 5 3 4 2 1 1 5 4 1 2 4 1 3 3 1 1 5 2 5 4 5 2 3 3 2 3 0 1 4 3 3 2 5 2 3 2 4 3 2 5 3 4 5 4 2 2
2 5 4 5 3 1 2 5 2 3 2 2 2 1 1 1 3 2 2 3 1 1 5 1 4 5 3 3 5 4 3 2 1 5 2 4 2 4 1 3 4 1 3 1 3 3 5 5 2 5 5 0 4 3 1 3 5 1 2 4 3 4 3 2 1 5 2 1 4 4
2 3 3 1 5 3 3 1 3 2 2 1 2 2 3 1 1 4 5 3 2 5 5 3 4 3 2 3 2 3 3 1 1 2 5 3 4 2 2 5 1 4 1 3 5 4 3 5 2 5 3 3 0 2 1 2 4 2 3 1 5 1 3 3 3 2 3 2 4 4
3 1 2 5 1 3 4 1 2 1 4 5 3 4 2 4 2 3 5 5 1 2 2 1 3 3 3 1 4 1 1 5 2 2 3 2 2 2 2 2 2 1 3 4 4 5 5 4 4 3 2 4 5 0 1 5 3 4 1 3 3 5 1 1 4 2 2 4 4 4
5 4 4 2 1 3 2 4 4 5 2 3 3 3 2 5 2 3 5 1 5 1 1 1 4 3 4 5 1 2 4 2 5 5 5 2 5 1 5 2 4 3 1 2 2 2 3 5 3 2 3 3 3 2 0 5 5 3 3 3 4 3 3 5 4 5 4 2 2 4
1 3 2 4 5 1 1 2 2 3 5 1 4 2 2 1 2 5 4 4 1 2 2 4 5 3 3 5 5 5 1 4 5 5 3 5 2 3 5 2 3 5 3 4 2 2 3 5 4 1 4 1 1 3 4 0 3 1 4 2 5 1 1 3 4 1 5 2 5 1
1 5 1 3 4 3 3 3 1 2 3 4 5 1 2 2 4 5 3 1 5 4 3 4 5 5 1 4 1 1 4 1 1 1 5 3 1 2 1 5 4 4 4 2 3 3 3 4 1 2 4 2 2 5 4 5 0 5 5 3 4 3 5 2 4 5 4 2 4 4
2 2 4 3 5 4 3 3 4 4 1 3 4 3 3 5 1 3 5 5 2 1 1 2 5 5 4 3 1 4 4 5 4 2 3 1 2 5 3 4 1 4 3 3 4 2 4 2 4 5 3 5 3 1 4 2 2 0 5 2 3 5 2 4 5 1 5 2 2 4
5 3 2 3 2 4 3 1 4 3 3 3 2 2 2 1 4 5 5 3 1 1 5 2 1 3 3 3 2 2 3 2 2 1 5 5 4 3 2 3 2 4 1 5 3 1 2 4 2 5 4 2 1 1 4 3 2 2 0 4 2 2 1 2 5 4 1 1 2 2
1 5 2 5 1 3 5 3 1 1 5 5 5 3 3 2 2 2 1 2 1 2 3 1 5 5 3 4 1 3 4 3 1 1 1 1 3 2 3 4 4 3 3 1 3 5 2 3 4 1 2 3 1 4 2 3 2 4 4 0 1 4 2 3 3 2 4 1 1 5
1 3 4 4 4 2 2 4 1 4 3 3 1 2 5 1 5 1 1 1 1 4 1 5 5 4 1 3 4 3 2 3 4 5 5 5 2 3 3 2 3 5 1 5 4 1 3 5 5 2 1 5 5 2 2 1 3 1 1 3 0 1 1 2 5 5 4 4 4 1
2 2 3 2 2 2 1 3 1 4 4 3 1 3 4 5 4 4 4 4 4 4 2 2 5 5 4 2 2 1 2 3 5 1 2 5 4 5 1 1 5 4 1 1 5 1 2 2 3 4 3 1 3 1 4 4 2 2 1 1 3 0 3 2 4 2 1 2 3 4
4 1 1 4 2 3 2 2 1 4 5 2 2 2 5 3 3 4 1 3 1 5 2 3 2 5 5 1 2 4 3 3 4 2 3 1 3 2 3 1 2 1 3 3 2 2 2 4 3 2 3 1 5 2 3 2 3 1 2 2 1 2 0 3 5 1 2 2 4 1
1 1 2 1 2 1 5 3 3 1 3 5 2 4 3 5 1 3 3 3 2 1 4 1 2 5 3 1 1 5 1 2 2 1 1 1 5 4 3 2 5 3 3 1 3 3 2 4 1 3 2 3 3 1 2 1 2 5 3 5 4 1 1 0 1 1 2 5 5 5
5 4 5 2 2 1 1 3 3 2 4 2 4 4 2 3 4 3 1 1 4 3 1 2 1 5 1 4 4 1 1 3 1 2 2 3 1 5 4 4 2 3 1 2 5 3 4 1 5 2 4 4 3 2 1 1 3 5 1 1 2 5 2 5 0 4 3 5 5 5
1 5 4 5 4 3 4 5 2 3 3 5 4 3 2 5 2 1 4 5 2 3 5 1 1 2 5 5 3 3 5 3 4 5 4 2 2 1 4 3 4 1 4 1 1 4 1 1 2 1 3 5 3 5 5 4 4 4 4 3 1 2 3 1 2 0 4 1 2 4
2 1 2 4 1 3 3 5 4 2 3 1 3 5 2 2 4 3 4 1 2 2 1 1 3 4 4 5 5 5 3 2 4 4 4 3 2 1 1 4 5 4 1 1 2 3 3 4 4 1 4 2 4 1 1 3 4 5 2 1 2 5 3 2 4 5 0 3 2 2
2 1 5 1 5 5 5 4 1 4 4 4 2 5 5 5 2 5 3 3 2 3 4 2 4 3 3 5 1 4 3 5 2 1 5 1 4 5 1 4 3 3 5 3 5 2 4 2 5 2 3 2 1 5 4 2 4 2 3 2 1 4 5 2 1 2 2 0 5 1
4 2 4 5 3 2 1 4 3 5 5 3 3 5 1 5 5 2 4 2 4 4 2 5 1 5 4 1 4 3 5 2 4 3 3 3 4 3 1 1 2 5 1 1 5 3 1 1 5 2 5 2 3 2 2 3 5 4 5 2 4 1 2 3 2 4 1 5 0 2
5 1 1 2 3 5 1 4 5 3 5 1 3 5 5 3 4 4 4 3 1 4 5 4 3 2 5 5 1 3 1 2 1 3 5 3 1 3 1 5 4 1 3 5 2 3 2 2 5 3 3 1 1 4 5 4 4 5 2 1 3 4 4 1 2 3 4 3 3 0
68 16 16 13 38 2 23 49 52 65 68 16 35 30 45 35 27 42 60 36 48 38 37 39 64 21 31 37 34 54 8 7 70 59 59 36 57 17 47 28 45 12 2 39 61 65 44 42 10 48
33 43 31 19 22 29 30 32 33 4 57 17 2 45 44 20 22 37 61 64 70 59 62 38 31 22 63 63 56 24 7 4 57 28 51 52 14 12 53 36 60 66 60 5 20 23 38 66 61 22
55 33 20 10 35 33 35 29 34 51 38 12 39 69 68 38 5 46 19 53 37 70 48 49 17 45 52 51 54 46 54 38 34 51 65 7 30 33 8 45 67 63 6 6 30 18 30 62 29 42
29 53 9 68 1 5 6 65 63 19 44 42 20 46 10 26 7 12 14 30 56 67 56 32 32 65 26 65 55 17 45 52 60 56 3 28 41 69 29 64 39 13 45 30 50 52 20 52 40 2
19 60 23 58 11 65 18 38 27 28 66 20 29 42 32 69 56 4 38 57 1 14 31 51 48 62 13 62 8 20 16 21 10 22 24 60 48 63 6 48 66 31 34 4 28 51 34 59 3 4
52 59 4 38 20 10 53 18 49 36 54 40 48 62 37 37 11 40 42 52 57 42 13 59 53 30 9 43 13 45 40 12 26 36 44 61 18 28 60 27 36 47 15 48 57 48 50 21 23 29
63 70 24 36 34 66 2 4 1 61 69 33 7 14 48 49 32 17 27 46 69 21 44 55 57 16 61 33 20 34 27 22 67 63 19 62 60 62 51 54 33 34 37 66 8 24 49 41 70 23
6 35 38 67 50 57 59 53 64 27 1 46 6 68 40 53 19 61 13 35 30 36 18 21 20 49 43 24 45 26 33 14 58 35 15 24 45 42 67 9 21 19 8 3 53 15 37 60 6 70
69 62 51 53 2 3 46 28 43 64 32 29 31 15 34 33 52 63 59 43 8 49 45 10 55 48 12 32 61 38 55 32 45 21 45 16 49 21 1 4 27 39 42 62 24 64 47 17 49 59
49 29 21 65 46 31 69 48 21 67 26 1 41 8 4 22 39 26 6 69 3 1 25 46 63 46 5 11 32 68 2 56 38 38 39 58 4 70 62 6 31 5 64 57 58 50 40 6 62 41
9 4 19 22 44 26 68 67 65 43 25 23 36 37 43 12 21 32 7 50 10 6 27 41 33 68 19 6 38 36 4 68 21 66 36 51 36 35 43 10 5 41 4 67 16 46 8 36 65 31
46 66 7 31 68 60 14 6 45 40 28 7 13 27 51 5 41 44 9 13 17 45 3 47 6 7 59 48 39 33 46 6 56 45 61 1 32 68 36 20 53 64 69 44 13 29 68 31 45 27
39 7 33 24 3 61 27 24 11 32 33 32 64 59 57 17 64 45 10 34 33 28 1 16 35 40 69 21 2 64 28 23 8 25 67 26 56 46 12 18 4 21 9 59 18 7 21 15 12 19
20 17 6 5 49 30 55 35 5 59 41 41 17 38 11 3 47 39 36 44 12 20 42 17 50 27 8 31 51 30 17 69 42 29 20 44 12 41 14 1 25 35 70 31 26 28 6 54 63 13
60 44 40 14 25 46 31 63 10 38 50 51 46 44 21 63 46 47 33 19 25 24 63 26 60 12 1 68 3 5 53 29 37 39 26 19 51 50 19 31 47 60 25 43 25 40 9 57 25 35
42 49 37 0 37 23 29 42 25 0 63 3 33 20 23 21 66 25 3 9 46 55 36 13 38 6 22 66 16 40 35 24 0 54 0 46 24 59 38 61 22 16 46 15 36 47 11 3 37 28
58 63 25 0 56 12 0 47 36 0 35 57 44 0 67 43 50 56 0 47 36 16 54 37 9 60 29 36 19 70 58 0 0 18 0 49 25 65 59 8 34 51 66 7 27 63 63 33 39 63
10 11 54 0 24 36 0 66 18 0 29 66 27 0 14 10 60 49 0 70 9 13 59 25 19 0 62 58 59 0 10 0 0 0 0 63 9 43 27 0 0 45 0 34 17 67 0 39 13 37
5 26 32 0 48 15 0 1 41 0 20 0 1 0 0 16 58 0 0 0 45 7 8 15 37 0 0 4 18 0 0 0 0 0 0 59 69 53 33 0 0 67 0 0 23 14 0 55 68 3
59 5 39 0 13 32 0 55 7 0 19 0 11 0 0 65 26 0 0 0 13 3 0 48 45 0 0 16 69 0 0 0 0 0 0 64 2 6 0 0 0 53 0 0 15 60 0 2 48 45
35 41 61 0 57 58 0 58 17 0 40 0 42 0 0 30 15 0 0 0 60 64 0 29 39 0 0 39 40 0 0 0 0 0 0 11 38 19 0 0 0 37 0 0 6 36 0 0 7 26
0 12 50 0 39 45 0 0 67 0 0 0 50 0 0 57 25 0 0 0 0 58 0 31 10 0 0 26 70 0 0 0 0 0 0 0 68 14 0 0 0 23 0 0 7 34 0 0 53 52
0 0 29 0 19 0 0 0 12 0 0 0 0 0 0 62 10 0 0 0 0 32 0 1 0 0 0 0 0 0 0 0 0 0 0 0 13 0 0 0 0 0 0 0 0 20 0 0 0 49
0 0 0 0 0 0 0 0 0 0 0 0 0 0 0 58 65 0 0 0 0 46 0 0 0 0 0 0 0 0 0 0 0 0 0 0 0 0 0 0 0 0 0 0 0 44 0 0 0 14
0 0 0 0 0 0 0 0 0 0 0 0 0 0 0 0 0 0 0 0 0 0 0 0 0 0 0 0 0 0 0 0 0 0 0 0 0 0 0 0 0 0 0 0 0 49 0 0 0 0
