50 70 35 15 25
3
3
5
3
2
5
4
1
4
1
2
4
5
3
4
2
1
5
3
2
4
3
2
2
2
5
5
3
2
5
4
2
5
1
3
3
4
1
4
3
4
3
2
2
1
3
1
1
5
1
3
2
5
2
4
2
4
1
3
1
4
1
5
3
3
2
5
1
5
1
0 1 1 1 2 4 3 3 4 3 1 1 1 4 3 3 2 2 3 1 3 2 5 3 2 4 3 1 4 5 2 1 3 1 3 3 1 3 1 2 2 2 3 3 5 5 3 3 3 3 5 1 2 3 3 4 3 4 1 5 5 1 4 3 5 2 5 3 1 2
1 0 4 5 4 4 2 3 4 5 2 3 1 5 2 1 2 2 4 3 2 3 3 3 3 4 1 5 4 5 1 3 3 4 5 3 5 4 1 4 2 4 5 4 1 2 5 2 4 5 2 5 3 3 4 5 4 2 3 5 4 4 4 2 4 5 4 2 2 4
5 1 0 5 5 4 5 3 1 5 1 5 4 5 2 2 1 1 2 4 4 3 3 4 4 3 2 4 1 2 5 5 4 1 1 4 4 2 4 1 4 1 3 3 5 1 5 3 5 2 2 4 2 3 4 1 5 5 5 4 2 1 2 4 1 5 4 3 5 5
1 4 1 0 5 5 5 2 5 1 2 1 4 2 5 3 1 1 5 5 5 4 4 3 3 1 3 1 4 4 1 2 5 2 1 3 5 5 1 4 3 5 3 2 4 5 4 4 2 1 3 2 4 5 1 2 2 4 3 2 4 2 3 3 4 4 1 4 4 2
1 4 4 2 0 2 5 5 3 5 1 4 4 4 5 2 3 2 1 2 3 1 1 3 2 5 5 3 2 1 2 4 5 3 2 2 3 5 3 5 4 1 2 4 5 4 5 4 2 5 1 4 4 5 4 4 2 5 3 1 4 1 2 5 5 1 2 3 3 4
4 5 3 2 3 0 5 4 5 5 5 2 4 5 5 3 1 1 5 5 5 2 5 4 1 5 5 5 3 5 3 4 2 2 3 5 2 3 4 2 1 5 4 4 3 4 3 2 4 5 4 3 4 2 3 5 1 5 2 2 4 1 1 1 5 5 5 5 2 4
5 5 3 5 4 4 0 1 5 3 5 1 3 1 4 3 4 4 2 4 5 2 2 2 1 2 5 2 1 4 1 5 3 2 5 5 4 1 2 2 1 2 3 1 5 4 3 1 2 2 5 1 3 2 5 5 1 5 1 2 5 4 5 4 4 1 1 4 2 5
4 4 3 1 3 1 3 0 5 2 1 5 4 1 1 2 3 2 3 4 1 5 3 5 5 4 5 1 1 3 2 3 2 2 1 1 1 2 4 4 2 2 2 1 1 3 4 3 2 4 5 2 2 5 3 5 5 4 5 2 5 3 5 1 4 2 5 1 5 3
5 1 1 4 3 3 3 2 0 2 4 3 2 1 4 5 2 4 5 4 3 5 1 5 4 1 3 3 2 2 5 2 2 5 1 1 2 2 2 3 2 4 1 2 5 5 1 5 4 3 1 5 3 1 2 4 1 2 4 5 2 5 4 1 5 4 2 2 1 5
3 1 2 2 1 1 2 1 5 0 5 5 2 5 5 4 2 4 3 2 2 3 5 5 2 3 5 2 3 4 5 5 3 1 5 3 5 3 5 4 1 5 5 4 5 4 4 5 1 3 1 1 2 1 4 2 4 4 3 3 2 2 4 1 4 2 2 1 2 3
4 4 3 1 5 1 2 3 2 5 0 1 3 4 2 1 3 5 5 2 4 1 5 5 2 2 5 4 2 1 1 4 2 5 1 5 3 1 5 2 5 2 4 3 4 2 1 5 3 2 3 5 4 2 4 3 4 3 3 4 4 5 5 5 1 5 3 2 1 3
5 4 3 4 3 1 3 2 3 5 5 0 3 2 4 4 4 1 4 3 5 1 2 3 2 4 3 5 5 3 1 4 5 2 2 2 3 4 5 3 1 5 4 3 4 3 1 1 5 5 4 5 1 2 2 2 4 1 2 5 3 3 4 1 5 1 2 1 1 1
1 2 5 3 3 4 2 3 5 3 3 3 0 3 4 2 2 4 5 4 5 5 4 1 5 5 4 2 4 3 1 4 1 5 2 1 4 4 5 5 2 5 2 5 2 4 4 3 5 4 5 1 1 1 2 5 5 3 3 1 3 2 4 4 5 4 1 4 1 3
5 3 4 1 1 3 3 5 3 3 4 1 1 0 2 4 1 4 1 5 1 3 4 2 5 3 1 3 4 5 2 3 2 3 1 2 1 3 4 5 3 4 1 4 1 5 4 3 1 4 1 3 4 3 4 4 5 3 1 3 3 5 2 4 3 5 2 3 3 4
4 1 4 2 2 3 3 3 3 4 2 4 4 5 0 5 2 1 4 4 3 2 2 2 2 2 1 2 2 4 4 3 4 4 1 3 4 3 3 4 3 1 2 4 4 1 3 4 3 1 5 5 3 2 4 4 1 4 4 2 1 3 2 3 1 3 3 3 3 4
4 5 1 2 4 5 5 5 3 4 2 1 4 2 3 0 2 5 5 5 1 5 4 3 4 3 4 1 1 2 3 4 4 1 3 1 3 5 2 5 3 4 3 2 2 2 1 2 3 3 3 1 1 4 2 5 1 3 1 5 1 1 2 2 2 5 2 4 2 3
5 1 2 3 2 4 4 1 2 1 3 3 3 4 4 2 0 4 2 1 4 4 1 2 5 3 2 3 5 3 2 3 5 1 3 5 3 4 4 4 5 1 2 3 4 3 5 3 5 1 5 1 4 3 1 2 3 4 2 2 3 4 3 1 4 2 1 4 1 1
3 4 1 4 4 3 3 5 4 4 4 3 1 3 4 2 5 0 3 4 5 5 5 3 1 2 2 5 3 3 5 5 3 3 2 1 2 1 4 2 5 2 2 3 5 5 3 3 3 2 5 4 1 2 3 1 3 3 2 3 3 3 4 3 3 5 3 2 1 5
4 4 5 2 2 5 1 2 3 3 1 5 1 3 1 2 3 3 0 1 5 2 1 5 1 1 3 2 5 1 5 5 4 5 4 3 3 4 2 4 4 2 2 2 5 2 2 5 2 5 2 5 1 5 4 5 5 3 1 3 1 1 5 1 5 4 2 1 1 4
1 3 5 5 4 2 5 2 4 3 2 4 5 5 3 5 4 5 5 0 1 5 5 3 1 2 3 5 3 3 4 4 3 2 3 1 4 3 2 3 2 4 1 2 5 3 2 1 1 4 2 3 5 1 2 2 5 5 1 5 5 3 3 3 4 4 1 3 1 4
2 5 1 2 4 2 5 3 3 4 4 2 5 3 3 3 5 4 1 4 0 2 3 3 3 5 3 1 3 4 4 2 5 1 4 5 5 2 4 3 4 2 4 5 4 4 2 4 2 2 5 4 5 5 4 1 5 4 1 5 2 5 2 3 5 5 4 5 2 3
5 5 2 1 3 2 4 1 5 3 1 3 1 2 1 5 2 2 3 1 2 0 2 5 3 3 3 1 1 3 3 4 1 2 2 1 3 5 1 3 5 4 4 1 1 4 4 2 5 4 5 2 3 5 3 1 4 5 2 2 1 2 3 2 1 1 3 4 1 2
1 1 1 1 3 2 2 1 2 1 5 2 1 1 5 5 5 3 5 2 1 1 0 1 3 2 4 1 2 1 4 5 5 3 1 3 3 3 1 5 2 2 3 2 4 5 3 2 4 2 5 3 4 2 2 3 1 2 4 5 4 4 1 2 1 1 1 3 4 4
4 2 2 3 2 3 3 4 5 2 4 3 4 5 3 4 5 4 5 1 2 4 5 0 3 5 4 5 4 5 2 2 2 1 4 3 2 3 4 1 4 3 4 1 2 5 5 1 3 4 5 4 1 4 3 1 4 2 4 5 1 2 4 3 4 5 3 5 4 2
1 2 2 3 1 2 1 5 3 4 3 4 4 2 5 5 4 4 5 5 5 1 4 2 0 5 5 4 1 3 4 4 4 4 3 1 5 5 3 2 1 1 4 4 3 3 4 1 3 1 2 1 2 1 3 1 4 4 1 2 3 5 5 3 2 5 3 3 3 1
1 2 2 2 2 4 3 3 5 2 2 4 2 5 4 2 1 5 5 1 2 2 1 1 5 0 5 4 2 1 2 2 4 2 2 1 5 2 2 5 3 4 1 2 2 4 2 5 4 1 2 5 2 5 4 3 1 2 5 5 4 4 2 4 1 2 1 3 3 4
2 4 2 3 3 1 5 2 3 5 3 4 1 4 1 4 3 4 5 5 1 5 5 3 2 4 0 5 2 4 2 1 4 1 1 2 5 5 3 5 1 3 4 5 3 5 2 2 2 5 5 3 1 3 2 5 2 1 3 2 1 3 5 2 1 4 3 4 3 4
1 3 1 5 1 1 2 1 4 2 5 3 4 5 4 2 2 3 3 5 2 2 5 4 2 5 4 0 3 5 3 5 4 4 2 4 1 5 5 3 3 5 5 3 5 3 1 2 2 4 2 2 2 2 2 1 5 5 2 5 3 3 3 2 2 4 1 2 3 1
4 3 1 3 3 4 3 2 2 5 5 2 5 4 1 2 4 2 1 3 5 3 3 1 3 4 2 4 0 5 2 3 4 1 5 5 5 1 4 4 4 3 5 1 5 3 1 2 1 2 2 2 2 3 3 2 4 2 5 3 4 5 3 4 2 5 2 2 5 4
5 1 2 3 2 1 4 3 3 3 2 3 5 5 2 4 2 3 2 5 5 2 4 3 2 5 2 3 2 0 2 3 4 2 4 5 4 2 1 1 3 5 2 5 2 2 4 5 5 3 1 2 5 2 3 5 1 4 3 4 5 5 5 1 4 5 5 5 4 5
1 2 1 5 4 3 1 5 3 4 5 4 4 1 2 3 2 5 1 2 4 4 2 5 2 3 4 5 4 5 0 2 5 5 2 4 3 5 1 5 2 3 4 5 5 2 2 3 5 2 5 5 1 1 4 2 2 4 3 1 1 1 1 1 2 5 5 2 3 3
2 1 3 4 1 5 4 2 4 2 2 5 3 5 2 3 2 1 5 2 5 3 4 4 1 2 1 1 5 3 3 0 1 2 3 4 2 5 2 4 3 3 4 1 1 2 4 5 5 2 2 2 5 4 4 4 3 5 2 3 2 3 5 3 1 4 2 4 3 1
2 3 5 5 5 2 5 5 4 3 4 4 4 5 1 1 5 3 3 3 3 2 3 3 2 4 4 1 4 1 1 4 0 3 1 1 2 5 5 1 4 1 5 2 3 1 3 4 4 5 4 4 4 1 2 5 3 2 5 5 2 5 3 1 2 1 3 1 3 2
3 1 3 1 1 2 5 5 2 4 1 5 2 4 3 2 5 5 4 1 5 3 1 5 4 3 3 4 2 5 5 1 3 0 1 1 1 4 2 5 3 4 1 5 4 4 3 2 3 4 2 1 2 5 3 4 1 5 5 5 1 3 1 2 5 1 2 2 3 4
2 5 3 1 5 3 3 3 1 4 4 1 5 3 2 2 4 1 1 4 5 5 1 3 4 3 2 5 4 5 1 5 4 3 0 4 3 4 2 4 5 5 3 5 5 5 3 2 4 3 2 4 1 3 5 4 1 2 3 5 1 4 3 5 1 4 2 2 1 5
1 4 5 1 5 5 5 2 1 2 3 4 3 3 2 4 1 3 3 3 2 1 2 3 5 5 1 2 5 2 5 5 1 3 1 0 5 5 4 2 3 2 5 5 3 3 1 5 3 3 5 3 3 4 4 5 5 4 2 4 4 4 2 3 1 3 1 5 3 5
3 2 1 1 1 5 3 3 4 4 3 3 4 1 4 1 2 2 2 2 4 3 1 4 1 3 3 1 5 3 5 4 3 2 1 4 0 1 2 1 4 1 1 4 5 4 3 2 5 5 1 1 3 3 3 4 1 2 2 3 2 1 5 4 1 4 4 5 3 4
5 3 4 2 5 1 1 2 4 3 1 3 1 3 2 5 4 4 1 5 3 5 1 3 3 5 1 4 5 4 5 4 2 1 4 2 2 0 3 3 1 2 2 3 4 2 5 5 4 5 4 1 2 1 1 4 5 2 4 4 4 1 2 4 4 2 2 5 3 4
2 5 4 5 2 4 3 3 2 3 2 2 1 4 2 2 4 4 4 1 3 1 4 1 3 3 5 3 2 3 4 3 3 1 5 1 2 5 0 4 1 1 2 2 2 2 2 4 3 4 3 3 4 1 4 1 4 5 1 1 1 2 2 5 1 5 3 2 2 5
3 4 5 1 1 2 4 2 3 2 2 2 4 2 5 4 5 2 5 1 5 5 5 5 5 2 5 3 5 2 1 1 1 3 3 3 2 4 3 0 4 4 3 2 4 3 5 5 3 2 3 3 2 5 4 1 5 2 4 2 5 5 1 1 2 1 3 4 2 3
3 1 1 5 1 5 3 3 5 2 4 3 3 1 4 5 5 1 3 2 5 1 3 5 3 3 4 5 2 1 5 2 3 5 5 1 5 2 2 2 0 5 2 4 2 2 5 1 5 1 2 2 1 2 5 2 2 4 4 3 5 2 5 1 3 5 5 5 3 4
2 3 2 1 2 3 1 4 2 4 4 3 5 5 1 1 3 5 2 4 4 1 2 3 4 2 4 1 2 3 5 3 3 5 3 4 3 5 2 3 3 0 4 1 4 5 1 3 4 4 4 5 1 3 2 3 3 2 2 1 3 3 5 2 4 1 4 1 3 4
2 4 3 1 4 5 2 4 5 1 3 1 5 2 2 5 4 1 1 4 5 2 4 5 3 2 5 2 2 1 4 4 5 4 3 4 3 4 2 1 1 3 0 5 3 2 1 1 2 5 4 4 2 1 1 1 1 4 2 3 1 4 5 2 2 1 1 4 1 4
3 5 1 4 1 1 1 3 2 1 1 1 1 5 5 2 2 3 1 3 5 1 5 4 2 1 4 2 3 1 3 5 4 5 5 1 5 4 4 1 5 2 5 0 4 4 1 3 2 3 2 4 4 1 5 1 4 1 1 2 5 1 4 3 1 4 2 3 4 5
5 4 1 4 2 2 1 2 2 4 3 3 4 1 1 4 5 1 1 1 5 3 2 4 3 3 4 2 2 3 3 4 5 4 5 1 1 5 1 3 1 2 2 4 0 5 3 4 4 1 3 4 1 4 1 4 1 2 5 1 3 4 4 5 5 4 5 3 1 4
2 4 4 2 1 4 5 5 2 5 5 2 5 2 2 1 1 5 4 1 2 1 3 2 4 3 2 5 1 2 2 4 2 4 2 2 4 2 3 4 2 4 4 1 5 0 1 4 3 5 2 2 5 2 4 5 3 3 5 2 1 1 3 5 3 4 4 2 1 3
2 1 3 5 5 3 1 3 3 2 1 2 3 2 5 5 1 2 5 5 1 2 4 1 2 2 5 4 4 5 3 1 1 5 1 5 2 2 1 2 2 4 1 3 4 2 0 5 1 3 4 5 3 4 4 3 5 2 4 4 4 1 5 2 3 1 4 4 5 5
4 2 2 5 3 2 2 1 4 3 4 1 1 3 1 1 2 1 3 1 4 1 1 5 4 1 3 4 3 1 1 4 2 4 3 3 2 1 2 4 1 4 3 3 3 5 5 0 4 1 3 5 2 5 4 2 4 4 4 2 2 1 4 4 2 3 1 4 1 3
2 1 5 3 5 2 2 1 4 4 5 3 4 4 1 3 5 1 3 2 4 5 2 3 4 5 4 3 2 2 4 5 5 1 5 4 4 4 4 2 5 4 2 1 3 2 1 5 0 2 1 5 3 5 1 1 3 2 5 1 5 3 3 3 3 4 3 4 1 5
5 1 1 3 5 3 2 5 4 1 5 4 4 2 4 5 1 5 5 1 5 5 2 5 5 1 3 3 5 1 1 4 1 5 2 1 1 2 3 3 2 3 5 4 1 2 5 4 1 0 4 5 3 3 1 5 3 5 3 5 2 4 4 2 2 5 3 3 1 3
1 4 2 1 4 2 3 2 4 3 4 3 2 1 1 5 3 1 2 1 2 3 5 2 5 2 1 4 1 1 3 2 5 4 5 2 4 3 2 3 1 3 2 3 4 2 5 2 2 1 0 2 1 5 2 2 1 5 4 4 4 4 1 2 3 2 4 2 2 2
1 5 2 5 2 5 4 1 2 2 2 3 4 2 3 3 5 2 5 3 2 2 1 2 2 1 3 3 5 2 3 1 2 1 4 1 2 5 5 2 3 5 1 1 3 1 5 3 2 4 1 0 1 3 5 4 5 2 5 4 2 5 4 3 3 1 4 1 5 1
1 2 1 2 4 4 1 4 2 4 2 5 5 5 3 3 5 1 5 3 2 4 1 5 2 4 5 3 4 5 1 1 4 5 2 2 5 2 2 1 2 1 2 5 5 5 4 5 3 3 1 2 0 3 5 1 3 4 2 4 2 4 5 1 1 3 4 2 4 5
4 4 2 4 5 5 1 2 2 1 4 1 4 2 5 3 1 5 4 4 2 1 3 1 5 5 2 3 2 2 4 3 1 5 4 2 5 2 4 3 3 5 3 5 1 4 2 5 3 5 2 4 3 0 2 4 5 2 2 2 4 1 2 3 2 3 2 2 2 3
4 5 5 2 1 5 5 5 4 2 5 1 3 2 4 1 2 4 1 4 2 4 3 3 3 4 5 1 4 1 4 5 5 2 3 3 2 1 2 5 4 1 3 3 2 2 2 1 2 4 3 3 5 2 0 5 5 3 3 4 1 3 3 1 2 5 1 5 3 5
5 3 1 3 2 1 3 4 4 1 1 3 3 1 1 3 2 2 3 1 3 2 1 4 4 1 2 1 3 5 2 2 4 3 4 4 2 4 4 5 3 5 4 1 1 5 4 2 3 2 5 5 5 4 2 0 2 4 2 2 3 4 1 2 4 2 1 3 3 2
5 4 1 2 2 4 2 2 5 2 1 2 4 4 1 2 5 5 5 2 2 4 2 4 4 2 4 3 3 5 5 2 4 4 5 3 4 2 3 5 5 3 3 4 2 1 5 3 2 5 3 5 4 1 4 3 0 2 4 3 4 2 5 1 5 4 4 1 2 3
3 3 3 3 5 3 2 1 1 2 2 4 3 1 4 2 3 4 5 4 4 4 4 5 1 2 2 1 1 4 3 5 1 3 2 1 4 5 3 3 1 5 1 3 5 2 1 2 1 1 1 2 3 5 1 1 3 0 1 2 3 2 5 4 2 2 3 4 1 3
4 2 4 2 2 1 2 5 1 2 4 2 3 1 5 4 1 3 5 3 1 3 3 3 2 1 1 3 2 1 1 3 3 1 1 2 2 2 1 4 4 4 4 2 4 3 3 3 4 2 4 1 5 5 5 1 1 1 0 4 4 4 2 2 5 2 4 5 5 3
4 2 5 1 1 5 1 1 1 1 5 3 3 3 5 5 2 4 2 4 4 5 2 1 2 4 2 5 5 1 2 5 3 3 1 5 3 5 3 4 1 4 4 5 3 1 3 4 2 3 2 3 3 3 3 2 5 3 4 0 4 2 1 4 3 5 1 5 1 4
3 3 3 4 5 4 4 1 5 5 3 2 3 1 2 3 2 5 3 1 4 4 2 5 2 1 1 3 2 2 3 1 4 2 3 4 4 1 3 1 4 3 5 2 4 4 5 1 2 3 2 5 4 2 2 1 2 1 4 2 0 4 2 2 2 5 2 2 3 5
3 4 1 1 5 3 2 4 3 2 3 5 3 4 1 4 4 1 5 2 4 3 4 2 3 3 2 5 1 4 5 2 2 4 2 3 1 2 1 1 1 5 3 1 2 5 1 2 2 3 5 5 3 5 1 4 4 3 4 3 5 0 5 1 3 1 1 5 4 1
2 4 3 1 1 5 1 3 3 1 3 3 3 3 2 1 2 3 2 2 3 3 3 2 3 3 2 2 1 1 5 4 3 3 5 3 2 2 3 5 1 5 3 4 2 1 2 3 4 3 5 4 3 5 2 4 3 5 3 4 5 3 0 4 1 2 4 5 1 2
4 4 1 1 1 5 2 5 4 2 3 4 1 5 2 1 5 5 1 4 1 1 5 5 4 3 3 1 2 1 3 3 4 5 3 3 2 1 3 3 2 3 5 1 5 5 3 5 3 5 3 1 1 1 2 2 4 4 3 1 3 2 1 0 1 4 5 1 3 3
5 1 5 2 2 3 4 3 1 1 3 4 4 1 4 4 2 3 2 1 5 5 1 5 2 5 3 5 1 1 1 4 5 1 4 5 2 2 3 2 4 1 2 5 4 1 2 5 4 5 2 5 5 3 4 4 2 1 5 4 2 5 3 4 0 3 5 3 2 2
5 4 1 3 3 2 3 3 4 2 4 4 2 5 3 3 4 1 2 5 3 4 5 5 5 5 5 4 3 1 1 2 3 4 4 1 2 2 2 3 1 3 1 3 5 1 4 2 4 2 4 1 1 2 4 3 2 2 4 4 2 5 2 4 4 0 4 5 4 4
3 2 1 4 2 4 5 2 5 1 4 4 4 4 5 3 2 2 5 3 5 5 3 2 5 5 4 5 2 2 4 5 2 5 2 3 1 4 2 2 5 5 3 2 4 5 1 5 5 1 4 2 2 5 1 3 5 1 2 1 5 3 3 3 2 2 0 2 3 4
5 5 1 4 4 5 4 1 2 2 5 3 1 1 3 1 5 3 1 2 5 4 1 3 3 1 5 5 4 3 5 4 5 2 3 3 3 2 5 5 2 2 5 4 2 3 4 4 3 5 1 4 4 2 3 1 1 4 5 3 3 5 1 2 1 3 5 0 3 3
2 3 2 4 1 4 2 4 1 2 2 2 2 1 4 1 2 5 2 5 4 3 2 3 1 5 1 2 3 1 1 1 4 1 3 4 2 5 3 4 3 1 2 1 4 2 5 3 5 1 3 4 2 2 3 3 2 1 1 2 3 5 5 5 3 1 4 3 0 2
4 1 2 1 2 3 2 2 4 2 4 1 4 4 5 4 3 1 1 2 5 3 3 2 2 4 4 1 3 4 1 2 2 5 3 5 4 5 1 3 1 1 3 3 4 4 4 3 5 2 3 1 1 4 5 2 4 1 1 2 1 3 1 4 1 5 1 4 1 0
65 10 38 47 36 22 5 62 25 30 35 19 12 47 27 62 31 63 60 16 65 14 60 30 59 50 28 8 55 14 70 48 47 5 65 39 3 8 70 69 24 10 35 14 8 53 4 44 56 12
31 68 54 56 21 36 49 48 64 46 33 57 61 59 26 28 48 54 39 35 41 9 61 53 64 51 49 65 49 22 12 21 38 58 50 50 27 52 50 14 11 41 31 8 6 60 40 21 13 49
52 27 64 55 33 35 42 11 14 43 58 67 25 24 43 48 25 55 64 62 2 70 19 68 42 64 27 13 9 69 18 37 4 55 32 24 48 2 11 46 70 51 5 18 7 16 10 19 41 15
27 46 9 66 10 55 43 40 53 20 28 49 33 53 46 7 50 20 47 39 9 10 14 25 1 32 44 18 68 15 27 56 23 41 2 28 49 22 38 40 9 35 20 35 39 46 14 36 40 69
18 52 70 65 19 53 67 7 3 29 65 23 64 45 31 69 27 51 69 56 57 13 38 47 43 25 4 53 7 17 5 40 55 18 64 34 15 23 28 45 59 43 18 49 57 41 15 42 2 20
50 63 31 62 32 42 45 51 26 2 43 38 18 1 59 59 45 22 54 49 32 3 42 43 57 9 34 32 1 59 45 22 35 27 29 49 18 46 53 24 7 64 12 17 48 45 33 15 20 46
60 29 1 43 18 25 37 34 45 63 62 7 26 39 29 50 46 11 57 38 55 41 27 39 8 39 12 50 28 46 26 20 68 59 26 11 44 13 17 67 60 2 60 51 12 26 16 39 64 9
6 20 22 64 47 52 4 28 12 11 60 58 36 25 64 30 28 60 63 70 14 18 13 69 4 16 35 25 42 36 62 29 54 57 24 30 31 58 63 52 26 40 10 58 3 40 61 16 39 63
66 54 11 59 43 34 61 66 34 7 38 55 9 57 37 49 2 61 1 42 35 34 59 36 22 35 64 17 45 12 25 27 51 38 70 23 39 21 21 2 3 52 45 37 23 63 3 43 6 68
47 34 49 18 41 70 2 55 15 23 57 50 5 65 47 40 21 46 53 6 39 43 6 61 15 3 8 3 33 13 38 65 52 6 20 2 66 44 4 6 21 19 47 44 67 35 67 58 14 42
9 58 19 13 66 57 19 61 21 12 61 16 2 28 5 60 26 18 37 64 68 30 7 42 32 8 52 41 66 5 10 34 1 66 1 43 11 55 6 59 45 48 68 55 66 64 68 10 27 11
69 2 32 48 12 63 33 3 67 66 15 36 16 26 22 57 16 27 59 67 37 32 9 11 70 46 32 26 38 54 23 44 50 60 11 59 67 69 16 39 47 70 27 20 63 22 58 18 62 52
37 67 10 57 46 32 51 60 42 67 67 2 53 27 61 52 12 41 31 43 22 26 10 28 25 65 37 27 8 41 60 25 20 24 39 45 45 38 43 70 32 18 61 27 51 65 62 17 34 8
19 42 35 60 35 69 35 13 37 55 4 25 39 44 52 15 47 40 28 51 3 8 36 37 19 67 69 35 58 32 44 58 66 14 63 37 54 67 12 23 40 38 49 62 43 31 34 25 54 4
57 55 15 40 37 33 8 44 33 52 53 18 22 19 8 36 68 5 45 66 28 28 33 16 61 27 42 4 6 18 49 7 28 62 66 70 7 30 61 7 51 7 37 32 56 8 36 11 58 38
40 66 36 4 52 12 52 39 56 3 34 9 43 0 16 4 49 37 0 58 0 0 3 65 3 36 67 67 57 10 20 2 11 10 30 60 60 60 30 15 4 54 66 70 41 11 56 70 50 35
55 6 66 31 23 0 32 68 9 0 6 10 48 0 55 54 22 34 0 32 0 0 0 40 65 56 23 0 10 34 0 0 16 16 8 52 6 9 59 58 0 30 59 19 37 24 43 66 22 19
68 11 0 33 45 0 18 6 19 0 25 0 32 0 4 32 0 13 0 0 0 0 0 63 35 21 18 0 0 0 0 0 44 37 59 47 0 68 26 0 0 68 69 46 42 4 5 1 38 50
5 23 0 51 1 0 3 0 13 0 30 0 50 0 12 29 0 0 0 0 0 0 0 29 26 60 20 0 0 0 0 0 56 67 4 25 0 36 0 0 0 37 6 25 4 12 44 9 68 34
56 51 0 5 53 0 0 0 52 0 41 0 13 0 34 11 0 0 0 0 0 0 0 7 58 12 47 0 0 0 0 0 59 0 14 0 0 14 0 0 0 67 0 2 61 0 54 13 32 28
33 7 0 0 24 0 0 0 27 0 0 0 31 0 63 0 0 0 0 0 0 0 0 44 45 1 50 0 0 0 0 0 60 0 37 0 0 61 0 0 0 3 0 47 2 0 47 8 36 29
10 37 0 0 2 0 0 0 0 0 0 0 0 0 53 0 0 0 0 0 0 0 0 64 33 0 0 0 0 0 0 0 12 0 3 0 0 25 0 0 0 0 0 43 69 0 12 6 35 21
44 36 0 0 62 0 0 0 0 0 0 0 0 0 9 0 0 0 0 0 0 0 0 0 0 0 0 0 0 0 0 0 24 0 55 0 0 15 0 0 0 0 0 0 0 0 22 20 55 62
0 0 0 0 0 0 0 0 0 0 0 0 0 0 65 0 0 0 0 0 0 0 0 0 0 0 0 0 0 0 0 0 29 0 57 0 0 66 0 0 0 0 0 0 0 0 13 67 8 0
0 0 0 0 0 0 0 0 0 0 0 0 0 0 49 0 0 0 0 0 0 0 0 0 0 0 0 0 0 0 0 0 0 0 38 0 0 0 0 0 0 0 0 0 0 0 0 0 0 0
0 0 0 0 0 0 0 0 0 0 0 0 0 0 0 0 0 0 0 0 0 0 0 0 0 0 0 0 0 0 0 0 0 0 0 0 0 0 0 0 0 0 0 0 0 0 0 0 0 0
0 0 0 0 0 0 0 0 0 0 0 0 0 0 0 0 0 0 0 0 0 0 0 0 0 0 0 0 0 0 0 0 0 0 0 0 0 0 0 0 0 0 0 0 0 0 0 0 0 0
0 0 0 0 0 0 0 0 0 0 0 0 0 0 0 0 0 0 0 0 0 0 0 0 0 0 0 0 0 0 0 0 0 0 0 0 0 0 0 0 0 0 0 0 0 0 0 0 0 0
0 0 0 0 0 0 0 0 0 0 0 0 0 0 0 0 0 0 0 0 0 0 0 0 0 0 0 0 0 0 0 0 0 0 0 0 0 0 0 0 0 0 0 0 0 0 0 0 0 0
0 0 0 0 0 0 0 0 0 0 0 0 0 0 0 0 0 0 0 0 0 0 0 0 0 0 0 0 0 0 0 0 0 0 0 0 0 0 0 0 0 0 0 0 0 0 0 0 0 0
0 0 0 0 0 0 0 0 0 0 0 0 0 0 0 0 0 0 0 0 0 0 0 0 0 0 0 0 0 0 0 0 0 0 0 0 0 0 0 0 0 0 0 0 0 0 0 0 0 0
0 0 0 0 0 0 0 0 0 0 0 0 0 0 0 0 0 0 0 0 0 0 0 0 0 0 0 0 0 0 0 0 0 0 0 0 0 0 0 0 0 0 0 0 0 0 0 0 0 0
0 0 0 0 0 0 0 0 0 0 0 0 0 0 0 0 0 0 0 0 0 0 0 0 0 0 0 0 0 0 0 0 0 0 0 0 0 0 0 0 0 0 0 0 0 0 0 0 0 0
0 0 0 0 0 0 0 0 0 0 0 0 0 0 0 0 0 0 0 0 0 0 0 0 0 0 0 0 0 0 0 0 0 0 0 0 0 0 0 0 0 0 0 0 0 0 0 0 0 0
0 0 0 0 0 0 0 0 0 0 0 0 0 0 0 0 0 0 0 0 0 0 0 0 0 0 0 0 0 0 0 0 0 0 0 0 0 0 0 0 0 0 0 0 0 0 0 0 0 0
