50 70 40 15 25
4
3
5
2
2
5
3
2
2
4
1
3
4
3
2
5
4
5
1
1
1
1
2
4
5
3
4
2
4
1
5
3
5
4
2
5
1
4
4
4
4
1
4
5
5
5
3
1
3
3
4
5
5
3
5
2
3
1
4
5
2
3
3
1
5
3
5
1
4
3
0 5 1 5 5 3 3 4 3 3 4 1 4 4 2 4 5 2 3 5 4 4 5 2 1 4 3 2 2 5 2 2 3 2 4 3 4 4 2 3 4 4 1 1 1 2 3 2 3 1 5 1 4 4 3 2 5 3 5 4 1 2 2 3 1 1 2 4 1 3
2 0 1 1 3 2 4 4 1 3 4 1 4 3 1 1 3 2 1 4 4 4 2 2 4 4 1 1 1 5 3 4 5 3 2 2 2 1 2 5 5 1 3 3 2 2 3 4 5 5 1 5 3 1 1 1 2 5 5 3 5 4 3 4 3 3 4 5 1 2
2 5 0 1 3 2 5 4 5 1 1 1 5 3 3 2 3 1 4 5 3 5 5 1 4 4 4 4 1 2 5 1 5 2 1 2 1 5 2 1 3 3 2 1 5 2 2 2 2 5 5 3 4 2 1 4 3 2 5 1 5 1 5 4 2 5 5 5 3 4
4 3 1 0 5 4 5 5 5 1 4 4 2 4 2 2 2 2 3 1 4 5 5 1 5 5 3 1 1 4 1 5 3 2 5 4 4 2 4 4 3 2 3 2 5 2 3 4 2 4 4 5 3 1 3 2 2 3 2 5 1 5 3 5 2 3 5 3 5 1
4 2 3 1 0 5 2 4 5 2 3 1 3 4 3 2 2 3 1 1 1 5 4 2 5 1 4 2 2 1 5 3 1 5 2 4 3 1 5 4 5 4 5 3 2 2 1 5 5 1 3 3 2 1 3 2 1 4 1 2 3 1 2 2 4 3 2 1 2 2
5 2 2 4 4 0 5 1 3 3 1 5 4 5 2 5 4 4 2 5 5 4 5 3 1 5 1 5 3 3 1 2 5 1 4 3 1 3 1 5 4 4 4 5 1 4 1 4 1 3 3 5 3 5 1 2 4 3 4 3 4 2 5 1 5 3 3 2 3 4
3 2 4 1 2 2 0 3 5 5 3 1 1 5 5 5 5 5 2 3 1 1 2 1 5 1 5 1 3 1 4 1 4 4 4 2 4 2 4 3 1 1 2 2 5 1 3 2 3 1 4 3 5 5 3 4 4 4 1 4 5 5 2 2 5 4 5 2 3 4
4 5 3 2 5 1 2 0 2 3 5 4 4 4 2 5 4 2 1 3 3 3 2 5 3 1 2 4 5 2 4 3 2 1 4 1 3 2 3 2 2 1 1 1 2 1 3 2 5 4 1 5 3 5 4 2 2 2 3 3 5 3 3 4 2 5 3 5 1 3
5 4 5 2 3 1 3 5 0 3 2 5 5 5 4 5 5 1 1 4 2 3 5 2 2 5 4 2 2 1 4 2 5 2 1 5 3 1 5 3 4 4 2 2 2 5 1 4 5 1 1 2 3 5 2 4 4 5 5 1 1 1 3 2 1 3 5 2 4 3
5 3 4 1 4 5 4 2 4 0 2 1 4 2 4 4 2 1 2 1 5 4 4 5 5 5 2 5 5 3 5 4 4 5 1 4 5 3 1 5 4 1 2 2 1 5 4 1 2 3 5 1 1 3 3 2 4 2 3 2 4 2 2 3 2 2 1 5 5 4
1 5 1 3 3 2 1 5 1 4 0 4 5 2 5 5 4 1 2 1 4 5 2 2 5 3 2 2 5 3 1 5 4 4 2 5 5 5 1 3 1 1 2 5 3 3 5 3 5 5 1 4 3 2 2 2 5 1 2 4 1 5 1 2 1 2 2 2 3 5
1 4 2 1 1 5 1 3 1 2 3 0 5 5 4 3 4 5 3 4 1 4 2 4 3 4 2 5 4 1 5 1 2 3 1 4 1 3 5 5 3 1 1 4 5 2 2 4 1 5 1 1 4 1 1 2 3 5 1 2 4 2 4 4 4 2 2 1 4 2
5 5 5 3 3 1 3 5 1 1 3 4 0 5 5 2 4 1 2 3 5 1 3 3 4 5 5 3 1 4 3 2 5 4 3 2 3 2 5 4 5 2 2 1 1 1 2 1 1 5 2 4 2 5 4 3 5 5 4 4 3 3 4 5 3 1 1 2 3 3
2 2 2 5 3 3 3 5 3 2 1 2 1 0 5 2 3 1 1 2 4 1 3 4 4 5 4 1 4 5 1 5 4 3 4 1 4 3 4 4 2 5 2 2 3 4 5 1 5 3 4 4 4 1 1 2 3 1 1 4 5 5 3 1 2 4 1 2 4 5
2 3 3 1 1 5 3 5 1 3 5 1 1 1 0 2 1 2 3 1 5 4 5 1 4 3 2 2 3 4 4 2 1 5 5 2 3 2 5 3 5 1 1 2 5 3 1 4 2 2 3 4 1 3 5 4 1 4 2 5 2 1 4 1 2 1 5 4 3 3
3 5 5 3 2 3 1 3 2 5 2 2 3 1 5 0 5 1 5 1 5 3 2 4 5 3 1 4 1 1 2 3 3 3 2 1 4 4 1 4 2 5 3 4 1 1 5 4 3 1 3 4 3 3 1 4 1 3 5 4 5 3 4 5 1 4 4 2 3 5
5 5 4 5 1 1 3 1 2 3 2 2 1 5 3 2 0 2 4 1 5 5 4 2 2 5 3 4 1 5 4 1 3 4 5 2 4 4 2 3 3 4 3 3 3 1 5 5 1 1 3 5 3 2 3 1 2 2 5 1 2 4 1 3 4 4 2 1 1 4
2 2 4 5 4 5 2 1 2 5 1 2 1 4 1 2 1 0 3 5 2 2 3 4 2 4 4 4 3 5 5 1 1 5 1 1 1 1 4 5 3 4 1 3 2 5 5 3 1 4 2 3 1 4 2 4 3 5 3 5 2 5 5 3 3 5 3 2 4 3
2 1 4 5 2 4 2 3 3 3 5 5 1 5 1 1 5 3 0 2 4 5 4 3 4 4 1 4 2 2 5 5 1 4 5 4 3 2 4 2 4 2 4 4 3 3 3 4 3 3 5 2 3 1 3 1 4 3 4 2 2 3 5 5 1 4 4 2 3 3
5 1 5 5 1 4 3 5 3 4 2 2 3 5 5 2 5 3 3 0 1 2 2 3 4 3 3 1 3 1 5 4 1 5 3 1 3 3 2 2 5 3 5 3 5 3 4 2 5 3 3 2 3 3 5 1 1 2 5 1 1 5 5 5 1 4 3 3 1 2
1 3 2 5 4 5 1 2 2 5 5 4 2 1 1 4 3 5 2 1 0 4 3 4 2 3 1 5 1 2 1 5 3 3 2 2 1 3 4 5 2 4 2 1 5 4 3 4 2 3 2 5 3 2 5 4 5 3 5 2 2 2 4 4 2 5 1 3 5 5
3 4 1 5 2 3 3 1 5 4 5 4 5 3 3 1 1 1 3 2 1 0 1 3 5 2 3 1 4 5 3 2 2 2 4 3 5 3 3 2 3 2 3 1 5 2 4 1 4 3 4 1 4 5 3 5 1 4 4 4 1 1 5 3 5 3 1 1 2 2
1 2 5 4 5 1 5 3 5 4 4 5 4 1 5 2 1 4 1 4 1 5 0 1 5 1 3 5 1 1 2 4 2 4 2 2 1 3 4 1 1 2 3 3 5 2 5 2 5 5 3 1 2 1 2 4 4 3 3 1 3 5 3 1 4 5 2 4 4 1
5 1 2 1 5 4 5 3 5 5 2 3 2 5 1 1 4 5 4 1 5 4 2 0 5 5 3 5 2 1 1 5 1 1 1 1 2 1 5 3 5 1 3 1 5 1 5 4 3 5 1 5 3 5 3 1 4 3 4 5 5 2 2 5 2 3 5 1 1 1
2 2 4 1 5 3 1 1 4 2 2 3 3 1 5 5 5 4 3 4 2 4 5 2 0 1 4 5 4 5 1 2 2 3 3 3 1 4 2 4 1 1 1 3 4 2 3 4 2 4 2 5 5 4 2 1 4 2 3 3 3 4 1 4 2 2 1 5 5 5
5 2 5 2 1 5 4 1 4 3 1 2 4 2 3 3 3 1 2 5 2 1 3 2 3 0 1 5 4 3 4 3 1 3 4 2 3 2 2 1 4 3 1 1 5 1 1 4 5 3 4 4 5 5 4 3 5 2 5 2 5 1 5 3 1 1 5 2 2 4
3 3 5 2 1 4 3 4 4 4 2 2 4 2 3 2 3 2 2 4 3 1 1 3 3 2 0 4 4 4 3 2 4 3 2 3 4 4 5 4 4 4 5 1 3 3 4 5 2 2 2 5 3 1 5 4 5 1 1 3 4 5 3 3 2 1 4 4 5 1
2 3 1 2 5 5 4 5 4 2 2 3 4 2 4 2 3 1 4 5 3 2 5 3 2 4 1 0 3 1 5 2 1 2 5 3 4 2 1 3 1 3 1 3 2 2 5 1 1 3 1 5 5 2 1 2 1 3 3 5 4 5 3 4 3 4 3 3 5 4
2 4 5 4 3 3 2 4 5 3 1 4 2 5 4 4 1 5 3 1 5 3 1 1 3 5 3 3 0 5 3 4 3 1 5 3 2 5 4 3 3 5 2 1 2 5 1 4 5 5 4 3 5 1 1 2 3 1 5 2 5 4 1 2 1 4 3 5 4 3
4 3 5 1 3 2 3 4 5 3 3 1 5 3 5 5 3 4 4 3 2 4 4 3 1 4 5 4 4 0 3 3 3 2 5 5 4 1 2 4 1 3 4 4 1 3 5 4 2 4 5 1 2 5 3 2 3 3 3 5 3 5 4 3 1 1 1 3 2 3
1 5 3 1 3 1 4 1 2 5 3 1 5 2 2 2 4 3 3 1 1 4 2 1 3 3 2 1 4 2 0 3 4 1 1 3 2 1 1 4 1 5 5 3 1 2 3 3 5 1 2 3 4 1 3 3 3 5 2 4 1 2 4 2 5 1 3 2 3 5
4 1 1 5 5 5 2 5 4 2 4 1 2 1 3 2 4 1 1 3 5 1 3 4 4 3 2 3 1 1 4 0 5 1 5 1 2 1 3 1 5 5 2 5 4 3 3 5 4 5 3 3 3 3 4 3 4 5 3 4 3 4 1 1 1 2 1 4 3 4
2 2 3 1 5 5 5 1 1 3 5 4 3 1 4 5 3 3 1 3 2 4 5 5 5 5 3 2 2 3 3 1 0 2 4 5 4 3 3 1 5 2 2 1 2 5 4 4 2 1 4 1 3 4 1 1 2 5 2 2 1 2 4 5 1 3 3 1 4 4
3 2 3 4 3 2 5 2 3 2 3 2 2 3 4 2 4 5 5 2 1 3 1 5 1 5 4 3 2 4 4 2 1 0 3 5 4 4 3 2 3 1 3 2 2 3 5 5 4 1 2 1 3 2 2 3 5 1 1 1 1 1 2 5 4 4 3 3 1 4
5 1 3 1 3 1 1 5 3 5 3 3 3 3 2 4 1 1 2 1 1 5 1 4 2 5 2 3 4 2 4 5 2 2 0 1 3 4 1 1 5 2 3 1 2 1 2 1 4 2 2 2 3 4 5 5 3 2 1 2 5 1 4 1 5 1 4 5 2 1
5 5 3 2 5 2 3 2 1 4 2 5 5 4 2 1 4 1 4 5 1 5 1 1 4 5 2 3 4 3 4 3 4 4 2 0 3 4 4 3 3 2 3 2 5 1 3 1 5 4 2 5 3 3 5 2 4 1 4 5 4 5 3 1 4 3 2 5 1 2
4 4 5 4 4 5 4 2 2 3 4 3 2 2 3 2 4 2 3 4 4 3 2 3 1 1 1 1 3 2 2 5 1 5 3 1 0 5 5 2 5 1 2 1 4 3 3 1 3 3 1 1 5 2 3 1 4 4 2 5 2 2 4 3 4 2 4 2 3 2
3 3 3 4 4 4 1 1 5 3 5 1 4 5 3 1 5 1 5 3 5 5 5 2 3 3 1 3 5 1 3 3 4 1 2 3 4 0 3 2 3 1 5 4 2 1 4 3 2 4 5 2 5 1 5 2 1 3 4 3 5 1 4 1 2 1 4 2 1 2
3 5 3 1 1 1 3 1 5 5 4 1 4 2 1 4 2 1 5 4 5 1 1 4 3 5 5 3 4 3 1 2 5 1 4 4 5 2 0 2 2 1 1 3 4 5 3 2 3 4 4 5 5 5 1 5 1 4 5 3 3 1 2 5 4 4 1 5 3 4
3 4 3 5 1 3 4 4 3 3 3 5 5 5 2 2 4 4 2 2 4 2 1 1 4 5 3 5 4 5 4 3 1 4 5 5 2 1 5 0 5 1 5 2 2 5 4 5 2 3 1 5 4 4 4 2 2 2 1 2 3 4 5 1 3 4 5 4 2 2
4 2 2 4 2 1 4 5 3 2 4 1 1 3 4 4 5 5 1 5 2 2 5 5 1 2 3 3 5 4 2 2 2 4 5 5 5 2 5 5 0 1 2 3 2 1 1 1 1 2 4 3 5 3 4 3 2 2 1 1 2 5 3 1 2 2 3 1 4 3
4 1 1 1 5 1 2 5 3 2 1 4 3 3 4 4 2 5 1 2 4 2 5 3 1 4 2 3 1 2 4 1 5 3 3 1 5 1 1 1 1 0 2 4 4 4 1 5 5 5 3 1 5 4 1 1 4 3 1 5 4 5 5 4 4 4 4 1 3 1
4 5 5 3 4 1 3 3 4 5 2 3 5 5 1 4 3 3 3 5 5 3 3 2 4 5 1 4 3 1 2 4 2 4 3 1 1 1 2 1 3 2 0 2 2 3 5 3 5 2 5 5 2 4 3 2 4 5 1 4 2 1 1 3 3 2 1 1 1 4
1 5 5 2 3 4 1 2 4 4 3 4 3 4 2 3 4 2 1 1 1 1 2 1 5 2 1 2 5 1 3 5 1 1 4 4 5 1 4 2 3 3 4 0 1 3 2 2 3 1 3 1 5 3 3 2 2 2 5 2 3 4 2 1 5 5 4 3 4 5
2 1 5 2 4 5 4 5 4 1 1 3 4 4 3 2 2 2 2 1 3 4 3 4 3 1 4 3 5 3 3 5 5 2 2 2 3 5 5 2 5 3 4 2 0 5 2 2 4 3 5 1 3 3 1 2 1 2 5 1 4 3 1 5 1 3 2 2 5 4
3 5 1 1 5 1 4 5 4 3 4 3 3 4 1 1 3 3 5 3 2 4 1 5 3 5 4 5 2 1 5 5 5 3 3 3 3 2 2 3 4 4 3 1 4 0 3 3 2 1 3 2 4 4 2 3 5 1 5 5 5 4 2 4 2 5 1 2 1 4
1 4 1 5 2 2 5 3 1 1 5 3 3 3 5 1 4 2 1 2 1 3 1 4 3 4 2 1 1 4 5 3 3 3 4 2 2 3 2 5 4 1 5 1 1 3 0 1 5 1 5 4 2 4 5 5 1 3 3 4 2 1 5 3 5 2 5 1 1 3
5 1 4 3 1 5 5 5 3 5 1 5 1 3 3 5 4 4 5 1 4 1 4 1 1 2 4 5 5 1 1 4 2 5 1 4 3 2 1 2 3 5 1 1 4 2 5 0 3 4 2 1 1 2 1 4 2 4 4 2 4 2 1 2 3 3 2 5 1 1
3 5 3 4 5 4 4 3 2 4 3 3 3 4 3 4 1 5 5 2 3 5 3 5 4 1 5 3 2 2 1 4 3 4 3 2 3 1 4 1 3 3 2 3 2 3 4 4 0 1 2 5 3 5 1 2 5 2 3 2 2 5 3 2 1 3 3 2 2 5
5 2 2 1 1 3 3 3 1 1 3 2 3 3 2 3 5 5 5 2 2 4 1 5 3 5 3 3 3 1 5 3 3 1 5 4 4 3 5 4 5 4 3 2 3 3 3 5 4 0 4 1 4 2 5 1 5 5 5 1 5 3 2 4 2 1 3 5 2 1
5 3 2 4 1 3 4 1 4 1 1 2 4 2 3 2 4 3 5 1 4 3 2 5 3 4 4 3 4 5 2 5 5 3 3 3 1 1 3 2 2 5 1 3 3 1 3 4 2 4 0 5 3 3 5 2 3 1 1 2 5 1 5 3 3 1 3 4 4 3
2 3 3 5 3 4 5 1 2 4 1 3 5 4 2 3 2 1 1 3 5 4 1 3 5 1 1 2 3 4 5 5 3 1 3 1 3 5 5 4 4 2 4 1 3 1 4 1 4 1 5 0 3 1 4 4 4 4 2 4 2 1 1 2 4 3 1 1 2 3
4 5 4 2 3 1 1 2 3 5 2 2 2 1 5 1 1 3 5 2 3 3 2 1 1 3 1 5 4 2 5 5 2 1 3 1 3 3 3 2 1 1 4 2 3 1 5 3 1 4 2 3 0 1 1 2 3 3 3 2 3 2 2 3 1 2 3 1 3 3
4 1 2 3 3 5 5 2 2 5 3 2 2 2 2 1 2 4 2 4 4 4 5 5 1 1 4 1 5 2 4 4 4 5 2 1 5 5 5 3 4 4 1 4 3 2 4 1 3 4 3 1 2 0 4 1 4 3 2 4 4 2 3 5 5 1 2 1 4 1
2 3 1 3 3 4 4 1 4 1 5 4 1 1 3 3 4 2 4 4 2 4 1 2 3 5 5 1 1 5 2 2 2 4 5 1 5 5 4 4 3 1 3 1 5 3 5 3 4 4 3 5 1 3 0 3 5 1 4 2 2 2 4 5 2 5 1 4 5 2
2 2 1 5 4 3 5 3 1 4 3 1 4 1 5 3 5 5 2 2 5 1 1 4 4 3 4 5 5 4 4 2 3 2 3 2 1 3 5 2 2 4 5 3 4 1 3 4 1 4 5 1 3 1 4 0 2 2 1 5 5 2 4 4 2 5 4 5 2 1
2 3 1 1 4 1 3 2 4 3 4 5 4 5 4 4 4 2 2 1 2 1 4 4 1 3 1 2 2 5 2 5 1 1 4 3 1 4 2 4 5 4 3 3 1 1 3 5 4 4 1 4 5 4 4 4 0 4 5 2 1 1 2 3 1 4 4 2 5 4
3 2 4 4 3 3 5 2 2 4 4 5 3 1 5 1 5 2 1 4 5 5 3 3 2 3 2 2 5 3 1 1 5 2 5 1 2 2 5 4 3 2 5 3 4 4 2 1 4 5 4 4 2 4 5 5 1 0 2 5 5 4 3 3 2 4 4 2 1 4
5 5 4 4 5 1 3 3 5 5 2 5 2 2 3 2 2 2 3 3 2 3 1 5 1 4 5 5 2 4 4 3 5 5 3 1 4 1 2 3 4 1 2 3 4 5 4 5 5 4 1 5 2 4 1 4 3 4 0 1 3 5 1 3 2 3 3 2 1 2
4 5 3 3 4 1 4 2 5 5 5 2 2 5 1 3 5 4 2 4 2 1 2 5 5 3 3 2 3 3 4 5 4 3 2 5 3 2 2 2 2 4 4 3 2 1 4 2 2 3 3 4 5 3 4 4 2 3 1 0 3 3 2 4 4 5 1 3 2 5
5 5 3 5 2 1 2 2 4 3 5 3 5 3 4 5 5 1 2 4 3 4 4 4 1 2 4 2 5 2 4 5 3 5 5 1 4 4 4 5 5 4 3 4 3 2 4 5 1 2 4 4 4 5 5 1 5 3 5 4 0 3 5 4 2 2 4 5 3 4
3 2 5 5 2 1 4 5 3 4 3 5 2 2 2 3 3 5 5 5 3 1 1 3 3 5 2 3 1 4 4 5 4 3 2 1 2 4 3 3 4 4 5 2 3 4 3 2 2 1 4 3 2 3 2 1 1 2 2 3 4 0 1 3 2 1 4 3 3 5
5 4 5 2 5 1 1 2 5 2 5 4 3 3 1 2 2 5 2 1 1 5 3 1 5 5 4 5 5 4 2 3 5 3 3 5 1 3 3 4 4 5 1 2 1 1 1 1 2 1 3 3 2 3 4 5 3 3 4 3 5 1 0 1 5 3 2 5 2 4
2 4 5 1 5 2 1 3 4 1 3 3 2 2 4 2 2 5 2 2 5 2 4 1 2 1 2 5 1 2 3 2 1 4 5 3 2 1 4 2 3 5 2 4 1 4 5 3 4 2 3 4 5 3 1 3 4 5 4 4 2 5 5 0 5 2 2 2 4 4
1 1 5 2 1 1 5 5 4 5 3 1 3 4 1 1 4 2 4 5 5 3 1 2 5 3 1 3 4 5 5 2 5 2 3 2 4 5 5 4 2 3 1 3 1 4 2 4 5 3 1 3 2 3 5 1 2 2 2 3 3 3 4 4 0 4 2 4 3 3
5 3 2 4 5 4 5 5 4 3 3 3 2 2 1 5 5 1 2 2 1 5 3 4 2 2 3 5 4 2 4 3 5 5 1 1 5 4 2 1 1 2 1 2 4 1 4 4 3 2 4 2 4 5 4 1 4 1 1 3 3 4 3 4 1 0 2 2 4 3
5 2 4 1 5 2 2 5 1 3 2 2 1 4 3 4 1 2 5 2 1 2 3 1 3 3 4 1 3 2 4 1 4 3 5 3 5 4 4 5 4 3 3 1 1 5 4 5 4 1 5 5 1 5 4 2 1 2 5 5 2 5 4 2 3 1 0 1 1 3
1 3 2 3 2 3 2 5 3 3 1 4 4 1 2 5 5 1 1 4 5 1 3 5 3 2 4 3 2 2 1 1 1 5 5 5 4 1 1 5 3 1 3 1 2 3 3 5 1 5 1 1 4 4 3 5 1 4 5 1 3 5 4 3 1 2 4 0 2 4
5 3 3 3 4 5 1 3 5 4 5 1 5 5 1 5 4 5 1 1 2 4 2 1 2 5 4 3 1 1 3 4 2 1 4 2 1 3 5 2 2 1 1 4 3 1 2 1 2 2 1 3 2 4 5 4 1 2 3 4 1 2 4 3 2 5 5 4 0 3
1 1 3 5 1 5 2 4 5 1 5 4 1 1 1 5 2 2 2 1 2 5 4 3 1 3 4 3 4 3 3 3 2 5 1 4 5 1 5 5 5 4 1 5 5 5 2 5 4 5 3 5 4 2 3 1 2 3 5 4 5 1 2 5 5 1 2 3 2 0
58 31 18 18 56 46 3 58 63 48 42 2 62 28 8 51 57 50 37 58 38 69 48 27 25 40 5 47 3 13 37 68 30 64 35 54 11 40 36 47 40 56 20 57 51 37 17 54 68 68
63 16 35 43 61 32 11 66 5 26 40 60 36 32 58 32 53 19 35 33 49 57 63 47 59 22 28 62 21 51 21 4 24 19 66 10 15 46 10 46 1 52 63 44 58 50 67 1 56 17
9 58 48 33 27 30 42 70 45 62 59 55 65 21 57 35 26 11 49 1 68 36 28 26 35 12 29 36 68 26 58 57 61 25 7 27 65 22 8 68 53 58 10 48 46 2 4 39 23 70
62 23 60 24 67 43 47 1 30 45 63 61 43 6 38 55 15 9 33 36 20 37 5 42 57 42 62 48 14 57 57 52 35 55 27 38 6 2 52 70 57 62 55 28 43 29 58 68 42 6
42 54 64 55 62 7 22 22 22 15 37 25 64 41 7 41 69 70 41 7 28 50 35 4 40 66 9 11 66 49 4 58 36 51 58 45 58 52 60 1 61 46 57 47 29 48 34 36 48 32
7 38 36 39 22 1 50 43 36 63 50 21 16 25 32 45 62 1 59 56 31 1 31 33 38 68 15 69 8 38 5 56 45 23 59 35 47 53 26 19 65 12 8 64 44 64 40 29 3 55
18 26 9 36 39 10 44 67 47 1 22 39 44 34 29 3 21 29 26 38 69 66 20 12 32 17 7 35 56 12 15 28 37 38 60 57 57 59 9 31 33 39 67 17 12 41 1 13 30 51
35 47 10 58 9 4 61 8 54 40 67 26 19 19 28 67 43 62 24 22 52 17 1 34 27 25 31 43 52 61 23 21 70 13 23 46 13 20 20 26 18 40 23 36 25 13 14 64 54 11
60 8 16 70 64 62 70 17 42 64 64 35 42 35 13 70 28 64 21 49 7 27 43 61 33 5 17 3 2 17 63 9 54 67 16 9 29 55 23 17 7 30 11 40 55 39 18 55 40 35
59 1 52 47 4 21 9 4 64 25 62 28 67 55 61 24 51 24 64 31 11 28 10 8 11 67 19 50 69 67 43 24 8 60 56 33 67 62 62 11 31 17 59 1 22 51 38 63 45 1
10 40 62 46 19 19 24 40 46 7 65 63 5 39 51 49 47 67 19 34 22 63 64 50 6 63 56 45 34 14 35 44 13 56 48 29 64 8 14 45 36 9 51 50 40 24 7 17 35 52
70 37 49 23 14 55 45 29 14 28 8 67 68 62 22 18 10 3 44 59 4 4 66 31 15 58 55 8 40 23 41 61 4 50 1 2 40 26 38 54 46 21 35 54 38 6 20 51 67 40
56 63 15 68 70 52 39 16 24 11 14 45 13 2 54 30 50 63 60 28 65 54 32 36 10 24 26 31 67 6 42 18 21 40 25 53 36 13 30 35 5 34 1 30 42 49 8 61 52 13
28 17 53 5 58 45 13 33 48 35 48 4 39 29 11 37 70 16 10 2 67 11 55 66 53 36 21 19 16 37 2 69 22 35 42 70 8 31 13 5 38 19 16 12 9 58 41 15 28 2
45 30 20 4 16 28 27 11 33 18 45 24 48 23 47 11 29 69 30 6 10 58 49 41 18 9 60 58 53 11 53 15 68 44 19 21 54 44 69 34 29 24 40 25 61 68 37 57 10 23
0 36 11 30 50 59 46 3 25 37 35 32 0 10 3 16 49 12 27 13 0 51 59 64 70 21 50 0 26 3 18 66 44 46 44 42 61 36 11 7 10 7 48 20 54 45 28 62 55 44
0 29 0 0 51 57 4 63 57 8 41 58 0 42 65 26 32 55 3 42 0 21 16 22 23 56 45 0 32 40 10 13 48 9 46 22 37 6 58 13 0 32 14 19 7 16 65 40 12 41
0 65 0 0 26 8 62 14 9 67 12 3 0 37 56 12 0 36 52 61 0 64 22 17 1 0 43 0 22 0 22 63 46 36 61 66 44 29 70 50 0 35 50 2 30 15 25 53 2 37
0 50 0 0 5 6 16 9 0 0 32 22 0 0 18 36 0 20 36 12 0 30 0 19 24 0 59 0 30 0 61 27 63 0 57 11 22 68 40 29 0 26 28 0 41 21 66 42 59 60
0 45 0 0 68 47 36 35 0 0 0 15 0 0 40 53 0 13 23 63 0 15 0 45 36 0 0 0 9 0 56 0 5 0 62 15 68 0 53 33 0 54 47 0 62 65 55 37 0 33
0 61 0 0 66 9 0 26 0 0 0 16 0 0 49 62 0 0 34 0 0 39 0 67 34 0 0 0 4 0 70 0 31 0 11 65 70 0 28 36 0 28 7 0 70 38 2 59 0 14
0 57 0 0 7 33 0 0 0 0 0 33 0 0 6 0 0 0 6 0 0 20 0 48 17 0 0 0 43 0 48 0 7 0 49 6 27 0 55 3 0 37 37 0 28 59 64 5 0 67
0 28 0 0 34 27 0 0 0 0 0 23 0 0 0 0 0 0 66 0 0 52 0 0 0 0 0 0 0 0 0 0 0 0 0 48 35 0 45 41 0 0 27 0 20 67 69 0 0 0
0 0 0 0 0 42 0 0 0 0 0 54 0 0 0 0 0 0 47 0 0 0 0 0 0 0 0 0 0 0 0 0 0 0 0 0 0 0 3 62 0 0 13 0 48 62 12 0 0 0
0 0 0 0 0 0 0 0 0 0 0 14 0 0 0 0 0 0 0 0 0 0 0 0 0 0 0 0 0 0 0 0 0 0 0 0 0 0 0 38 0 0 26 0 0 25 11 0 0 0
0 0 0 0 0 0 0 0 0 0 0 0 0 0 0 0 0 0 0 0 0 0 0 0 0 0 0 0 0 0 0 0 0 0 0 0 0 0 0 0 0 0 0 0 0 0 0 0 0 0
0 0 0 0 0 0 0 0 0 0 0 0 0 0 0 0 0 0 0 0 0 0 0 0 0 0 0 0 0 0 0 0 0 0 0 0 0 0 0 0 0 0 0 0 0 0 0 0 0 0
0 0 0 0 0 0 0 0 0 0 0 0 0 0 0 0 0 0 0 0 0 0 0 0 0 0 0 0 0 0 0 0 0 0 0 0 0 0 0 0 0 0 0 0 0 0 0 0 0 0
0 0 0 0 0 0 0 0 0 0 0 0 0 0 0 0 0 0 0 0 0 0 0 0 0 0 0 0 0 0 0 0 0 0 0 0 0 0 0 0 0 0 0 0 0 0 0 0 0 0
0 0 0 0 0 0 0 0 0 0 0 0 0 0 0 0 0 0 0 0 0 0 0 0 0 0 0 0 0 0 0 0 0 0 0 0 0 0 0 0 0 0 0 0 0 0 0 0 0 0
0 0 0 0 0 0 0 0 0 0 0 0 0 0 0 0 0 0 0 0 0 0 0 0 0 0 0 0 0 0 0 0 0 0 0 0 0 0 0 0 0 0 0 0 0 0 0 0 0 0
0 0 0 0 0 0 0 0 0 0 0 0 0 0 0 0 0 0 0 0 0 0 0 0 0 0 0 0 0 0 0 0 0 0 0 0 0 0 0 0 0 0 0 0 0 0 0 0 0 0
0 0 0 0 0 0 0 0 0 0 0 0 0 0 0 0 0 0 0 0 0 0 0 0 0 0 0 0 0 0 0 0 0 0 0 0 0 0 0 0 0 0 0 0 0 0 0 0 0 0
0 0 0 0 0 0 0 0 0 0 0 0 0 0 0 0 0 0 0 0 0 0 0 0 0 0 0 0 0 0 0 0 0 0 0 0 0 0 0 0 0 0 0 0 0 0 0 0 0 0
0 0 0 0 0 0 0 0 0 0 0 0 0 0 0 0 0 0 0 0 0 0 0 0 0 0 0 0 0 0 0 0 0 0 0 0 0 0 0 0 0 0 0 0 0 0 0 0 0 0
0 0 0 0 0 0 0 0 0 0 0 0 0 0 0 0 0 0 0 0 0 0 0 0 0 0 0 0 0 0 0 0 0 0 0 0 0 0 0 0 0 0 0 0 0 0 0 0 0 0
0 0 0 0 0 0 0 0 0 0 0 0 0 0 0 0 0 0 0 0 0 0 0 0 0 0 0 0 0 0 0 0 0 0 0 0 0 0 0 0 0 0 0 0 0 0 0 0 0 0
0 0 0 0 0 0 0 0 0 0 0 0 0 0 0 0 0 0 0 0 0 0 0 0 0 0 0 0 0 0 0 0 0 0 0 0 0 0 0 0 0 0 0 0 0 0 0 0 0 0
0 0 0 0 0 0 0 0 0 0 0 0 0 0 0 0 0 0 0 0 0 0 0 0 0 0 0 0 0 0 0 0 0 0 0 0 0 0 0 0 0 0 0 0 0 0 0 0 0 0
0 0 0 0 0 0 0 0 0 0 0 0 0 0 0 0 0 0 0 0 0 0 0 0 0 0 0 0 0 0 0 0 0 0 0 0 0 0 0 0 0 0 0 0 0 0 0 0 0 0
