50 70 40 15 25
1
3
2
5
1
3
4
3
2
1
1
5
4
5
5
1
1
3
5
1
5
1
2
4
1
3
2
4
3
3
3
5
2
3
5
3
2
3
1
1
1
5
4
5
5
1
4
3
1
5
5
3
4
1
1
1
2
4
4
4
1
1
5
4
2
2
4
1
3
1
0 4 3 5 5 1 1 3 2 5 4 5 2 3 4 4 4 2 5 2 2 2 5 1 4 3 1 1 1 5 5 1 1 3 2 2 4 2 1 5 1 2 4 4 4 4 4 1 1 5 4 4 4 5 1 4 2 3 4 4 4 4 5 5 3 5 1 5 1 2
4 0 3 1 2 3 3 4 4 1 3 4 5 3 1 3 5 2 4 4 1 2 5 1 3 3 2 5 2 4 3 2 3 2 4 2 4 4 3 2 4 3 4 4 1 1 2 4 3 5 5 2 4 2 5 2 1 3 2 4 3 2 3 4 1 4 3 1 2 4
2 5 0 1 1 4 2 5 1 3 5 2 2 5 1 5 5 1 3 3 1 5 2 4 1 3 2 5 4 1 3 4 1 1 3 3 5 3 1 3 4 4 1 5 3 4 1 1 2 4 5 4 1 2 2 1 4 2 5 1 1 2 1 4 1 4 1 4 4 2
4 4 2 0 1 2 4 3 2 3 2 1 3 1 4 5 2 2 2 2 3 2 1 4 4 3 5 5 3 5 4 1 1 2 1 2 3 3 2 5 5 4 4 1 5 4 5 2 3 4 1 4 3 4 2 3 2 4 4 5 1 5 3 1 2 5 4 5 1 2
5 1 4 1 0 2 2 3 3 5 1 2 1 5 3 3 4 3 5 2 3 4 5 1 2 3 1 2 5 4 1 5 5 3 1 5 5 2 2 1 3 3 4 2 3 4 3 4 2 5 2 5 1 1 1 3 3 4 2 1 1 2 3 2 3 3 5 4 5 3
2 5 5 5 2 0 3 2 1 4 3 4 2 2 5 2 4 5 2 1 2 1 3 5 4 2 4 4 4 1 3 2 3 5 5 5 5 2 2 4 4 1 4 3 2 1 1 4 3 5 1 1 4 4 5 5 3 1 1 5 5 2 2 2 2 3 3 1 4 2
3 2 5 1 4 3 0 3 4 3 4 3 5 1 1 1 1 5 4 1 3 2 1 5 3 5 2 1 5 2 1 5 2 5 1 1 1 4 1 5 4 3 4 5 5 3 5 1 1 2 3 5 3 5 1 2 3 1 4 2 2 2 5 3 1 3 1 5 4 5
3 3 4 2 4 2 2 0 1 3 4 4 5 2 4 4 3 2 1 5 4 2 4 2 5 1 4 5 1 5 5 2 5 5 3 1 3 3 4 4 1 5 5 1 5 3 2 3 1 5 1 4 4 3 4 5 2 2 2 3 3 3 5 5 4 3 1 3 1 3
5 4 3 5 2 4 5 5 0 1 5 5 1 3 3 3 2 3 2 1 3 3 1 5 2 5 2 4 1 5 1 4 2 1 4 5 2 5 2 4 5 5 2 4 3 2 2 1 3 5 5 3 2 2 2 5 2 3 4 3 1 2 4 4 2 3 2 4 1 1
1 3 4 3 2 5 3 4 1 0 1 2 5 2 3 4 1 4 5 4 4 2 1 5 3 4 3 2 5 4 4 1 5 2 5 2 5 1 1 1 2 5 5 4 2 1 5 5 4 1 1 1 5 3 4 1 2 3 1 4 3 1 5 4 3 5 5 1 5 3
3 4 4 1 2 5 4 2 4 5 0 2 2 2 5 1 1 2 2 1 5 3 3 1 1 2 2 5 4 5 4 2 3 3 1 4 1 2 1 3 3 3 4 1 3 1 3 4 2 3 5 3 2 5 2 3 1 4 4 4 4 5 2 2 1 2 2 3 3 5
4 5 2 4 5 1 4 4 5 2 4 0 3 2 3 4 3 4 4 5 2 3 4 5 4 1 1 2 1 5 5 5 5 4 4 4 5 1 3 1 4 1 5 5 1 4 4 5 4 2 2 4 2 2 3 4 1 2 2 1 4 3 5 1 4 1 4 3 4 1
1 4 1 3 4 5 2 3 5 2 2 5 0 4 1 5 2 2 3 5 3 3 4 2 4 1 4 1 3 3 2 4 2 4 1 1 2 4 4 1 4 4 1 3 2 1 3 5 4 4 4 5 2 3 2 5 4 2 5 3 5 2 5 4 3 3 4 4 2 2
4 5 4 4 3 5 2 5 2 4 3 3 4 0 3 3 4 5 3 3 3 5 1 3 3 4 3 3 3 1 3 4 3 1 5 4 2 1 3 4 2 5 1 2 4 2 4 5 2 3 3 1 5 3 4 2 1 3 5 1 1 5 4 2 5 1 4 5 1 5
1 2 5 4 4 4 4 4 2 3 2 3 4 1 0 5 3 5 4 1 2 4 4 2 2 1 1 5 3 4 3 3 3 5 3 5 3 2 4 1 5 3 1 5 5 5 1 2 3 5 2 3 1 5 4 1 4 2 4 5 2 3 4 1 2 5 4 4 1 3
1 2 4 3 1 5 1 5 2 4 1 5 4 3 1 0 3 2 2 1 5 3 3 4 3 5 5 3 3 3 4 3 5 3 5 1 1 2 5 3 3 3 5 3 5 5 4 1 2 1 5 3 1 4 2 3 5 2 4 1 2 3 5 4 3 1 4 5 4 4
2 5 4 5 4 4 3 2 5 1 2 4 2 2 2 3 0 5 1 3 1 2 5 1 2 4 4 5 1 2 2 5 5 1 1 5 5 4 2 2 3 1 1 3 4 4 1 1 1 5 4 5 3 1 4 5 2 1 5 2 3 2 1 1 2 4 1 5 1 1
3 4 3 2 2 4 4 3 2 4 5 1 3 5 1 4 4 0 1 1 3 3 4 4 2 5 4 2 4 1 2 1 4 4 1 2 1 4 4 4 4 3 3 1 1 2 4 4 3 2 2 1 1 3 4 4 1 2 4 4 1 4 4 4 5 1 1 5 5 1
5 5 2 3 3 5 1 5 1 4 5 2 1 4 3 4 3 4 0 1 2 3 1 2 1 2 4 2 2 5 3 3 5 2 3 5 4 2 4 1 1 2 3 2 1 4 2 3 3 3 5 4 2 3 1 2 2 4 2 2 5 5 3 1 2 1 2 5 4 2
1 2 3 5 3 4 4 5 1 3 5 4 4 2 5 4 3 4 3 0 5 1 4 4 5 5 3 4 5 2 2 1 1 2 5 3 5 2 1 3 5 5 1 3 1 1 3 5 3 2 3 2 2 3 2 1 2 3 3 3 5 3 2 2 1 5 4 3 2 4
3 2 5 2 5 4 4 4 1 3 3 2 4 1 3 3 1 2 5 5 0 2 2 4 5 5 5 5 1 3 1 3 5 1 1 3 4 1 1 1 5 1 5 2 5 3 1 3 3 4 4 3 4 4 4 2 1 5 5 4 1 5 2 4 5 3 1 4 4 2
5 5 2 4 5 5 2 5 3 2 5 2 2 1 2 1 2 4 4 4 5 0 3 3 1 1 2 5 4 5 1 4 2 2 4 3 5 2 3 5 4 5 5 5 5 3 4 1 3 1 1 5 2 2 2 2 1 3 4 1 5 1 1 2 2 2 4 2 2 3
3 2 4 5 2 5 5 4 5 1 1 3 2 2 1 3 3 2 3 1 1 3 0 3 5 4 1 3 3 3 4 2 1 2 4 2 3 1 5 3 2 5 5 1 1 4 2 1 5 1 5 2 2 4 2 3 3 4 5 3 3 5 5 3 4 5 5 3 3 4
4 2 4 5 1 3 3 5 2 2 4 3 1 3 5 1 3 2 5 5 1 4 4 0 2 2 2 5 2 4 5 5 5 3 3 3 4 1 5 3 3 4 4 2 1 3 4 5 5 3 4 3 1 2 2 4 2 2 4 5 1 3 4 1 5 1 1 3 2 2
4 1 2 1 3 3 3 3 2 5 5 4 3 1 5 5 5 2 2 4 4 4 3 5 0 3 3 2 3 5 5 4 3 3 4 2 5 4 3 4 3 4 5 1 1 2 2 1 3 3 5 1 4 3 4 5 4 3 2 2 3 1 3 1 1 2 4 4 3 5
1 5 1 3 1 3 4 3 2 3 1 4 5 4 5 4 4 5 4 1 2 1 3 3 3 0 3 2 1 4 5 4 3 5 3 3 5 3 1 5 2 3 3 1 3 4 1 1 3 2 5 4 2 1 4 2 2 1 2 5 3 5 3 3 2 2 1 3 4 5
2 4 2 2 3 1 3 5 5 1 4 1 4 4 5 5 2 4 1 4 3 3 4 5 5 3 0 3 3 2 2 4 5 3 5 3 4 2 3 1 2 5 3 1 1 4 2 2 3 2 3 4 2 1 2 3 5 2 1 5 2 1 3 1 2 5 4 1 5 5
3 1 4 1 2 2 4 5 1 2 4 3 5 2 1 3 4 5 2 2 1 3 1 3 3 4 4 0 4 4 3 3 1 1 1 2 3 5 2 4 1 2 2 4 5 1 2 2 2 4 1 5 1 4 4 5 5 3 1 5 2 4 1 5 4 1 2 3 4 4
5 1 5 3 3 2 5 4 1 3 4 4 5 2 5 5 4 1 1 1 3 3 3 4 1 2 4 1 0 1 1 5 1 4 5 2 2 4 2 4 4 2 2 5 5 2 3 3 3 2 1 1 3 1 3 5 2 1 1 4 5 2 2 2 1 3 4 4 2 1
1 4 3 1 3 5 3 1 5 5 3 2 5 5 2 4 3 5 5 4 5 4 4 5 3 3 2 3 3 0 3 3 5 5 1 5 4 3 1 2 4 4 1 4 5 2 1 1 1 2 5 3 5 5 3 3 4 3 3 3 3 2 3 5 4 3 3 5 1 2
1 5 5 5 1 4 2 5 5 2 4 5 5 1 4 2 4 2 1 4 2 1 3 4 3 1 1 4 5 5 0 3 5 1 4 3 3 4 3 1 2 2 5 5 2 5 5 3 1 5 3 1 1 2 1 4 3 1 5 1 3 5 1 3 2 1 3 4 4 3
3 5 3 2 2 3 4 2 2 1 1 4 1 1 4 5 1 4 1 1 1 4 2 1 4 3 4 3 2 3 2 0 2 2 1 2 1 2 4 4 5 5 5 2 3 4 1 1 4 3 3 3 1 5 3 3 2 2 2 4 1 3 1 3 1 4 4 1 2 2
5 3 3 2 5 5 1 4 2 4 3 5 1 3 2 4 2 5 2 5 5 2 2 2 5 4 2 1 2 2 3 3 0 2 4 3 5 1 3 2 3 3 2 5 2 1 3 1 3 5 3 4 5 1 2 2 2 3 1 5 2 1 4 2 1 1 4 4 5 2
4 3 3 5 1 3 3 1 5 1 3 1 4 3 2 4 1 3 5 3 3 2 5 2 5 5 2 1 4 5 4 1 5 0 1 4 5 3 3 2 5 3 2 5 1 3 1 2 5 4 2 1 5 5 3 5 4 1 5 3 4 1 4 2 5 4 1 4 4 1
2 5 4 3 3 5 2 4 5 4 1 1 3 2 1 5 5 2 1 2 1 1 3 1 2 4 5 4 1 1 1 3 4 5 0 2 4 4 2 3 1 5 5 5 3 1 3 4 5 3 3 1 2 2 1 1 4 1 2 2 3 4 4 5 1 4 4 5 5 4
5 3 2 2 5 1 4 3 2 3 3 1 2 3 1 2 2 2 1 3 3 3 1 5 3 4 5 4 5 5 1 1 4 5 3 0 3 3 1 3 1 4 1 5 3 4 4 5 4 5 1 2 5 1 2 4 4 1 1 5 5 3 3 5 2 3 3 3 4 2
5 5 4 2 5 4 2 4 1 3 5 5 5 2 3 3 4 4 5 5 2 2 3 3 5 5 3 2 1 4 5 5 1 5 5 1 0 5 3 1 5 1 2 3 4 5 1 5 4 5 5 4 1 2 3 3 2 5 1 3 1 4 2 3 2 1 3 3 4 4
3 4 4 5 4 4 3 4 5 2 3 5 1 1 2 3 2 1 5 2 2 4 3 2 2 4 1 1 5 1 1 1 5 1 5 1 1 0 3 1 1 4 5 1 5 5 2 1 4 1 3 2 3 3 2 4 1 1 2 1 2 4 1 5 3 2 5 5 5 4
2 5 3 2 5 4 5 4 5 2 5 5 1 3 1 5 2 5 5 3 5 3 1 5 1 3 5 4 2 3 3 3 3 5 4 4 5 3 0 1 5 4 2 2 4 3 5 2 2 1 2 3 5 1 3 2 3 5 5 3 4 1 4 5 3 3 4 4 3 2
4 1 3 3 3 2 2 4 2 5 5 3 5 5 1 3 1 1 1 5 3 5 4 5 3 1 3 3 2 2 5 4 1 4 2 5 4 5 2 0 4 1 3 2 3 5 1 3 5 2 3 1 2 3 2 3 5 1 4 2 4 1 1 4 3 3 2 2 4 2
4 1 2 1 5 5 1 2 2 2 2 5 2 2 5 2 3 1 3 3 1 3 3 3 1 4 4 2 5 2 3 2 4 4 2 3 3 1 3 3 0 1 1 1 3 1 3 4 4 2 2 5 2 3 2 3 5 2 5 2 2 3 2 5 2 3 4 4 2 5
2 2 3 3 4 5 3 5 4 5 4 2 1 4 1 3 4 3 2 5 1 2 2 3 3 3 1 4 4 4 3 2 2 3 1 5 1 1 1 2 2 0 5 2 1 5 4 4 1 5 3 5 2 1 1 3 5 5 3 3 1 4 4 4 3 4 2 1 3 4
3 2 4 1 3 5 4 1 3 5 1 4 5 2 5 4 1 5 4 4 1 1 5 2 3 3 4 1 2 3 1 4 5 1 4 5 2 3 3 2 5 2 0 5 3 2 5 4 4 5 1 1 5 5 3 2 3 3 1 5 4 1 4 4 2 2 3 5 5 3
1 1 3 5 3 2 2 1 3 3 3 2 5 2 4 2 1 2 1 1 5 5 1 1 2 1 5 4 1 3 1 1 5 5 3 5 1 1 5 2 5 2 1 0 1 3 2 2 3 3 2 3 3 3 4 3 4 2 3 2 5 1 3 2 1 4 4 4 4 5
2 1 5 1 5 1 1 4 4 4 2 2 3 1 5 4 4 3 1 3 3 2 5 1 3 3 4 4 4 2 5 3 4 4 4 1 4 3 5 1 1 5 4 3 0 1 4 1 2 4 5 5 2 2 3 5 4 4 3 4 5 2 3 4 2 4 4 5 5 5
2 4 1 5 2 5 4 3 1 4 4 1 3 3 1 5 3 2 5 5 1 5 1 2 1 3 2 2 4 2 5 4 4 2 2 1 4 3 5 3 5 2 2 4 2 0 1 4 3 2 4 2 3 4 5 4 3 4 3 5 5 2 4 5 1 1 3 2 5 4
1 4 3 3 3 3 3 2 5 4 5 1 5 4 3 3 2 3 1 5 3 3 5 5 5 2 2 1 3 3 1 5 1 2 3 3 3 4 5 4 1 4 2 3 5 3 0 5 4 3 2 3 3 3 5 5 1 4 2 4 4 2 3 5 2 2 4 2 3 5
2 5 2 5 2 3 2 3 2 2 2 4 1 5 4 3 3 5 5 2 3 1 4 3 1 4 2 4 4 4 5 2 1 5 2 2 2 1 4 3 5 2 4 5 3 2 1 0 4 3 1 1 2 5 3 2 2 4 2 5 2 3 3 3 4 1 2 5 3 1
4 4 4 2 3 3 5 5 1 2 4 3 5 1 1 2 4 3 5 3 1 2 2 5 1 4 3 3 4 2 3 3 5 3 5 4 3 3 3 5 3 2 1 2 2 1 3 3 0 4 1 1 1 1 2 4 3 2 5 1 2 4 5 4 5 3 1 3 4 1
1 4 5 5 4 2 1 1 4 1 4 4 1 4 5 2 3 5 4 3 2 5 2 3 1 5 4 2 4 5 1 1 3 1 5 1 5 3 4 1 4 3 2 2 3 5 1 5 3 0 5 5 5 4 1 3 5 2 2 4 3 3 3 1 2 4 5 3 5 5
5 4 1 5 3 3 5 3 2 4 2 4 1 2 2 3 2 2 2 2 4 4 1 1 5 3 1 3 3 4 3 2 5 5 2 2 4 3 5 4 1 1 5 2 3 2 1 1 1 5 0 4 5 4 2 2 4 4 1 3 3 4 4 1 4 3 5 3 4 5
1 3 2 5 2 3 1 3 2 4 3 4 3 2 1 1 5 5 2 3 4 5 1 4 2 2 5 3 2 1 3 4 2 3 5 4 4 5 1 2 1 1 1 2 5 2 2 4 3 3 5 0 5 1 5 3 1 3 4 2 3 1 2 5 3 4 5 4 4 1
4 2 5 5 1 1 5 2 3 5 5 3 2 1 5 1 3 3 3 3 5 3 3 3 4 1 4 2 5 5 4 2 4 4 3 5 4 3 5 1 3 3 4 3 3 3 1 4 1 1 2 4 0 3 2 3 4 3 1 2 2 5 5 4 4 4 1 2 1 4
5 2 5 3 3 3 5 2 4 5 2 1 4 1 5 3 5 5 4 4 5 1 2 1 5 2 2 5 4 5 5 2 5 4 1 5 1 5 5 5 1 4 2 2 4 2 3 3 4 5 1 1 4 0 2 1 3 5 4 3 4 1 4 4 5 1 2 1 1 5
1 2 5 2 1 2 1 2 5 4 5 2 2 5 2 4 5 3 3 4 1 3 5 5 5 5 4 2 1 4 3 5 4 1 3 4 1 3 5 5 2 1 5 4 4 2 3 5 3 4 3 5 5 2 0 3 5 4 5 4 2 3 5 1 1 5 5 1 4 4
2 5 2 4 4 4 3 2 5 1 5 1 1 3 1 1 2 4 1 5 3 5 4 1 2 5 2 5 2 4 2 4 3 5 4 1 3 3 3 1 5 2 4 3 1 5 2 1 5 1 2 3 1 2 5 0 1 4 4 3 1 4 4 2 1 1 3 1 3 5
4 5 1 2 4 3 1 4 2 5 4 1 1 5 2 2 5 1 1 2 3 3 4 4 3 1 5 4 3 3 5 5 3 3 3 1 2 3 4 5 3 4 2 3 2 2 4 4 1 3 4 2 2 1 1 2 0 3 1 5 1 3 4 3 5 2 3 2 1 1
1 1 4 5 4 5 3 5 1 5 1 5 2 5 2 3 2 5 5 3 1 3 3 5 2 1 3 3 4 4 4 4 5 5 1 5 4 3 4 2 5 4 5 2 2 2 3 4 1 1 4 2 1 3 4 4 1 0 3 2 4 2 5 1 4 1 5 2 3 2
2 5 1 4 3 1 4 5 2 4 2 5 2 2 1 4 2 5 1 2 2 3 1 1 3 5 5 1 3 5 1 1 3 1 5 4 4 2 4 1 5 3 1 3 1 1 5 1 2 2 3 3 1 1 3 5 2 5 0 4 4 2 4 5 1 2 3 1 2 2
2 1 4 3 3 2 5 1 4 3 5 1 4 5 2 1 1 3 4 4 3 5 3 2 1 1 2 5 1 2 1 5 3 4 4 5 5 5 2 5 2 5 3 1 5 1 4 5 1 4 3 4 4 1 3 1 5 4 4 0 3 3 2 5 1 5 3 2 4 4
1 2 5 3 4 4 1 2 4 1 5 1 5 2 3 1 2 1 1 1 5 5 4 2 5 1 1 2 3 3 2 4 1 2 3 2 2 4 1 2 5 4 1 5 2 5 1 1 2 5 5 3 3 4 4 1 3 2 3 2 0 5 5 5 2 1 5 5 4 4
2 3 4 3 4 2 1 3 5 3 2 2 2 3 4 5 2 3 3 5 5 1 3 3 4 1 5 3 5 5 4 3 3 5 3 4 2 5 3 4 4 2 3 3 4 3 1 3 2 3 5 4 4 1 1 5 4 5 2 4 4 0 2 3 3 4 5 5 5 3
2 2 4 5 4 5 3 5 2 1 5 4 4 5 4 3 1 2 3 3 2 5 5 5 1 1 1 1 1 2 2 1 2 5 3 5 3 1 5 3 4 4 4 4 2 5 3 5 3 4 5 5 5 4 2 2 4 1 2 4 5 3 0 4 5 1 5 1 2 2
4 4 4 2 1 3 4 1 2 4 1 4 2 4 2 2 3 3 3 3 5 4 1 1 3 3 3 3 2 4 1 1 2 1 4 4 5 4 5 1 1 2 1 4 2 5 3 5 4 2 4 2 1 5 5 2 4 4 3 5 5 2 4 0 1 3 3 5 3 5
5 5 4 2 2 5 2 4 4 2 3 1 5 3 3 4 4 4 3 2 2 5 3 2 4 4 1 5 3 4 3 3 1 1 1 4 4 5 4 3 2 3 1 1 4 4 4 1 1 5 2 1 1 3 5 1 3 3 1 1 2 5 1 2 0 2 3 3 5 5
3 4 5 2 1 3 2 5 2 5 2 1 5 4 1 3 4 2 2 4 5 4 3 2 2 1 1 2 5 3 1 4 4 2 3 3 5 3 1 2 5 2 1 1 1 3 3 1 5 3 3 4 1 3 3 5 5 4 1 1 4 1 5 1 2 0 4 4 1 2
3 1 5 1 3 1 3 5 2 1 1 1 1 4 1 1 2 2 3 5 1 5 4 5 3 4 1 5 1 4 4 2 2 3 5 1 2 4 3 3 4 2 3 5 4 3 1 1 5 2 3 1 4 2 2 4 2 5 4 1 4 3 5 5 2 5 0 2 4 2
5 1 4 1 4 4 5 1 3 4 2 3 3 4 4 1 1 5 3 5 3 4 3 4 5 4 1 2 5 4 1 3 5 1 2 3 5 4 5 5 1 2 3 4 2 4 2 3 3 3 5 3 5 3 5 4 2 3 1 4 1 2 3 1 5 4 5 0 4 4
2 1 2 3 5 3 4 4 3 4 4 5 4 1 5 3 4 3 2 4 5 1 4 5 3 5 2 3 4 3 5 3 2 5 5 5 5 2 2 1 4 3 1 5 4 3 2 1 2 2 1 2 5 5 1 1 1 1 3 1 1 4 5 4 5 3 4 5 0 5
1 4 5 3 2 4 1 5 4 1 4 1 2 1 5 3 4 3 5 5 1 3 3 3 3 2 4 1 4 3 1 1 3 2 5 4 3 3 2 2 4 1 4 5 4 1 4 5 5 3 5 4 1 1 4 4 2 2 1 1 5 2 1 5 3 3 1 1 5 0
68 19 25 18 26 30 47 37 10 34 61 52 4 28 3 5 32 70 64 60 33 26 11 8 17 27 42 35 57 28 49 14 41 25 53 18 2 38 5 54 39 8 59 20 28 49 34 13 26 17
33 51 58 3 65 23 33 16 50 63 36 50 10 29 51 68 6 48 31 23 32 65 14 70 30 56 68 59 52 27 68 63 14 32 2 69 9 13 14 15 5 25 30 45 14 16 60 16 11 8
55 39 40 7 51 9 28 34 8 42 3 69 46 22 49 6 10 53 61 50 55 5 40 54 31 24 40 37 56 14 57 25 60 66 26 33 37 43 27 55 6 37 34 46 48 40 51 39 31 54
29 61 37 10 1 41 39 42 44 68 70 21 12 54 70 67 37 51 62 48 35 24 46 20 62 45 59 61 26 58 69 24 29 3 6 2 48 20 3 29 30 64 23 13 21 23 20 33 8 63
19 67 61 5 17 68 7 45 33 57 57 1 6 59 2 28 2 35 29 11 51 3 18 40 45 57 35 58 41 55 4 57 51 65 8 67 24 41 18 24 4 35 50 58 60 46 47 29 17 1
52 66 19 55 48 51 20 26 51 53 16 45 44 33 12 39 52 39 36 7 3 4 53 63 4 47 38 41 38 6 28 9 24 13 4 5 34 23 56 19 48 18 3 3 50 10 4 21 34 41
63 15 49 41 67 65 38 24 46 37 25 47 48 65 57 9 31 47 59 53 31 42 9 28 10 54 22 24 34 62 39 68 63 43 34 51 67 11 38 48 66 10 63 52 51 35 5 20 40 18
6 42 48 4 8 37 32 63 57 12 49 61 43 23 18 69 48 23 6 17 9 30 35 44 22 49 26 32 18 26 33 8 37 37 70 47 59 35 67 56 3 67 42 42 7 4 13 34 70 7
69 69 24 21 22 55 63 3 56 15 17 2 41 48 19 13 23 42 55 70 47 10 58 48 2 33 13 17 16 32 50 29 16 42 62 54 35 42 59 25 62 30 36 18 29 68 52 63 55 34
49 34 35 20 35 62 61 54 21 55 52 4 49 12 54 15 39 46 60 16 52 33 38 27 16 7 66 31 28 68 56 54 18 23 16 37 51 37 60 50 57 7 4 59 17 18 64 15 28 10
9 5 5 28 40 12 70 55 42 2 8 19 30 26 65 34 43 49 39 55 60 52 56 66 43 35 19 4 14 59 42 66 67 38 42 40 26 70 35 37 67 19 65 2 64 26 48 62 32 58
46 48 4 15 11 64 58 47 12 29 7 70 66 58 44 17 41 61 49 3 44 25 1 7 57 60 51 46 48 51 3 46 34 48 50 61 53 7 44 68 44 16 66 31 63 45 68 22 57 13
39 8 31 27 23 19 12 6 2 10 35 55 32 69 29 31 30 24 54 32 43 11 10 55 29 37 15 26 58 65 36 26 2 2 69 14 65 15 47 6 59 22 61 37 30 19 21 65 69 29
20 20 45 44 38 5 35 15 43 56 20 14 2 68 25 44 25 40 34 66 26 43 32 11 5 11 14 7 2 8 62 36 22 5 44 21 61 10 26 8 31 32 41 19 39 66 42 70 47 68
60 52 53 25 21 25 22 19 29 40 39 42 5 30 6 49 19 7 52 27 5 37 52 15 12 43 6 30 30 48 54 44 28 55 31 7 11 51 45 44 43 31 24 28 47 43 36 42 62 2
42 57 8 8 19 57 24 38 0 28 9 31 33 1 35 33 28 54 47 40 41 16 33 65 36 29 64 65 5 7 53 70 13 36 45 59 69 39 7 30 15 46 5 43 13 24 40 4 22 11
58 6 0 51 62 6 10 0 0 0 46 59 14 56 61 24 63 18 51 22 28 64 21 0 18 5 67 21 0 34 46 16 33 68 61 50 27 8 51 49 7 33 14 26 25 59 66 46 64 20
10 13 0 40 42 15 6 0 0 0 28 51 55 7 24 55 20 57 20 20 50 39 22 0 7 70 23 34 0 22 35 15 55 0 25 55 32 18 6 10 34 20 55 63 52 55 8 49 29 60
5 31 0 26 50 48 8 0 0 0 0 0 0 40 0 0 58 66 19 51 36 56 42 0 46 4 10 54 0 0 67 0 69 0 0 65 43 67 0 0 0 28 62 22 40 0 12 54 9 44
59 0 0 0 0 43 0 0 0 0 0 0 0 3 0 0 21 15 25 5 53 45 41 0 32 0 11 13 0 0 20 0 44 0 0 3 13 0 0 0 0 0 28 0 8 0 59 47 30 3
35 0 0 0 0 39 0 0 0 0 0 0 0 60 0 0 49 2 17 26 2 1 51 0 25 0 27 48 0 0 0 0 43 0 0 19 52 0 0 0 0 0 48 0 53 0 46 41 49 32
0 0 0 0 0 0 0 0 0 0 0 0 0 0 0 0 54 6 57 31 6 19 0 0 34 0 2 9 0 0 0 0 0 0 0 9 54 0 0 0 0 0 0 0 0 0 26 57 35 16
0 0 0 0 0 0 0 0 0 0 0 0 0 0 0 0 0 0 0 9 49 51 0 0 0 0 32 66 0 0 0 0 0 0 0 0 0 0 0 0 0 0 0 0 0 0 0 3 37 0
0 0 0 0 0 0 0 0 0 0 0 0 0 0 0 0 0 0 0 46 48 0 0 0 0 0 0 63 0 0 0 0 0 0 0 0 0 0 0 0 0 0 0 0 0 0 0 68 19 0
0 0 0 0 0 0 0 0 0 0 0 0 0 0 0 0 0 0 0 21 0 0 0 0 0 0 0 62 0 0 0 0 0 0 0 0 0 0 0 0 0 0 0 0 0 0 0 26 0 0
0 0 0 0 0 0 0 0 0 0 0 0 0 0 0 0 0 0 0 0 0 0 0 0 0 0 0 0 0 0 0 0 0 0 0 0 0 0 0 0 0 0 0 0 0 0 0 0 0 0
0 0 0 0 0 0 0 0 0 0 0 0 0 0 0 0 0 0 0 0 0 0 0 0 0 0 0 0 0 0 0 0 0 0 0 0 0 0 0 0 0 0 0 0 0 0 0 0 0 0
0 0 0 0 0 0 0 0 0 0 0 0 0 0 0 0 0 0 0 0 0 0 0 0 0 0 0 0 0 0 0 0 0 0 0 0 0 0 0 0 0 0 0 0 0 0 0 0 0 0
0 0 0 0 0 0 0 0 0 0 0 0 0 0 0 0 0 0 0 0 0 0 0 0 0 0 0 0 0 0 0 0 0 0 0 0 0 0 0 0 0 0 0 0 0 0 0 0 0 0
0 0 0 0 0 0 0 0 0 0 0 0 0 0 0 0 0 0 0 0 0 0 0 0 0 0 0 0 0 0 0 0 0 0 0 0 0 0 0 0 0 0 0 0 0 0 0 0 0 0
0 0 0 0 0 0 0 0 0 0 0 0 0 0 0 0 0 0 0 0 0 0 0 0 0 0 0 0 0 0 0 0 0 0 0 0 0 0 0 0 0 0 0 0 0 0 0 0 0 0
0 0 0 0 0 0 0 0 0 0 0 0 0 0 0 0 0 0 0 0 0 0 0 0 0 0 0 0 0 0 0 0 0 0 0 0 0 0 0 0 0 0 0 0 0 0 0 0 0 0
0 0 0 0 0 0 0 0 0 0 0 0 0 0 0 0 0 0 0 0 0 0 0 0 0 0 0 0 0 0 0 0 0 0 0 0 0 0 0 0 0 0 0 0 0 0 0 0 0 0
0 0 0 0 0 0 0 0 0 0 0 0 0 0 0 0 0 0 0 0 0 0 0 0 0 0 0 0 0 0 0 0 0 0 0 0 0 0 0 0 0 0 0 0 0 0 0 0 0 0
0 0 0 0 0 0 0 0 0 0 0 0 0 0 0 0 0 0 0 0 0 0 0 0 0 0 0 0 0 0 0 0 0 0 0 0 0 0 0 0 0 0 0 0 0 0 0 0 0 0
0 0 0 0 0 0 0 0 0 0 0 0 0 0 0 0 0 0 0 0 0 0 0 0 0 0 0 0 0 0 0 0 0 0 0 0 0 0 0 0 0 0 0 0 0 0 0 0 0 0
0 0 0 0 0 0 0 0 0 0 0 0 0 0 0 0 0 0 0 0 0 0 0 0 0 0 0 0 0 0 0 0 0 0 0 0 0 0 0 0 0 0 0 0 0 0 0 0 0 0
0 0 0 0 0 0 0 0 0 0 0 0 0 0 0 0 0 0 0 0 0 0 0 0 0 0 0 0 0 0 0 0 0 0 0 0 0 0 0 0 0 0 0 0 0 0 0 0 0 0
0 0 0 0 0 0 0 0 0 0 0 0 0 0 0 0 0 0 0 0 0 0 0 0 0 0 0 0 0 0 0 0 0 0 0 0 0 0 0 0 0 0 0 0 0 0 0 0 0 0
0 0 0 0 0 0 0 0 0 0 0 0 0 0 0 0 0 0 0 0 0 0 0 0 0 0 0 0 0 0 0 0 0 0 0 0 0 0 0 0 0 0 0 0 0 0 0 0 0 0
