50 70 35 15 25
2
2
1
4
2
3
1
3
2
5
2
3
3
5
3
2
1
2
2
5
3
4
4
4
2
3
1
5
3
4
1
1
2
5
2
2
4
2
2
3
2
2
3
5
3
1
5
3
3
2
4
3
1
1
1
3
4
1
2
4
4
4
1
1
5
2
1
4
1
3
0 3 5 4 4 5 5 1 2 3 2 3 4 5 3 5 5 5 1 5 2 3 3 3 1 1 3 1 5 4 3 1 5 4 3 4 2 1 4 2 3 1 3 3 4 4 3 5 2 4 5 1 2 3 2 5 4 5 2 4 2 1 1 5 2 1 1 3 3 5
3 0 5 1 3 1 5 2 4 5 3 2 2 2 4 4 5 3 3 5 1 2 2 1 5 2 1 1 3 2 1 5 2 5 3 4 3 5 3 5 5 5 1 2 4 5 1 4 4 5 2 4 2 2 3 2 2 1 4 3 1 4 3 1 5 1 1 1 3 5
3 1 0 1 1 1 1 2 1 4 3 2 1 4 2 3 1 3 1 4 5 2 2 3 4 2 1 4 2 2 1 4 4 1 2 5 2 4 5 2 5 5 5 1 4 5 2 1 4 3 5 4 5 1 5 4 4 4 5 3 3 1 3 4 3 5 4 1 4 1
2 4 2 0 2 3 3 1 5 2 4 5 2 1 1 5 1 3 3 3 2 2 1 1 2 4 5 1 5 3 2 3 4 1 1 3 3 3 5 3 1 2 3 2 5 2 1 4 1 1 2 4 5 1 4 4 1 3 1 2 3 5 3 1 2 1 5 4 1 2
1 2 1 5 0 4 4 4 3 2 4 2 5 3 4 5 2 4 5 1 3 3 3 4 3 5 1 3 2 1 4 3 2 4 4 5 4 1 3 4 2 4 4 1 5 4 5 1 3 2 1 1 3 4 2 4 5 2 5 4 3 4 1 1 5 5 3 3 5 3
2 2 1 5 2 0 4 5 2 4 4 3 4 3 5 4 1 5 1 5 1 1 5 2 1 2 1 5 2 4 3 2 5 1 2 2 3 3 2 3 1 5 5 5 4 2 1 5 4 1 1 2 2 5 4 5 4 3 4 5 5 5 3 4 3 3 4 2 3 3
3 1 2 4 2 5 0 2 3 5 3 2 1 5 2 4 2 4 5 1 5 4 2 4 5 4 3 2 2 4 2 1 3 3 3 1 3 1 5 3 4 2 2 3 4 3 1 5 3 2 3 4 4 4 3 3 5 2 5 1 1 4 5 3 5 3 2 1 4 5
5 1 4 4 1 2 2 0 2 2 2 3 3 5 2 5 2 3 4 3 5 1 2 5 1 5 1 1 4 3 3 3 5 1 3 4 5 4 2 1 3 4 2 4 5 2 3 5 5 2 2 3 1 2 3 1 1 5 3 3 1 4 4 1 3 1 5 4 2 1
3 5 1 1 3 5 4 2 0 3 4 5 2 2 3 1 2 1 3 4 5 2 5 3 4 2 1 1 3 2 1 5 1 1 4 2 4 2 1 2 3 3 4 5 3 1 4 1 5 2 4 1 3 4 1 2 1 2 3 2 1 3 3 1 4 4 3 1 2 3
4 4 1 1 5 2 1 1 3 0 2 3 4 1 1 4 5 2 1 4 3 3 4 3 4 4 5 1 5 3 4 3 4 5 1 3 5 4 2 2 3 4 2 1 3 3 1 1 1 5 2 5 1 5 3 2 3 1 4 3 1 3 5 2 1 1 2 1 3 5
3 5 4 3 1 1 1 2 3 1 0 2 2 3 3 5 1 5 5 2 3 1 5 3 3 2 1 4 1 1 1 4 2 5 1 4 3 5 4 4 4 4 2 3 4 3 1 2 3 5 5 3 3 2 4 5 5 1 4 1 4 4 1 4 2 5 3 5 2 5
5 4 5 1 2 1 5 2 3 4 1 0 5 3 2 2 2 4 5 5 3 1 5 5 1 2 5 5 4 1 1 1 3 4 4 1 3 5 4 3 3 5 5 1 5 2 2 2 3 2 5 3 2 3 3 4 5 2 2 3 5 2 3 3 5 3 4 1 3 4
3 4 5 4 4 5 5 3 5 1 3 3 0 5 2 2 3 3 3 3 1 3 3 3 5 4 5 5 4 1 2 2 3 3 2 3 3 4 2 4 4 2 2 2 3 2 4 4 1 2 5 5 4 5 5 1 5 4 3 2 5 5 3 1 5 1 1 4 3 2
3 3 5 4 3 5 4 4 1 1 1 1 4 0 5 5 1 5 5 1 2 3 2 5 1 5 2 3 5 2 4 3 5 1 2 3 3 1 4 3 4 3 2 4 5 2 5 3 1 1 3 3 3 1 4 1 2 2 5 1 1 3 1 1 1 2 1 2 4 2
1 3 2 4 1 2 5 4 2 3 5 5 4 5 0 3 1 2 1 5 1 2 2 4 5 1 5 5 5 2 3 3 4 4 4 2 2 1 4 2 4 3 4 3 1 5 5 1 4 4 1 5 5 2 3 3 2 4 4 4 4 1 1 3 2 1 5 1 5 1
5 2 4 3 1 5 3 3 1 3 3 1 5 1 3 0 5 1 4 3 5 5 3 3 1 1 4 4 2 2 5 2 4 1 4 4 3 2 3 5 5 3 3 4 4 5 4 2 2 2 4 4 4 5 3 5 3 1 4 3 4 5 5 5 3 2 5 2 3 2
5 2 3 5 2 5 1 2 1 1 2 4 5 3 5 4 0 4 3 4 1 2 4 4 4 3 4 2 5 3 5 4 3 3 3 2 5 5 3 2 3 4 5 1 2 1 2 1 3 4 5 5 4 2 1 5 1 4 1 4 4 2 2 3 3 3 4 3 4 5
5 4 1 2 5 3 3 5 1 3 4 5 2 2 2 2 2 0 5 5 4 3 5 3 2 4 1 3 4 2 3 2 2 4 2 1 4 2 2 1 2 3 3 3 4 5 3 1 4 2 4 5 4 2 5 1 2 4 5 3 5 4 4 1 3 2 1 4 3 5
2 1 5 4 3 3 3 1 4 1 2 2 5 3 1 4 3 2 0 3 1 1 4 3 5 1 2 1 1 1 4 2 1 3 1 4 3 5 1 3 4 3 1 1 3 3 5 4 1 5 5 2 1 4 4 4 2 5 2 3 2 2 5 4 5 1 3 1 4 2
4 5 4 3 5 3 2 2 4 1 4 5 2 4 2 3 1 3 3 0 4 4 3 2 5 1 4 5 1 3 2 5 1 3 2 4 5 1 3 5 5 4 1 2 3 5 2 4 4 5 2 4 5 2 4 1 3 5 5 4 5 2 3 3 4 3 3 1 3 1
3 2 5 2 3 2 3 3 1 3 4 5 3 4 1 1 3 5 1 1 0 5 4 4 3 3 2 5 2 5 3 3 4 3 1 3 1 3 4 2 4 5 3 1 2 2 4 5 2 1 1 4 4 2 2 4 3 3 2 4 4 1 2 4 4 2 5 1 2 2
2 5 1 1 1 5 2 2 2 5 1 3 1 4 2 3 1 4 1 4 5 0 4 1 3 2 3 1 3 3 1 2 3 4 2 2 3 2 1 5 4 5 3 4 4 4 5 2 2 1 2 1 2 2 1 4 5 3 2 5 4 3 2 5 4 4 1 5 3 3
3 2 1 1 4 5 1 4 3 2 1 4 4 4 5 5 3 2 4 4 1 1 0 4 1 4 2 2 1 3 3 5 5 5 3 3 5 4 4 3 4 2 2 3 1 2 1 5 4 3 3 2 4 2 3 1 2 5 1 3 2 1 1 5 2 2 4 4 2 2
2 2 3 3 5 5 5 4 1 3 5 5 2 1 3 5 1 5 3 2 3 3 2 0 2 4 2 2 2 3 3 1 2 4 5 5 2 3 1 5 4 2 5 2 1 5 3 2 3 4 4 4 5 3 5 2 1 3 5 5 2 5 1 3 2 1 3 2 3 3
4 2 1 3 4 4 5 1 2 1 4 1 2 4 3 5 1 5 4 5 1 1 1 2 0 2 5 1 1 4 2 5 5 1 2 4 2 5 1 5 4 5 1 1 5 1 1 1 3 2 1 4 3 5 5 1 4 3 4 4 2 5 3 1 2 2 2 4 1 4
1 3 4 1 1 4 1 3 1 2 5 4 1 1 1 5 1 2 2 5 1 4 4 5 3 0 4 2 1 5 5 5 1 1 1 2 1 1 2 4 5 2 2 2 4 1 3 4 3 3 1 5 3 3 2 5 3 4 1 5 1 3 3 4 4 4 5 5 4 4
2 4 2 1 2 2 2 1 2 5 5 3 2 2 1 2 3 2 4 1 4 3 2 3 2 1 0 5 2 4 1 3 5 5 1 5 5 3 3 4 2 1 5 5 1 1 2 3 1 2 3 5 1 1 3 1 4 4 4 2 1 2 3 4 5 3 3 5 4 5
2 2 5 5 4 1 4 3 5 4 4 4 2 4 1 5 5 1 4 2 5 5 1 2 4 2 3 0 3 5 2 2 4 1 1 5 5 4 3 3 3 4 1 2 5 1 2 5 4 2 4 3 2 4 5 2 4 4 1 2 2 4 2 1 3 5 1 2 5 3
2 5 5 2 3 1 5 4 1 3 3 5 1 1 5 5 5 5 2 5 5 5 3 1 5 3 2 4 0 2 5 2 4 2 1 2 4 3 3 4 3 2 3 3 5 2 5 1 5 3 3 3 5 3 5 1 2 4 2 4 5 3 3 3 4 1 2 2 1 2
2 2 4 4 3 1 1 4 4 5 3 1 3 2 5 2 1 2 2 1 2 4 2 4 1 5 5 5 4 0 3 1 5 3 4 3 4 4 1 2 1 2 1 4 4 3 1 4 1 3 5 1 4 5 2 4 1 1 5 4 3 4 4 4 1 2 4 2 5 4
4 4 1 4 1 1 5 5 5 5 5 1 4 1 2 4 4 2 1 1 2 2 1 1 3 4 2 1 5 4 0 1 5 5 1 2 3 2 3 2 4 3 4 1 3 2 1 1 2 1 4 5 2 5 5 4 1 3 1 1 2 2 4 1 5 4 4 1 2 2
2 4 5 5 5 4 1 3 1 1 5 1 5 1 4 1 5 3 5 3 2 1 3 4 3 2 3 1 4 5 1 0 1 1 2 3 4 2 4 5 4 5 5 5 2 2 5 3 4 5 4 5 2 5 2 5 1 3 1 2 5 5 1 4 3 1 1 2 4 4
1 2 1 2 3 3 5 1 5 4 3 2 4 1 4 5 3 1 5 1 4 2 2 1 3 1 4 2 1 4 2 1 0 1 1 2 3 4 5 3 1 3 3 5 4 4 3 4 4 2 3 3 4 5 2 4 3 1 3 4 4 5 3 5 1 3 5 2 2 2
4 4 3 2 1 2 1 3 2 4 1 1 4 4 2 5 2 3 1 1 3 1 2 3 5 3 3 1 2 5 4 2 2 0 5 3 3 4 4 2 3 4 4 2 2 5 5 4 1 1 4 5 2 4 1 3 1 3 4 5 5 2 3 2 5 3 2 5 3 1
2 3 4 4 1 1 2 1 2 2 5 1 3 5 3 5 5 5 2 5 2 4 1 1 4 1 4 3 3 1 2 2 1 2 0 4 2 3 1 3 3 5 2 4 4 1 2 2 2 1 5 4 3 2 4 3 5 1 1 1 5 1 5 3 1 1 5 2 5 2
1 3 3 2 4 1 4 4 3 2 3 1 2 3 4 4 2 3 2 3 2 2 2 2 5 5 5 4 3 3 4 3 2 5 3 0 3 4 2 5 3 3 4 4 1 3 5 1 2 4 1 2 4 4 4 4 4 2 2 2 3 2 4 4 5 5 5 5 4 3
3 1 4 1 4 2 1 1 1 2 4 4 3 4 1 3 2 2 5 5 1 4 1 2 3 5 2 4 2 4 2 2 4 2 1 2 0 3 1 3 2 5 1 3 5 1 4 1 3 5 3 3 3 1 4 5 1 5 3 1 4 1 2 2 3 1 3 3 2 5
5 4 2 5 4 1 3 3 3 3 2 5 4 4 3 1 1 1 5 2 2 2 5 4 5 5 3 2 5 3 2 3 4 3 1 3 2 0 2 4 4 3 2 2 5 2 5 2 1 1 4 1 5 4 1 4 4 1 3 4 3 4 1 2 3 5 1 3 1 1
4 4 4 1 4 4 4 4 3 4 3 1 4 3 2 5 1 3 5 2 4 5 4 5 1 4 4 4 3 5 3 4 3 5 5 3 2 4 0 4 1 1 4 4 4 1 3 4 4 2 1 5 3 3 1 1 1 3 1 3 2 4 2 2 5 1 3 2 3 5
5 1 3 1 3 4 3 3 1 3 4 5 2 5 5 5 4 1 1 1 4 2 4 4 1 1 3 5 3 3 2 4 4 5 2 5 4 2 4 0 5 4 2 2 4 4 4 3 1 5 5 2 4 4 1 2 3 5 4 2 5 5 4 1 1 5 5 3 2 5
4 3 4 4 1 4 4 5 4 1 2 2 5 5 5 5 5 3 4 3 1 1 1 2 4 2 5 5 4 5 5 4 2 3 4 1 1 5 4 1 0 5 1 1 2 1 4 3 1 5 4 3 2 4 4 1 2 3 4 2 1 4 3 1 1 1 5 4 2 5
3 2 1 3 5 1 3 4 3 1 5 3 4 4 3 1 4 5 4 3 2 1 2 1 3 3 5 4 1 2 1 5 3 2 4 2 5 3 2 3 4 0 4 3 1 4 3 5 1 2 3 3 3 5 2 2 1 3 4 1 5 3 1 4 3 2 5 3 5 1
4 4 4 5 2 2 4 4 2 5 2 4 4 4 2 4 3 4 3 5 3 5 5 1 5 3 5 5 2 1 2 4 5 1 1 3 5 3 4 5 3 3 0 1 2 3 5 1 5 3 1 3 4 4 1 4 2 4 1 3 5 2 2 1 3 1 3 1 3 4
2 5 5 5 5 2 2 5 4 4 2 4 4 4 3 4 4 4 3 4 1 2 4 2 2 3 3 1 2 5 2 4 2 1 4 3 5 1 3 5 3 4 5 0 5 4 4 2 1 1 3 3 2 1 1 5 1 3 3 1 3 3 1 4 5 1 4 4 3 1
2 5 5 2 5 2 5 2 1 2 3 5 4 3 2 4 3 4 2 1 2 1 5 5 3 5 4 5 3 1 1 1 1 2 2 3 5 2 3 4 3 5 4 1 0 5 5 5 3 4 1 3 3 5 2 1 1 3 4 2 2 4 2 4 5 3 3 5 4 2
2 1 5 2 4 5 1 3 5 3 4 3 1 5 4 4 3 5 4 1 1 1 4 4 4 4 1 3 2 3 3 5 2 1 2 5 1 3 3 3 3 5 1 3 1 0 3 3 3 5 2 3 2 2 2 2 5 1 4 4 3 1 4 3 2 3 2 5 5 5
3 4 3 5 2 4 4 5 2 2 3 5 5 3 5 4 3 4 1 4 3 4 1 4 2 2 5 3 2 4 1 3 5 3 2 3 2 3 1 1 1 3 5 4 5 2 0 3 3 4 3 5 4 3 3 5 4 5 3 2 5 4 1 3 1 2 5 1 4 4
5 3 4 5 3 2 2 2 3 4 1 1 4 1 1 2 1 3 2 1 4 1 2 4 1 5 1 2 1 1 1 2 4 2 1 2 2 4 5 5 4 1 1 5 3 1 1 0 4 1 1 2 2 2 5 4 4 4 1 4 2 2 1 1 3 3 5 2 1 5
3 3 4 4 1 4 3 1 4 3 3 1 4 1 4 1 3 2 3 3 2 3 5 4 5 5 2 2 1 1 1 1 1 1 5 2 2 4 2 3 1 4 4 5 4 2 3 4 0 5 3 3 4 5 5 2 4 2 4 1 2 5 4 2 4 3 4 5 5 5
3 3 5 3 5 1 1 1 1 1 1 3 1 3 5 3 1 5 5 3 4 3 4 2 2 4 5 3 2 5 3 4 2 2 1 1 2 1 4 5 3 3 2 1 1 5 4 3 1 0 3 1 1 3 5 3 4 4 4 3 4 3 2 2 5 5 5 4 4 4
4 3 1 4 5 5 4 3 1 2 1 4 2 2 3 4 1 5 2 1 2 3 4 3 4 3 2 2 4 4 2 5 4 2 1 5 2 4 4 4 4 4 5 1 4 3 3 2 5 2 0 1 4 3 1 5 4 3 1 3 5 4 4 3 5 1 1 3 3 3
1 4 2 2 5 5 5 1 5 2 2 4 5 3 1 2 3 4 4 4 3 4 1 1 2 5 2 3 3 3 5 5 3 5 2 4 1 5 3 5 5 5 1 4 4 1 5 5 3 5 4 0 1 5 5 3 3 2 4 5 4 1 3 4 5 3 3 2 3 3
5 2 4 4 2 2 2 5 1 3 3 5 1 1 3 5 4 3 4 5 5 2 1 4 4 5 1 5 1 3 2 3 4 3 2 2 3 3 3 1 4 4 2 3 1 1 3 4 2 1 4 2 0 3 1 3 4 4 3 1 1 3 4 5 4 5 5 3 2 3
2 3 1 3 4 5 4 4 4 3 4 4 4 3 1 3 4 1 1 5 3 5 4 1 1 2 5 3 2 1 2 1 5 3 4 4 1 1 5 4 5 2 4 1 5 4 3 1 4 1 3 2 4 0 3 5 5 1 1 4 5 3 4 3 3 2 4 4 3 5
4 4 5 2 2 3 4 2 3 5 5 2 4 3 5 4 1 5 2 1 3 3 3 4 2 5 3 1 5 4 1 5 3 1 1 3 1 1 3 2 2 1 1 4 5 4 1 3 5 4 1 3 2 1 0 3 2 3 3 4 4 4 2 4 4 3 4 5 2 4
3 1 4 4 5 1 2 5 3 5 1 1 3 3 5 4 1 1 2 1 5 3 3 4 4 5 1 5 5 3 4 5 4 4 1 2 2 4 1 2 1 5 1 5 5 5 4 3 5 1 1 3 4 4 5 0 2 2 2 3 3 4 1 4 5 5 3 5 5 3
2 1 3 5 3 5 3 2 4 3 2 5 4 4 1 1 5 1 5 3 4 5 2 1 4 4 2 5 5 1 2 3 4 3 1 4 3 3 5 1 5 1 3 5 3 2 1 4 3 5 4 4 2 2 4 2 0 2 5 3 2 1 1 3 2 4 3 4 5 2
3 3 3 3 5 2 4 5 5 1 4 1 5 2 2 3 5 1 1 1 4 4 2 3 1 1 3 1 2 4 4 1 1 2 2 2 5 5 3 3 3 4 4 1 3 4 2 3 5 4 1 2 2 4 4 3 2 0 1 2 5 1 5 1 5 3 1 2 4 3
1 5 1 3 4 3 2 5 2 1 2 4 5 2 4 2 4 4 4 4 5 4 2 2 3 2 5 5 1 4 2 2 1 3 2 4 3 4 2 4 3 2 3 1 1 1 4 1 4 5 3 5 5 3 2 1 1 2 0 5 4 3 3 2 1 2 4 3 2 2
4 1 5 5 4 3 3 1 2 5 5 5 4 2 3 3 4 5 2 1 1 4 2 5 4 1 4 2 3 5 1 1 3 1 4 4 5 5 2 1 2 5 4 5 3 3 1 1 4 5 3 4 2 5 5 5 2 2 4 0 4 1 3 1 4 3 5 3 4 4
1 3 3 5 3 5 3 1 3 1 5 4 5 3 1 1 4 1 2 4 3 1 4 2 5 3 2 5 4 3 4 5 5 1 5 3 3 5 5 4 2 2 4 1 2 5 1 2 4 5 4 2 4 4 5 4 1 4 2 5 0 4 2 5 5 2 4 2 5 3
1 1 1 2 4 5 1 5 3 1 4 3 4 4 4 4 2 5 1 2 3 5 5 1 4 1 4 4 4 3 4 3 1 2 4 3 2 4 1 2 4 5 4 1 1 5 4 1 4 1 3 3 5 2 2 5 1 3 1 5 5 0 3 3 3 4 4 2 3 3
1 1 5 1 4 5 4 4 4 4 3 2 2 3 5 3 1 3 2 2 1 1 5 5 1 2 3 2 1 5 3 5 1 3 3 3 2 1 4 2 2 4 2 2 5 2 2 5 5 3 1 1 4 4 5 5 4 4 2 3 3 1 0 1 5 4 4 2 4 2
3 2 5 2 3 3 1 3 2 1 4 1 2 4 4 5 2 4 3 2 1 3 2 3 1 2 4 4 4 4 5 4 2 2 4 4 4 3 1 3 2 3 1 5 3 4 2 3 3 4 4 1 2 2 3 1 2 4 1 4 3 1 4 0 5 2 4 5 3 4
4 5 3 3 3 5 5 1 4 5 2 1 3 2 4 5 3 5 3 1 1 4 4 3 5 3 1 1 3 4 4 4 2 4 2 3 5 5 5 3 5 5 2 1 2 4 2 2 2 4 1 5 1 2 1 2 5 5 1 5 1 5 2 5 0 3 3 5 5 3
5 3 5 4 5 1 2 4 5 5 4 1 5 2 4 3 4 1 3 2 2 1 3 3 4 3 1 2 1 5 3 4 2 3 2 5 2 1 3 5 2 4 5 3 3 5 2 4 3 3 5 2 5 2 4 4 5 5 5 2 4 2 2 4 1 0 5 3 5 4
5 4 2 4 5 2 4 4 3 1 3 1 4 5 4 1 4 5 5 3 4 2 1 5 1 4 1 4 4 1 1 5 4 5 4 2 5 1 4 3 4 5 1 2 1 4 4 2 4 2 2 1 5 4 5 5 3 5 2 5 2 1 2 4 4 5 0 3 1 1
1 5 2 3 3 1 1 3 5 5 2 4 5 1 2 2 4 3 3 5 5 5 2 2 2 3 2 1 4 2 5 1 1 5 3 2 5 3 3 2 5 2 2 4 1 3 2 2 1 3 5 1 4 3 4 4 1 1 1 4 5 5 3 5 3 1 1 0 3 4
1 4 4 3 1 4 3 2 4 3 4 2 2 3 3 2 3 5 1 4 5 2 4 1 4 1 4 2 1 1 3 4 2 5 4 5 4 2 1 1 2 5 2 3 5 4 3 3 5 2 4 2 5 1 5 4 4 4 5 5 5 3 4 4 4 1 4 3 0 4
5 1 2 4 4 4 2 5 5 3 3 2 3 2 3 5 4 5 2 3 3 4 1 3 2 3 3 1 1 4 4 5 1 5 4 4 1 5 4 1 4 4 1 4 4 5 3 4 3 5 3 5 1 3 3 5 3 5 1 1 2 3 2 4 3 5 5 4 4 0
58 48 9 59 54 47 45 1 70 62 64 26 15 48 33 65 2 61 15 20 39 55 65 41 27 56 18 11 4 48 40 17 17 53 45 41 13 2 2 43 57 16 60 47 51 9 58 3 55 64
63 29 35 18 53 53 3 10 22 58 22 42 47 20 30 19 46 34 13 5 34 3 63 62 57 4 17 46 16 11 39 3 4 29 3 18 69 9 47 14 56 35 40 39 13 35 53 56 40 45
9 25 66 56 26 61 27 44 40 49 52 47 49 46 32 53 66 27 66 19 43 5 36 3 38 55 42 66 38 27 7 16 1 34 55 68 14 36 30 7 51 60 44 41 25 24 39 68 46 21
62 68 23 17 39 54 42 49 12 10 38 7 1 47 52 13 63 45 35 59 29 17 53 36 67 23 29 29 10 25 5 56 20 47 62 22 67 46 68 60 25 14 2 53 69 7 47 16 20 70
42 50 39 62 6 13 1 5 15 14 9 52 22 5 22 69 23 49 11 28 67 62 70 56 14 8 14 4 13 35 48 35 40 65 52 25 49 23 8 69 48 55 3 51 1 10 4 30 31 6
7 2 15 23 4 6 14 53 36 37 67 25 70 17 67 6 19 69 5 18 12 53 56 19 49 48 43 45 29 67 64 19 61 22 58 17 48 33 53 33 20 26 7 43 21 13 48 47 24 25
18 7 49 13 34 57 41 46 59 32 24 50 40 15 31 37 7 23 40 54 37 16 40 66 56 45 62 30 49 45 41 24 66 54 15 62 52 64 21 15 2 62 35 31 45 44 15 66 27 61
35 55 17 16 50 67 17 41 49 31 54 46 51 43 3 44 36 10 67 10 23 20 23 46 23 13 68 36 21 29 20 44 69 67 10 49 37 56 16 13 31 51 38 6 40 28 21 57 63 23
60 35 32 39 58 69 24 65 13 51 21 49 54 53 11 34 48 37 49 40 55 50 12 42 20 11 4 62 22 36 6 34 49 60 31 63 61 34 22 25 41 67 19 33 34 64 64 60 12 55
59 33 43 29 8 64 56 38 30 56 5 16 62 22 45 26 40 16 30 14 56 40 6 60 52 47 7 70 39 28 66 57 6 2 37 48 9 49 23 47 37 32 12 20 27 16 17 39 33 57
10 57 54 22 35 39 46 14 55 39 69 31 45 67 29 39 42 3 51 69 44 64 26 51 30 5 48 13 44 33 63 25 51 66 29 59 45 25 33 64 29 53 21 16 18 1 45 22 28 54
70 54 57 50 28 14 53 25 24 63 13 53 9 40 10 60 5 67 22 47 24 15 51 25 63 68 26 10 32 63 70 14 46 40 30 66 59 51 34 31 14 20 17 5 30 32 27 58 1 41
56 64 62 34 1 26 4 47 43 6 30 65 68 1 20 40 20 15 47 51 16 34 27 34 42 54 2 41 67 61 50 6 56 17 13 64 54 62 61 45 55 44 34 34 64 17 25 18 23 69
28 34 8 32 20 3 62 4 29 25 15 24 4 35 35 64 69 26 42 37 41 54 29 20 64 60 6 7 55 23 27 12 54 14 11 33 34 58 58 36 67 33 5 4 44 54 62 33 30 16
45 11 70 52 10 62 59 12 47 50 32 64 42 61 62 68 11 39 63 65 42 65 2 69 28 27 50 2 17 26 30 49 11 59 35 34 65 11 29 18 45 42 67 70 33 51 50 42 56 9
8 21 65 63 44 60 30 28 21 21 34 54 6 51 41 0 50 20 61 13 36 68 37 33 15 30 46 18 63 55 32 40 50 35 6 38 16 66 0 53 13 58 23 14 42 22 28 67 38 58
0 17 0 0 17 65 44 48 16 42 56 33 29 58 14 0 54 0 56 62 1 61 34 22 34 40 44 53 52 59 38 55 39 0 46 32 3 70 0 28 16 29 8 55 35 2 43 6 14 60
0 62 0 0 0 41 2 23 27 52 40 28 14 0 0 0 45 0 9 48 2 29 35 1 47 36 1 54 15 37 56 10 8 0 18 9 29 31 0 67 10 64 45 29 0 0 42 5 50 20
0 39 0 0 0 9 29 66 0 64 53 70 17 0 0 0 38 0 0 0 65 0 3 26 4 31 65 0 11 32 62 60 63 0 4 2 0 41 0 12 18 12 50 0 0 0 0 43 45 0
0 0 0 0 0 21 25 17 0 11 6 66 5 0 0 0 44 0 0 0 46 0 47 18 10 41 30 0 0 8 67 39 15 0 12 0 0 13 0 19 61 47 20 0 0 0 0 63 0 0
0 0 0 0 0 50 0 0 0 33 0 21 2 0 0 0 29 0 0 0 51 0 62 0 1 10 49 0 0 7 0 48 37 0 26 0 0 50 0 61 46 28 24 0 0 0 0 34 0 0
0 0 0 0 0 0 0 0 0 47 0 19 0 0 0 0 62 0 0 0 6 0 33 0 61 29 3 0 0 34 0 0 0 0 0 0 0 52 0 3 40 6 0 0 0 0 0 0 0 0
0 0 0 0 0 0 0 0 0 18 0 48 0 0 0 0 1 0 0 0 0 0 57 0 0 0 58 0 0 41 0 0 0 0 0 0 0 26 0 0 43 0 0 0 0 0 0 0 0 0
0 0 0 0 0 0 0 0 0 0 0 0 0 0 0 0 28 0 0 0 0 0 0 0 0 0 0 0 0 64 0 0 0 0 0 0 0 0 0 0 23 0 0 0 0 0 0 0 0 0
0 0 0 0 0 0 0 0 0 0 0 0 0 0 0 0 14 0 0 0 0 0 0 0 0 0 0 0 0 0 0 0 0 0 0 0 0 0 0 0 44 0 0 0 0 0 0 0 0 0
0 0 0 0 0 0 0 0 0 0 0 0 0 0 0 0 0 0 0 0 0 0 0 0 0 0 0 0 0 0 0 0 0 0 0 0 0 0 0 0 0 0 0 0 0 0 0 0 0 0
0 0 0 0 0 0 0 0 0 0 0 0 0 0 0 0 0 0 0 0 0 0 0 0 0 0 0 0 0 0 0 0 0 0 0 0 0 0 0 0 0 0 0 0 0 0 0 0 0 0
0 0 0 0 0 0 0 0 0 0 0 0 0 0 0 0 0 0 0 0 0 0 0 0 0 0 0 0 0 0 0 0 0 0 0 0 0 0 0 0 0 0 0 0 0 0 0 0 0 0
0 0 0 0 0 0 0 0 0 0 0 0 0 0 0 0 0 0 0 0 0 0 0 0 0 0 0 0 0 0 0 0 0 0 0 0 0 0 0 0 0 0 0 0 0 0 0 0 0 0
0 0 0 0 0 0 0 0 0 0 0 0 0 0 0 0 0 0 0 0 0 0 0 0 0 0 0 0 0 0 0 0 0 0 0 0 0 0 0 0 0 0 0 0 0 0 0 0 0 0
0 0 0 0 0 0 0 0 0 0 0 0 0 0 0 0 0 0 0 0 0 0 0 0 0 0 0 0 0 0 0 0 0 0 0 0 0 0 0 0 0 0 0 0 0 0 0 0 0 0
0 0 0 0 0 0 0 0 0 0 0 0 0 0 0 0 0 0 0 0 0 0 0 0 0 0 0 0 0 0 0 0 0 0 0 0 0 0 0 0 0 0 0 0 0 0 0 0 0 0
0 0 0 0 0 0 0 0 0 0 0 0 0 0 0 0 0 0 0 0 0 0 0 0 0 0 0 0 0 0 0 0 0 0 0 0 0 0 0 0 0 0 0 0 0 0 0 0 0 0
0 0 0 0 0 0 0 0 0 0 0 0 0 0 0 0 0 0 0 0 0 0 0 0 0 0 0 0 0 0 0 0 0 0 0 0 0 0 0 0 0 0 0 0 0 0 0 0 0 0
0 0 0 0 0 0 0 0 0 0 0 0 0 0 0 0 0 0 0 0 0 0 0 0 0 0 0 0 0 0 0 0 0 0 0 0 0 0 0 0 0 0 0 0 0 0 0 0 0 0
