60 80 40 20 30
4
2
1
5
5
4
2
2
3
4
5
1
4
2
2
2
2
3
5
3
3
5
1
5
3
3
2
1
3
4
3
1
3
4
5
5
4
1
1
4
2
1
4
4
1
1
1
5
1
5
5
2
4
2
1
3
1
3
2
4
5
5
3
1
1
5
2
5
2
2
3
1
1
4
5
5
5
1
1
3
0 4 3 3 4 2 3 5 4 4 4 3 3 4 3 2 1 4 4 2 4 5 2 2 3 3 2 1 4 2 2 4 2 3 2 2 1 4 4 1 5 3 2 5 2 4 4 4 5 1 3 4 4 1 3 4 1 1 4 4 4 3 4 4 4 2 1 4 5 4 4 1 5 2 4 1 1 3 5 3
4 0 1 1 2 4 2 2 4 1 1 5 1 3 2 1 2 1 2 2 3 4 5 4 5 5 1 3 1 5 2 1 2 3 1 1 3 2 4 3 3 2 5 1 4 1 2 4 3 1 2 4 4 5 4 2 4 5 1 5 4 4 1 3 5 3 2 1 3 4 2 4 5 3 1 4 5 4 4 4
4 1 0 5 4 3 4 3 3 3 2 5 1 2 3 5 2 2 2 1 5 2 4 1 2 1 2 3 4 4 4 4 5 2 1 4 5 3 5 5 5 2 1 3 3 1 1 2 3 4 4 2 1 2 1 4 4 1 1 1 3 5 2 4 2 1 1 3 3 3 2 2 3 5 5 4 2 2 2 1
1 1 2 0 4 4 4 3 3 1 3 4 1 1 5 2 1 3 4 2 2 4 3 4 5 2 2 4 1 4 3 3 1 5 1 2 1 1 2 3 1 2 1 4 5 4 3 4 2 3 2 5 3 5 1 3 2 1 1 4 5 5 4 1 2 3 4 3 3 4 5 5 3 5 2 4 1 2 1 4
3 2 3 2 0 5 4 1 5 2 4 5 3 1 5 2 3 3 5 3 3 3 1 1 5 2 1 5 3 2 3 3 1 5 4 5 2 2 2 4 2 2 1 2 5 4 1 1 1 4 3 4 1 5 4 5 3 3 5 4 4 3 2 2 2 5 5 2 4 1 3 2 5 2 4 3 3 3 2 3
1 1 4 2 4 0 4 2 2 2 2 3 2 2 1 2 2 3 5 1 3 3 5 3 5 3 4 3 1 5 4 1 3 1 5 2 2 2 2 3 2 2 1 4 2 4 3 2 1 4 2 5 5 3 2 3 4 2 2 3 3 1 3 4 4 3 2 2 4 4 3 3 1 2 4 2 1 3 4 3
5 4 5 1 2 5 0 5 3 5 1 4 4 1 1 1 3 5 4 5 3 4 4 3 4 2 4 2 3 2 1 4 1 3 2 2 5 5 3 2 5 5 1 3 5 3 1 2 3 1 2 2 1 4 1 1 4 2 3 4 4 1 4 3 2 2 5 2 3 4 1 5 4 3 3 4 4 4 4 3
1 2 3 5 4 1 3 0 4 1 3 5 5 1 3 1 5 5 4 2 3 3 3 1 2 2 3 3 1 2 3 5 4 5 3 5 3 2 1 5 1 4 2 3 5 2 4 1 5 4 3 2 1 3 5 2 2 5 1 2 2 4 5 4 4 3 1 2 4 3 5 1 5 3 2 4 4 2 4 5
4 5 5 5 4 2 1 5 0 2 2 5 2 5 4 2 3 3 4 2 5 4 5 3 4 4 2 2 2 2 4 4 4 5 1 5 3 5 4 2 5 5 2 1 3 2 5 1 4 4 3 5 3 3 1 3 5 2 1 2 1 1 4 1 1 4 2 3 5 4 3 1 1 5 1 2 1 2 4 3
1 5 3 4 4 1 3 5 4 0 5 5 3 1 2 4 5 3 3 4 5 5 1 2 4 5 2 3 3 5 1 5 4 3 4 4 3 1 5 4 3 5 1 3 3 5 5 5 3 2 2 4 1 5 2 4 1 4 1 4 3 5 3 5 5 4 4 3 3 4 3 3 3 5 5 1 5 4 5 3
4 3 2 2 5 4 1 1 1 2 0 3 2 3 5 4 4 2 4 5 1 3 1 5 3 1 2 1 5 4 1 4 3 3 3 5 1 5 3 5 4 4 3 4 4 3 5 1 5 1 3 4 5 2 2 4 2 1 2 2 3 3 1 3 3 3 5 5 1 5 4 1 2 1 3 1 4 2 5 3
4 3 5 2 5 4 5 3 1 3 2 0 5 2 3 1 4 5 1 4 5 2 3 5 3 5 5 2 4 4 5 1 1 4 1 4 2 3 5 4 5 3 4 2 3 1 2 3 5 2 5 4 4 5 4 3 1 3 5 5 2 3 1 3 5 2 5 4 3 3 2 2 3 3 3 2 3 5 1 3
2 4 1 4 5 4 5 5 5 4 3 3 0 4 2 4 5 5 2 3 4 3 2 4 3 2 4 2 3 1 1 5 2 3 3 3 5 5 2 5 4 3 3 4 5 1 2 3 4 1 2 1 2 1 5 3 3 4 5 2 4 3 2 4 2 3 1 4 2 1 2 4 5 2 1 4 5 3 4 3
4 1 5 4 4 3 1 5 3 1 1 4 1 0 5 4 5 5 4 3 2 4 2 1 5 5 1 4 5 3 2 3 2 5 1 4 2 1 5 5 1 4 4 5 1 1 1 3 3 2 2 4 4 4 4 3 2 5 3 5 1 5 2 4 5 1 5 1 2 4 5 2 4 1 5 1 4 2 4 4
2 1 2 2 2 3 3 3 1 1 3 4 1 3 0 4 2 1 2 3 5 2 3 3 1 1 2 4 3 4 2 5 4 3 1 2 1 5 2 1 5 5 5 1 5 4 5 4 2 2 2 1 5 2 3 1 3 2 5 2 5 2 1 1 5 4 5 5 4 4 2 1 3 3 1 1 5 5 5 2
2 1 1 1 4 1 3 5 1 4 4 4 3 4 2 0 3 2 2 4 3 1 1 4 4 1 1 3 2 1 1 4 3 5 1 3 5 5 4 4 4 1 5 3 2 2 3 1 4 3 1 5 5 3 3 1 5 3 5 2 3 3 3 2 5 1 1 4 1 4 4 3 5 5 2 4 4 4 3 3
1 4 5 5 4 3 1 5 1 3 5 1 2 4 1 4 0 4 5 3 2 3 3 2 4 5 3 5 1 5 4 5 1 1 4 1 5 3 3 1 1 5 3 4 1 4 5 5 4 3 1 1 1 4 4 5 5 2 2 3 5 2 4 2 5 2 3 3 4 2 5 2 3 3 1 5 1 2 5 5
5 2 1 4 5 1 5 2 4 2 4 3 2 4 3 2 4 0 3 4 1 5 2 3 3 2 2 2 1 1 5 5 3 3 4 1 4 4 4 4 2 1 1 4 5 5 2 3 5 4 1 3 4 1 2 1 5 3 4 4 3 3 4 5 3 5 5 5 2 2 5 3 1 2 1 1 3 5 3 5
5 4 2 1 5 2 4 3 1 5 2 2 1 5 2 4 3 3 0 1 4 2 5 5 5 4 3 4 4 5 5 3 4 1 3 4 4 2 2 4 5 1 5 3 4 2 2 5 1 5 1 5 2 1 5 4 1 4 2 4 4 4 3 4 1 5 1 5 1 1 1 5 5 3 3 2 2 1 5 4
1 5 3 1 2 5 4 5 2 2 1 1 2 5 2 2 2 3 3 0 2 2 1 5 5 2 2 4 1 3 5 4 2 1 3 2 3 5 3 2 5 5 2 3 3 1 4 2 5 3 5 2 3 1 2 5 1 2 4 5 5 3 5 4 1 2 5 5 2 5 2 5 5 4 4 5 1 1 4 1
4 4 3 5 5 5 2 4 3 1 3 3 2 5 1 1 5 2 4 5 0 5 5 4 1 5 1 4 3 2 1 5 5 2 2 5 4 1 4 2 5 4 3 5 3 3 4 3 3 5 1 3 5 5 2 3 1 5 2 3 1 3 3 2 3 4 5 2 4 1 2 3 1 2 1 5 4 4 2 4
4 2 5 1 3 3 3 1 2 4 3 3 1 2 3 4 3 3 1 5 2 0 3 4 4 4 5 5 4 5 5 3 4 2 1 2 3 2 1 1 2 2 4 2 2 4 5 1 1 1 2 2 5 3 1 2 1 4 3 1 4 1 5 1 2 1 5 5 3 2 4 2 5 1 5 1 1 2 5 2
4 4 3 3 3 4 1 1 4 1 5 1 2 3 1 2 1 1 5 4 2 2 0 5 4 2 5 3 2 2 3 5 4 3 5 4 4 4 1 5 3 1 5 3 5 2 2 5 3 2 3 3 5 4 3 2 4 2 2 3 2 3 3 4 3 1 4 1 4 3 5 4 3 1 2 2 1 2 4 3
5 1 2 3 4 4 4 1 5 3 2 1 4 3 3 1 3 1 2 4 4 5 1 0 5 3 1 3 1 3 3 4 1 5 4 1 1 2 1 2 2 3 2 4 2 5 1 2 2 4 5 1 5 1 2 1 1 3 1 1 4 1 3 2 2 2 1 5 1 1 5 4 5 1 1 1 5 4 3 3
2 1 4 5 2 1 3 2 3 3 1 1 3 1 2 2 1 1 2 5 2 2 1 1 0 5 2 3 4 1 3 2 5 5 2 2 4 2 1 5 2 2 1 2 5 2 4 1 4 4 5 4 4 2 5 4 1 5 2 1 1 5 5 4 3 5 1 2 3 3 1 2 5 4 2 5 3 1 2 4
4 4 4 1 2 1 4 1 4 2 5 4 3 3 4 4 5 1 5 4 4 5 5 5 3 0 2 3 2 3 2 3 3 3 3 5 2 4 4 2 3 5 2 5 2 3 4 4 3 2 2 4 1 4 5 5 2 2 4 5 3 3 4 2 2 1 4 2 2 1 3 5 5 3 2 1 2 1 2 5
5 3 1 2 4 2 3 1 5 5 5 3 2 4 4 2 4 1 1 2 2 5 4 5 1 1 0 5 5 1 1 3 1 5 1 4 1 3 3 4 1 5 2 5 4 2 4 3 2 3 5 2 3 4 2 5 1 1 4 1 5 1 1 3 5 4 2 3 1 4 2 3 2 5 5 2 1 3 5 1
2 2 3 4 2 2 5 1 4 2 2 4 4 1 5 4 4 5 4 2 2 5 4 5 4 2 2 0 2 1 4 5 1 2 4 1 4 3 2 5 1 5 1 3 1 1 4 5 5 3 1 2 2 1 3 4 4 4 5 5 2 3 2 4 5 4 4 3 4 1 3 3 3 4 4 2 4 1 5 4
4 1 3 2 5 3 4 2 1 5 2 4 4 5 3 4 1 5 4 5 4 1 3 1 5 3 2 3 0 1 4 1 1 4 5 2 1 1 2 1 3 4 5 1 5 5 1 3 2 4 5 4 1 2 1 3 2 1 1 2 5 3 2 2 1 4 5 2 2 3 5 2 4 5 3 2 4 2 2 1
3 2 1 1 3 5 5 4 4 3 5 3 1 1 3 2 1 5 4 3 3 4 1 4 5 1 4 3 2 0 2 2 5 5 1 3 2 4 3 4 1 4 5 2 1 3 1 4 2 2 5 3 5 1 5 4 4 2 2 3 5 4 1 2 1 1 3 2 5 4 4 1 1 5 2 1 5 3 3 4
5 4 4 5 4 1 5 2 1 4 3 2 5 1 3 2 1 2 5 1 4 4 2 3 2 2 4 2 4 1 0 5 5 2 2 1 1 2 2 5 4 2 1 2 5 4 3 5 5 4 4 4 5 5 3 3 2 2 1 2 5 4 2 2 5 4 1 5 5 5 4 5 3 5 5 5 4 4 3 4
2 4 2 4 2 1 4 5 4 2 5 5 4 1 4 5 5 3 2 5 2 3 4 1 4 2 3 5 3 4 4 0 4 5 1 4 1 5 2 5 1 5 4 1 4 4 4 3 5 5 3 5 2 3 5 5 1 2 2 4 2 5 1 5 5 4 4 2 4 4 4 5 1 1 4 2 1 2 3 1
3 5 1 5 3 1 3 2 2 2 5 3 3 2 1 2 1 2 4 1 3 4 5 4 1 3 1 1 2 3 5 4 0 4 3 1 1 5 4 2 5 4 2 4 1 5 3 5 3 2 4 3 2 4 5 2 3 2 5 5 2 4 3 4 2 1 3 3 1 1 2 4 5 3 4 4 3 4 2 2
1 5 3 3 5 1 1 4 4 3 2 1 3 5 4 2 5 2 2 1 3 3 1 2 5 3 4 3 2 5 2 2 5 0 1 1 3 5 4 1 3 2 1 3 1 3 2 5 2 2 4 1 4 5 5 1 2 1 4 2 1 5 1 5 2 4 3 3 5 1 5 4 4 5 4 3 2 4 3 5
4 3 3 4 5 2 5 4 2 4 2 3 5 1 2 2 3 1 1 4 1 3 1 1 4 4 4 2 5 3 4 5 3 3 0 2 1 4 3 1 2 2 4 5 4 1 5 2 2 5 4 4 1 1 4 2 1 2 5 3 5 2 3 2 3 2 4 2 2 5 2 5 2 4 2 1 3 3 3 1
3 1 3 3 1 5 3 2 5 4 1 1 3 4 4 3 3 1 1 5 1 4 1 4 4 3 4 4 4 3 5 1 2 4 4 0 3 3 3 1 4 3 4 4 4 1 2 1 5 2 1 4 4 5 5 5 5 1 2 4 5 5 1 1 3 4 5 1 4 1 5 1 3 4 2 4 2 2 5 3
3 5 2 2 1 1 4 1 5 1 2 3 5 2 2 3 5 1 3 3 4 5 5 1 1 4 5 4 4 5 1 4 1 1 5 3 0 5 2 3 2 2 5 3 4 2 3 3 4 1 2 1 5 5 2 2 3 3 2 5 2 4 3 4 1 2 5 5 5 1 2 5 2 4 1 3 2 1 3 2
3 3 3 5 1 4 5 4 5 5 4 2 5 2 2 1 3 2 5 3 4 1 4 5 4 3 4 3 3 2 2 2 3 3 5 4 1 0 4 3 1 5 1 5 3 1 2 2 1 3 1 1 2 1 1 3 1 1 3 1 2 1 1 4 3 4 5 1 5 5 2 1 2 5 2 1 5 1 4 2
3 1 3 2 4 2 4 4 1 4 4 2 1 3 5 4 2 2 1 2 2 3 3 3 4 5 4 3 2 3 2 4 1 5 3 4 4 2 0 5 4 4 3 5 5 1 2 4 3 4 5 3 2 4 4 4 4 1 4 4 3 3 4 5 2 1 1 4 2 1 1 1 5 2 3 4 1 2 2 1
1 4 5 2 5 5 1 4 1 4 3 2 5 3 5 3 3 1 4 5 1 2 2 3 2 5 5 4 4 1 5 1 5 4 3 5 3 2 5 0 3 1 3 2 4 5 2 4 3 2 5 1 4 2 4 1 3 5 2 3 2 4 4 4 4 1 1 2 4 3 5 5 5 1 1 4 1 2 1 4
4 5 1 5 2 5 1 2 2 5 4 5 1 1 3 2 3 5 2 1 3 2 5 1 3 5 2 1 2 3 5 4 4 5 2 2 4 2 1 2 0 1 2 4 4 2 3 1 4 5 5 1 5 3 3 5 2 1 2 1 2 4 5 3 5 4 1 3 2 1 2 2 4 4 1 1 3 3 5 5
4 2 4 5 3 3 3 4 5 4 2 3 2 5 4 5 3 2 2 2 5 4 3 3 3 2 4 5 5 5 4 4 5 2 4 4 5 4 3 2 5 0 3 2 4 2 1 5 3 2 5 3 2 4 5 5 4 3 4 2 1 3 2 3 4 2 1 4 2 3 1 5 5 2 4 5 4 5 4 3
3 2 4 3 1 1 1 3 4 4 4 2 3 3 2 2 2 4 5 5 5 4 2 2 5 5 3 5 1 1 3 4 1 5 4 4 3 2 5 2 2 3 0 3 3 3 2 3 1 4 2 1 2 5 1 3 5 2 4 1 1 4 5 5 1 4 5 4 3 1 2 4 2 2 5 1 2 4 4 4
2 4 5 2 3 1 2 4 1 2 2 5 1 1 5 2 2 3 2 3 5 3 3 4 2 1 5 3 4 3 5 2 4 1 2 3 2 5 1 4 5 3 4 0 3 3 4 5 2 2 2 5 2 3 5 2 1 3 2 3 3 3 1 2 2 2 2 3 3 1 1 5 3 1 3 3 4 3 1 3
2 1 2 2 3 4 3 1 5 2 4 1 4 2 3 2 3 2 5 1 1 3 4 1 2 5 3 1 5 5 4 1 5 1 2 2 1 3 1 5 2 3 1 1 0 5 3 5 4 2 1 3 3 2 3 5 1 4 1 2 3 2 5 3 3 5 3 4 2 1 5 4 2 2 4 2 3 3 4 3
2 3 2 5 4 2 4 2 4 3 3 4 3 5 5 3 1 5 1 2 5 2 3 2 2 3 4 5 3 4 3 4 4 3 4 4 2 1 1 2 4 4 5 4 1 0 4 3 5 5 2 3 1 1 5 5 5 4 2 1 1 2 1 1 3 5 5 2 1 1 4 1 2 2 4 3 3 1 5 2
5 4 1 2 4 1 1 4 3 2 3 2 1 2 5 5 5 4 5 5 3 4 5 1 3 3 3 4 2 3 1 4 3 1 2 5 3 4 3 5 3 4 5 3 3 5 0 3 2 5 1 2 5 1 4 3 5 2 1 4 1 5 5 3 5 1 5 5 4 1 3 1 1 3 4 2 4 5 1 2
4 3 2 2 2 1 3 1 1 3 1 5 2 5 2 2 3 2 2 2 3 5 2 5 3 1 5 2 3 4 3 4 3 5 3 2 3 5 4 4 5 2 3 4 4 2 2 0 3 4 2 4 1 2 2 2 4 2 5 1 2 2 5 5 3 3 5 3 4 5 3 4 1 1 3 5 2 4 3 5
5 1 3 5 1 1 1 1 4 1 2 4 3 1 4 2 5 4 4 1 5 2 4 4 4 1 2 3 1 4 4 1 4 5 4 5 4 5 2 5 1 4 3 3 2 5 2 3 0 5 5 3 5 2 4 4 2 4 4 3 5 4 4 1 3 2 4 4 4 2 3 2 4 3 5 2 3 4 2 2
5 1 4 1 4 3 1 1 2 1 2 3 4 5 4 4 1 4 2 5 3 3 4 4 3 3 1 3 3 3 5 1 5 1 2 1 5 2 4 5 5 3 2 3 5 2 3 5 3 0 2 4 3 5 1 2 4 2 3 2 4 5 5 3 5 1 4 5 1 1 1 3 2 2 1 2 3 3 4 1
5 5 1 3 5 1 1 3 3 3 3 1 3 3 3 2 5 2 3 5 1 1 2 2 5 3 1 3 5 5 2 3 4 3 2 2 4 5 3 1 1 4 3 2 3 2 5 3 5 2 0 5 2 5 2 1 4 5 2 5 5 5 3 4 2 5 1 1 4 1 4 4 3 4 1 1 4 4 4 1
1 1 5 3 4 4 5 4 1 4 4 5 1 1 2 3 2 3 4 2 5 1 1 1 3 4 5 1 4 3 5 1 5 4 1 1 3 4 3 1 2 1 2 1 5 1 1 4 3 3 3 0 1 1 3 2 3 3 2 4 2 4 1 1 5 4 5 5 2 4 5 1 3 5 4 3 1 4 1 5
2 4 4 3 5 5 4 5 5 1 5 4 5 3 5 2 4 1 2 1 1 4 5 1 1 4 4 4 5 4 3 2 1 4 3 3 1 4 2 3 2 2 2 5 3 1 5 3 5 2 4 1 0 5 4 4 4 5 1 1 5 4 4 2 1 2 5 2 5 1 2 5 2 1 3 4 5 3 4 1
3 4 3 3 1 1 5 5 2 3 2 3 4 2 3 2 1 4 1 5 1 3 5 1 1 2 1 4 3 4 5 4 4 3 5 1 1 5 5 2 2 1 5 3 5 5 5 4 5 5 2 5 2 0 2 4 4 3 5 4 4 1 4 2 5 3 4 5 2 1 2 3 3 3 1 1 2 3 1 2
2 3 3 1 4 5 4 2 3 4 2 5 2 4 1 4 3 3 5 5 2 2 1 5 5 5 1 4 4 1 4 1 2 1 5 2 5 3 2 1 4 4 3 3 3 2 2 5 3 3 4 5 3 4 0 5 5 2 5 4 2 3 5 4 1 4 3 3 4 1 2 3 5 5 4 1 4 2 3 1
3 1 4 3 1 4 3 3 3 4 1 5 1 1 3 5 2 4 5 4 4 4 1 4 2 3 3 2 4 5 5 1 1 1 3 1 1 2 5 5 2 3 5 3 5 4 1 2 4 2 1 1 4 4 5 0 3 2 4 5 5 3 2 2 4 4 5 2 2 4 2 4 2 1 3 1 5 1 4 1
3 3 1 4 1 5 4 1 4 1 2 2 1 4 4 5 2 4 5 5 2 5 3 1 5 5 1 1 3 5 1 4 1 1 5 5 2 4 4 1 4 1 5 4 4 5 3 4 5 1 3 2 2 1 3 4 0 5 5 5 2 3 3 4 1 5 4 3 4 2 1 4 5 2 4 4 3 5 5 1
1 2 4 3 3 5 1 1 5 1 4 4 4 2 5 4 2 4 4 4 3 3 3 4 3 3 3 3 4 4 1 2 2 4 2 3 3 2 3 3 2 2 3 1 1 1 5 5 3 4 3 1 2 2 1 5 4 0 2 1 1 4 4 4 4 1 3 1 3 5 3 2 1 2 4 2 1 4 5 1
3 5 1 5 1 3 1 1 3 4 3 1 5 2 4 2 5 4 4 5 5 3 5 1 1 1 1 4 2 3 5 4 3 5 4 5 3 4 2 3 2 1 4 2 1 3 1 4 1 5 2 4 5 4 2 4 5 5 0 5 2 5 4 4 5 2 1 3 5 4 4 1 4 2 1 2 3 4 3 1
5 1 5 5 1 5 4 2 2 3 5 4 3 4 5 5 1 1 1 5 3 5 5 3 2 5 5 1 2 1 5 3 3 1 4 2 3 5 2 4 5 1 5 3 3 3 4 3 5 5 5 5 4 1 4 1 4 5 4 0 5 3 2 1 1 4 3 3 5 4 5 5 4 2 2 3 1 3 4 4
1 1 2 2 2 1 2 5 4 4 5 4 5 5 4 3 3 3 3 3 5 1 5 5 5 3 3 2 4 3 3 2 1 2 5 3 4 3 3 3 1 2 4 3 3 5 5 2 1 2 3 2 5 4 3 1 5 2 4 5 0 1 3 1 1 2 3 4 5 3 4 4 3 1 3 2 1 2 5 3
2 4 1 5 2 1 5 2 2 4 4 1 2 5 2 3 1 3 1 3 2 3 4 1 1 1 1 5 5 4 2 5 2 4 2 5 5 3 5 1 2 1 4 2 4 2 3 3 3 5 4 2 4 1 5 2 2 1 2 2 4 0 4 5 4 5 1 3 4 3 4 2 2 2 3 5 1 4 3 5
4 3 3 1 3 2 4 4 3 5 1 1 2 3 5 1 5 2 5 5 1 4 4 4 1 5 1 5 3 4 3 3 3 3 2 3 4 2 5 2 3 3 1 3 4 2 3 4 4 1 3 3 3 4 1 1 2 2 5 3 5 1 0 5 4 4 3 5 3 1 5 1 3 1 1 1 1 2 4 5
1 5 1 5 1 5 3 4 3 4 4 4 1 4 1 2 4 3 4 3 3 1 4 4 5 5 1 1 4 2 5 2 4 2 3 3 5 5 5 4 3 3 5 3 1 3 3 5 5 4 5 3 5 5 5 3 3 3 1 5 4 5 2 0 1 3 5 4 5 2 5 3 4 3 3 4 2 4 1 1
4 1 3 4 5 4 3 2 1 3 1 4 1 1 3 2 3 4 5 1 4 4 5 4 4 5 4 5 3 3 2 2 4 5 1 2 5 2 4 1 3 4 1 5 2 5 2 1 5 5 4 5 2 5 5 5 5 2 3 2 2 1 1 5 0 2 5 5 1 2 4 4 4 3 2 5 1 4 1 3
3 5 1 1 1 3 2 2 1 3 3 2 5 4 2 2 1 3 1 3 5 1 4 4 4 3 5 2 2 2 4 1 3 2 5 5 2 1 5 2 5 1 4 1 4 4 4 2 1 4 2 1 5 1 5 2 5 5 5 2 5 4 5 1 2 0 2 5 3 1 3 3 2 2 5 1 5 3 5 1
5 5 2 4 4 4 1 5 5 1 2 2 4 2 3 4 1 3 1 3 1 4 5 4 2 3 3 4 3 5 4 3 4 3 1 5 4 2 1 2 3 4 3 2 1 3 4 4 4 3 1 3 2 1 2 4 4 5 1 1 5 4 4 3 1 2 0 3 2 2 1 5 4 2 4 4 4 4 2 3
2 3 2 3 5 3 4 2 5 3 1 4 3 3 4 2 4 4 2 3 1 3 1 1 1 5 4 2 1 3 2 1 2 5 2 1 5 1 5 5 5 5 2 3 1 2 1 3 3 3 2 2 1 2 2 2 3 5 1 4 3 1 3 1 1 4 1 0 2 4 5 4 4 5 1 2 1 3 2 4
5 1 5 5 4 4 4 3 4 5 5 1 2 5 4 1 1 2 5 2 1 3 2 2 5 2 3 3 5 5 1 3 2 2 2 3 1 2 4 2 1 5 3 2 4 4 4 3 5 4 4 1 1 3 5 1 1 3 5 4 2 2 4 3 1 1 1 5 0 5 2 3 2 1 5 1 2 5 1 3
4 3 5 2 2 3 3 1 4 5 4 3 4 5 1 1 2 4 3 2 1 5 3 2 1 3 2 3 2 2 1 2 4 5 3 1 2 5 3 4 1 4 4 2 2 5 4 1 4 3 4 2 1 1 1 2 3 2 5 1 4 4 1 1 4 5 2 3 3 0 5 4 4 2 5 1 3 5 1 2
1 1 2 5 1 1 5 4 3 4 4 5 2 2 5 5 1 3 4 3 3 1 1 4 4 1 2 4 5 3 4 5 1 4 5 2 3 4 2 2 2 3 2 4 1 3 4 4 2 3 5 2 2 4 1 3 1 1 4 4 1 4 5 3 1 2 3 1 4 4 0 3 1 5 4 4 5 2 1 5
1 1 5 5 4 4 2 2 2 1 2 2 1 1 2 3 3 3 4 5 2 1 4 3 3 2 1 3 5 1 3 1 5 4 3 1 1 2 4 5 5 2 3 3 2 3 1 3 2 4 2 3 2 2 2 1 4 2 2 3 4 4 3 2 4 3 2 4 2 3 2 0 5 1 1 2 2 2 3 2
4 4 2 1 5 5 3 4 3 5 4 4 2 1 5 4 2 5 4 2 4 4 4 3 4 5 3 4 1 3 1 2 4 2 1 3 4 3 5 4 5 4 1 1 4 1 3 4 5 3 5 4 5 1 1 3 1 1 3 4 1 2 4 3 2 4 5 1 4 2 4 4 0 2 2 1 3 4 4 5
1 2 1 4 5 2 2 2 1 1 3 1 5 4 1 5 5 2 5 1 2 1 5 1 2 1 1 2 5 1 3 3 1 5 5 5 5 5 1 4 2 1 3 3 3 3 5 4 5 3 4 1 1 1 3 2 5 5 3 5 4 5 2 2 5 2 1 1 2 1 4 5 4 0 5 3 2 3 1 4
2 4 4 5 4 4 5 4 2 5 2 1 2 4 5 1 5 5 2 5 4 4 4 4 2 5 3 2 3 1 1 1 3 2 5 5 1 2 1 2 3 3 3 4 4 3 2 2 1 2 3 3 4 2 1 3 4 1 5 1 4 4 3 2 1 4 1 1 3 4 2 4 4 4 0 1 3 1 3 4
2 1 5 1 4 3 4 1 1 5 5 2 3 1 4 4 3 3 1 4 1 5 4 3 5 5 5 1 3 2 4 4 4 3 2 4 4 3 5 3 5 3 5 3 3 2 2 1 3 4 2 3 2 3 2 1 3 2 4 1 3 2 5 5 1 2 2 2 5 5 5 5 3 1 4 0 2 3 4 4
1 5 4 3 5 5 5 2 4 3 2 3 1 5 1 2 3 2 2 1 3 2 1 1 4 2 1 3 4 5 4 1 5 3 5 3 2 5 1 3 1 1 3 2 4 1 5 2 5 1 4 1 3 4 2 5 3 1 1 4 3 4 3 1 5 3 5 2 5 5 3 2 1 2 3 2 0 3 3 2
2 4 3 1 5 3 5 2 5 2 5 2 5 3 3 2 4 4 4 3 3 5 2 4 1 4 5 5 1 2 4 2 3 1 5 1 5 5 1 1 3 2 5 1 4 2 5 3 2 1 1 4 5 2 2 3 2 4 4 4 5 5 1 3 5 4 4 5 2 5 2 4 3 5 1 2 3 0 2 5
2 1 4 1 2 4 2 5 2 1 3 4 5 2 1 5 4 3 3 5 3 1 5 2 3 5 3 2 5 2 4 1 5 1 3 2 3 2 1 4 5 2 1 5 3 1 4 3 3 3 1 1 1 4 5 3 5 4 3 4 2 4 1 5 4 2 5 5 3 4 3 5 2 3 4 4 4 5 0 2
3 2 3 2 5 4 5 1 2 1 5 4 4 2 5 4 2 4 4 4 5 5 1 3 1 4 1 4 1 2 5 3 1 5 2 5 2 2 3 4 4 5 2 3 3 1 4 5 1 5 2 3 4 5 3 5 5 1 2 3 2 4 4 1 1 3 3 4 3 5 5 3 1 4 3 1 1 2 2 0
61 48 56 27 62 69 11 79 72 2 64 46 43 47 79 62 74 10 76 5 59 34 37 42 61 28 12 25 71 6 37 43 7 21 34 61 50 72 47 80 11 9 5 76 35 23 27 13 73 8 80 14 51 45 35 79 12 13 43 75
28 25 50 53 47 15 43 54 36 29 30 40 38 2 78 63 45 42 52 2 69 47 34 14 71 40 6 30 77 41 13 29 28 61 13 65 61 32 29 10 12 55 77 10 4 56 56 36 19 22 22 41 41 3 33 78 31 62 69 61
48 70 20 46 7 46 14 70 18 73 45 41 47 72 41 74 26 40 17 22 12 21 25 44 3 31 1 2 25 7 29 63 46 19 38 49 54 76 50 76 37 67 74 25 10 63 41 66 6 2 35 1 1 31 78 19 52 25 9 23
24 31 6 38 42 71 76 68 38 8 12 15 33 62 61 33 41 72 68 71 34 28 13 12 12 55 44 28 15 12 35 7 13 5 66 70 51 64 57 45 51 27 30 64 47 15 16 2 67 33 45 40 12 66 72 40 30 21 35 9
75 43 52 35 53 42 35 64 3 15 48 38 71 54 9 44 4 9 27 68 1 46 7 52 43 14 53 22 63 16 68 64 56 76 23 69 24 28 7 18 39 69 60 34 29 44 10 67 53 46 25 48 32 50 50 34 23 17 79 69
46 34 16 64 49 64 37 51 20 71 68 72 13 45 62 21 33 57 9 31 68 76 8 50 11 41 22 79 41 17 73 49 63 42 58 56 41 8 63 20 79 72 75 59 64 55 11 73 42 24 13 18 70 44 11 11 13 78 58 22
56 16 31 2 11 27 47 67 5 34 37 8 41 66 77 37 63 12 39 56 31 69 41 17 16 36 9 7 58 34 36 74 30 63 7 58 45 58 42 68 66 75 73 49 65 41 38 69 7 73 64 32 78 51 79 49 14 28 48 68
5 59 45 62 23 29 22 18 16 49 54 44 26 42 13 28 34 3 23 52 22 17 65 43 20 72 56 72 21 77 50 23 49 11 53 11 3 30 58 51 2 15 78 69 36 34 21 71 54 40 39 38 34 63 60 56 40 69 61 37
62 13 43 74 52 49 40 24 53 27 58 45 59 61 3 51 56 73 51 17 40 39 16 70 22 68 69 67 62 62 9 22 1 72 15 76 60 67 75 39 14 25 53 14 41 5 65 39 15 6 67 61 56 4 23 62 80 26 4 18
80 58 72 48 46 31 58 30 64 37 25 34 60 80 10 2 73 36 2 72 76 43 4 49 51 75 20 12 28 5 80 47 29 68 43 30 31 9 37 46 69 17 66 42 33 31 15 32 23 67 54 23 26 13 8 13 6 35 8 49
8 2 5 66 77 56 1 73 32 63 80 51 48 23 19 6 47 8 14 43 9 56 29 10 48 43 39 24 43 76 11 41 59 3 74 68 13 14 51 3 62 1 58 24 18 26 29 15 80 38 2 34 72 35 52 47 72 77 12 38
66 46 21 7 13 78 8 31 25 59 75 68 27 78 11 47 79 58 65 35 28 31 15 63 79 59 55 34 80 75 12 69 58 26 73 20 22 55 44 19 16 3 50 6 25 70 59 74 56 69 26 73 11 72 73 10 32 76 75 41
33 61 14 78 75 8 3 39 29 9 17 31 18 10 28 20 36 53 44 70 2 16 75 58 62 62 77 26 18 59 65 56 74 55 44 48 46 16 56 53 40 58 43 57 11 43 34 23 16 28 56 80 55 68 28 63 55 68 40 24
76 6 19 60 34 17 34 47 22 22 32 57 45 57 49 24 61 19 74 10 67 74 17 56 18 26 33 4 10 63 60 24 8 14 21 21 62 37 31 13 58 46 67 60 75 69 61 14 60 41 40 75 24 41 15 30 49 52 76 79
53 62 35 21 72 25 70 60 44 80 49 4 77 59 50 58 40 21 79 79 39 49 21 3 33 22 67 9 52 18 1 75 38 77 68 40 57 35 14 7 74 57 55 78 46 7 42 26 2 12 62 69 2 19 74 37 8 80 20 52
68 35 48 28 10 35 57 33 42 18 14 28 40 46 40 75 59 74 25 53 70 41 64 55 67 20 64 66 29 35 4 51 45 43 49 51 43 57 4 72 6 71 36 80 52 24 76 57 68 32 7 74 69 2 66 51 22 29 45 64
51 63 13 71 20 59 29 76 12 10 62 79 1 11 14 77 22 23 40 27 32 57 77 57 78 80 34 61 48 45 10 15 14 32 42 72 44 56 67 24 36 20 18 35 77 64 20 19 46 17 12 78 77 48 68 29 44 60 17 8
72 60 69 32 38 79 75 26 11 6 2 59 2 32 36 5 17 18 12 73 3 14 72 60 59 76 24 74 39 57 8 10 25 71 37 67 33 66 25 65 80 43 44 32 28 8 28 49 47 39 10 11 18 36 71 75 53 19 30 32
71 32 75 9 19 18 56 17 67 4 4 14 69 53 33 39 19 17 18 9 80 68 14 75 24 71 76 65 33 44 2 42 17 73 69 7 1 63 3 57 68 37 1 26 72 71 40 48 8 77 16 21 33 57 46 72 11 67 19 45
52 67 3 18 36 47 41 38 74 26 43 64 50 15 65 68 43 25 48 15 26 23 76 5 5 23 75 47 7 2 61 20 75 36 8 25 67 24 45 44 15 63 52 62 57 75 1 70 3 35 49 60 63 14 37 65 61 51 74 59
30 37 4 42 21 24 42 42 17 44 8 10 55 12 53 16 62 2 78 40 15 0 62 32 42 0 41 78 16 37 75 37 50 49 17 0 6 79 72 41 65 79 20 27 24 66 78 0 25 51 44 2 66 20 64 18 68 73 6 63
9 8 0 8 25 10 61 36 49 5 50 63 6 27 0 48 46 20 4 75 41 0 23 23 0 0 35 29 57 14 7 27 51 50 59 0 55 6 54 0 10 0 15 48 21 19 67 0 0 30 79 12 79 0 24 24 35 79 16 0
40 21 0 79 0 12 26 23 30 57 6 30 46 79 0 71 12 77 3 4 4 0 0 36 0 0 42 63 0 48 32 44 48 18 78 0 15 75 80 0 46 0 38 37 43 25 0 0 0 70 75 54 29 0 31 32 0 4 21 0
36 74 0 22 0 28 63 27 9 0 10 76 0 56 0 13 31 0 57 33 53 0 0 47 0 0 57 0 0 55 17 28 69 37 0 0 0 0 10 0 45 0 69 30 58 0 0 0 0 59 9 16 13 0 70 36 0 72 53 0
4 15 0 0 0 63 30 66 1 0 39 74 0 0 0 14 8 0 31 6 61 0 0 72 0 0 78 0 0 1 0 26 21 31 0 0 0 0 21 0 13 0 45 0 0 0 0 0 0 23 30 26 0 0 0 55 0 1 14 0
65 72 0 0 0 77 28 0 62 0 9 17 0 0 0 0 27 0 26 23 5 0 0 73 0 0 58 0 0 23 0 61 77 39 0 0 0 0 6 0 43 0 0 0 0 0 0 0 0 36 70 4 0 0 0 45 0 71 70 0
16 56 0 0 0 0 65 0 69 0 26 21 0 0 0 0 69 0 20 0 77 0 0 21 0 0 14 0 0 68 0 1 39 4 0 0 0 0 73 0 0 0 0 0 0 0 0 0 0 0 32 24 0 0 0 0 0 66 29 0
17 47 0 0 0 0 45 0 0 0 66 66 0 0 0 0 0 0 58 0 63 0 0 0 0 0 71 0 0 69 0 60 0 24 0 0 0 0 52 0 0 0 0 0 0 0 0 0 0 0 0 36 0 0 0 0 0 0 71 0
43 50 0 0 0 0 0 0 0 0 0 26 0 0 0 0 0 0 0 0 0 0 0 0 0 0 49 0 0 70 0 0 0 67 0 0 0 0 0 0 0 0 0 0 0 0 0 0 0 0 0 0 0 0 0 0 0 0 51 0
0 0 0 0 0 0 0 0 0 0 0 0 0 0 0 0 0 0 0 0 0 0 0 0 0 0 62 0 0 15 0 0 0 16 0 0 0 0 0 0 0 0 0 0 0 0 0 0 0 0 0 0 0 0 0 0 0 0 0 0
0 0 0 0 0 0 0 0 0 0 0 0 0 0 0 0 0 0 0 0 0 0 0 0 0 0 0 0 0 0 0 0 0 0 0 0 0 0 0 0 0 0 0 0 0 0 0 0 0 0 0 0 0 0 0 0 0 0 0 0
0 0 0 0 0 0 0 0 0 0 0 0 0 0 0 0 0 0 0 0 0 0 0 0 0 0 0 0 0 0 0 0 0 0 0 0 0 0 0 0 0 0 0 0 0 0 0 0 0 0 0 0 0 0 0 0 0 0 0 0
0 0 0 0 0 0 0 0 0 0 0 0 0 0 0 0 0 0 0 0 0 0 0 0 0 0 0 0 0 0 0 0 0 0 0 0 0 0 0 0 0 0 0 0 0 0 0 0 0 0 0 0 0 0 0 0 0 0 0 0
0 0 0 0 0 0 0 0 0 0 0 0 0 0 0 0 0 0 0 0 0 0 0 0 0 0 0 0 0 0 0 0 0 0 0 0 0 0 0 0 0 0 0 0 0 0 0 0 0 0 0 0 0 0 0 0 0 0 0 0
0 0 0 0 0 0 0 0 0 0 0 0 0 0 0 0 0 0 0 0 0 0 0 0 0 0 0 0 0 0 0 0 0 0 0 0 0 0 0 0 0 0 0 0 0 0 0 0 0 0 0 0 0 0 0 0 0 0 0 0
0 0 0 0 0 0 0 0 0 0 0 0 0 0 0 0 0 0 0 0 0 0 0 0 0 0 0 0 0 0 0 0 0 0 0 0 0 0 0 0 0 0 0 0 0 0 0 0 0 0 0 0 0 0 0 0 0 0 0 0
0 0 0 0 0 0 0 0 0 0 0 0 0 0 0 0 0 0 0 0 0 0 0 0 0 0 0 0 0 0 0 0 0 0 0 0 0 0 0 0 0 0 0 0 0 0 0 0 0 0 0 0 0 0 0 0 0 0 0 0
0 0 0 0 0 0 0 0 0 0 0 0 0 0 0 0 0 0 0 0 0 0 0 0 0 0 0 0 0 0 0 0 0 0 0 0 0 0 0 0 0 0 0 0 0 0 0 0 0 0 0 0 0 0 0 0 0 0 0 0
0 0 0 0 0 0 0 0 0 0 0 0 0 0 0 0 0 0 0 0 0 0 0 0 0 0 0 0 0 0 0 0 0 0 0 0 0 0 0 0 0 0 0 0 0 0 0 0 0 0 0 0 0 0 0 0 0 0 0 0
0 0 0 0 0 0 0 0 0 0 0 0 0 0 0 0 0 0 0 0 0 0 0 0 0 0 0 0 0 0 0 0 0 0 0 0 0 0 0 0 0 0 0 0 0 0 0 0 0 0 0 0 0 0 0 0 0 0 0 0
