60 80 30 20 30
3
5
3
4
3
4
2
5
2
5
3
5
5
1
4
1
3
3
5
5
1
4
5
3
3
3
5
5
1
5
1
2
2
4
1
5
5
1
1
1
4
3
2
3
2
2
5
2
3
3
4
3
5
2
4
4
4
2
5
5
2
5
4
1
3
3
3
5
1
3
3
4
1
5
1
3
4
1
4
4
0 4 3 1 2 3 3 3 4 2 3 1 5 5 4 5 5 5 3 1 2 2 2 3 2 2 3 4 1 1 5 5 5 2 3 4 5 3 1 3 4 4 2 1 1 4 5 2 4 4 3 1 5 5 1 4 2 3 4 4 5 3 5 1 5 1 4 3 3 3 4 3 1 5 4 3 5 3 4 4
4 0 2 5 2 1 1 3 1 2 1 5 5 5 4 5 4 2 5 2 5 1 5 1 3 4 1 2 4 1 5 1 4 5 1 1 2 2 5 3 1 4 1 4 4 4 5 1 2 1 3 3 3 5 5 3 3 4 5 4 4 3 1 4 3 3 1 5 5 1 4 3 1 5 1 4 4 4 4 4
5 5 0 4 3 5 1 2 1 1 2 4 4 1 5 2 5 3 2 1 4 4 5 4 1 3 1 4 3 4 1 5 5 3 5 1 1 3 2 3 5 4 1 5 3 5 1 4 2 1 4 5 4 5 1 4 4 2 3 5 1 2 5 4 2 2 3 2 3 3 5 3 2 4 1 2 2 3 5 3
5 1 1 0 2 3 4 1 2 4 5 3 1 3 2 1 2 3 2 2 5 1 3 2 5 3 3 3 2 1 2 2 1 3 5 5 1 3 2 3 3 5 1 4 1 2 3 3 4 1 1 2 3 1 4 5 4 5 2 4 1 1 4 2 2 5 3 3 2 4 2 3 5 4 1 3 5 1 3 4
5 5 5 5 0 4 2 5 4 5 1 1 4 4 4 4 1 4 4 4 4 1 4 2 3 3 3 4 3 1 1 4 5 2 5 4 2 3 4 5 5 1 3 3 1 4 4 1 4 3 4 4 5 1 4 4 2 2 3 5 5 5 2 5 3 5 3 3 5 5 2 5 5 4 4 4 4 3 5 5
1 4 3 5 3 0 3 4 3 4 3 2 2 3 1 1 2 5 4 5 2 2 5 3 4 4 1 2 3 4 4 2 5 2 3 3 1 5 1 2 5 2 4 5 5 5 3 2 5 2 4 5 3 5 2 5 3 1 1 3 2 4 2 4 2 4 1 2 1 3 4 1 5 4 3 1 3 4 1 3
3 2 1 5 5 1 0 2 3 1 3 1 4 3 5 3 5 3 2 1 4 2 4 2 5 1 4 4 5 2 2 5 4 3 5 4 3 3 3 1 5 1 3 1 2 3 1 2 3 5 2 2 2 5 5 1 1 2 1 1 4 5 1 2 1 5 3 1 2 4 4 1 2 1 2 1 2 4 2 2
5 5 4 4 5 2 2 0 4 4 5 2 4 4 2 4 4 1 1 4 1 3 1 5 5 5 3 5 3 4 2 5 4 5 4 1 3 3 4 3 5 1 2 3 2 1 1 3 1 2 4 3 5 1 3 3 3 4 4 4 5 5 5 4 1 4 4 3 5 4 2 2 4 2 5 3 5 5 4 1
4 1 4 2 2 1 2 5 0 1 2 5 2 3 5 5 4 5 1 4 3 4 1 1 5 2 3 1 1 5 4 4 2 3 1 5 3 5 2 1 4 4 2 5 3 3 5 3 3 4 2 3 3 1 3 1 5 4 3 4 1 3 4 5 3 5 3 4 1 1 1 5 4 5 5 2 5 4 5 5
2 4 2 4 3 4 1 4 5 0 3 1 5 3 1 5 3 2 3 3 1 5 2 4 1 3 2 5 2 1 5 1 3 3 4 2 1 4 3 1 1 2 3 4 5 1 4 5 1 3 4 3 2 2 5 3 1 3 2 4 4 4 3 3 4 3 2 5 1 4 3 1 2 1 5 5 2 1 1 5
5 2 1 4 1 2 3 5 5 5 0 1 5 1 2 2 2 3 4 5 5 2 2 4 2 4 4 2 3 1 5 2 4 2 5 5 3 4 1 4 3 4 5 2 3 3 5 3 2 1 3 5 5 3 4 5 1 4 2 4 3 3 1 3 5 1 2 3 1 2 2 3 2 5 4 3 4 3 4 4
2 1 1 1 3 5 2 4 2 4 3 0 2 5 1 5 3 4 1 1 3 4 1 3 3 4 5 5 5 3 4 5 3 5 5 5 4 4 2 5 4 3 5 3 1 2 4 4 2 4 1 1 2 3 4 4 3 5 5 3 5 5 4 2 4 3 1 3 1 5 1 5 5 3 4 4 2 5 4 3
2 4 1 5 1 3 5 4 1 5 3 3 0 2 3 1 5 1 5 3 4 5 5 3 2 3 3 4 5 2 1 5 5 2 2 3 2 4 1 1 1 4 1 4 5 3 5 1 4 3 4 1 2 1 1 5 3 5 3 2 3 1 5 5 4 4 3 4 2 2 2 3 4 5 2 4 2 2 5 2
4 1 2 2 2 3 4 2 1 1 1 2 1 0 5 5 1 2 1 5 4 2 4 5 1 2 4 3 1 5 1 1 5 4 2 3 1 4 5 1 5 4 4 5 2 5 3 1 2 1 2 5 4 3 3 2 3 5 3 2 4 3 4 2 5 3 4 4 4 1 4 4 1 5 3 1 3 5 4 5
5 4 3 4 3 2 1 1 2 2 3 1 3 2 0 4 3 2 1 5 2 1 3 3 1 4 1 2 3 4 5 2 5 2 3 5 1 3 3 1 5 2 4 2 2 3 4 2 3 4 2 3 2 5 4 2 4 5 3 1 1 5 3 5 1 5 1 2 4 4 2 5 3 1 4 5 3 4 2 4
3 2 1 4 4 1 2 3 4 2 1 5 5 5 3 0 1 2 4 3 2 5 1 4 5 5 1 1 4 1 3 2 5 1 2 3 2 1 1 3 3 3 5 4 4 4 4 5 1 2 5 2 5 5 1 5 5 4 5 5 3 4 4 4 3 5 3 5 2 3 3 2 1 4 3 1 2 4 3 1
5 4 3 3 2 3 5 3 3 1 4 5 3 3 5 5 0 5 1 3 1 2 4 4 2 2 4 5 4 5 4 3 2 3 1 3 2 5 3 2 5 2 2 3 5 2 4 4 3 1 1 2 2 5 3 2 1 2 1 3 1 1 1 4 5 3 2 1 3 1 4 1 1 3 1 5 1 3 5 3
2 1 4 5 5 3 3 5 3 3 5 4 4 4 1 5 5 0 1 4 4 1 2 3 3 3 3 4 4 3 2 4 2 2 4 4 1 3 5 3 5 1 3 4 3 2 3 5 3 3 1 2 5 2 1 2 1 1 3 3 1 1 5 1 2 4 3 1 5 2 1 2 3 2 5 3 2 2 5 2
2 5 3 4 1 2 1 4 2 1 5 5 1 2 2 3 3 4 0 5 4 2 1 5 1 1 5 3 4 5 2 1 3 3 2 3 5 5 4 1 1 5 5 1 2 3 2 4 2 1 3 3 4 3 2 2 3 2 3 5 5 5 4 4 1 4 4 3 5 5 3 2 2 1 2 4 1 5 1 4
2 2 5 1 4 3 2 3 1 4 5 1 5 4 5 1 4 1 4 0 5 3 5 4 5 5 5 4 1 1 4 1 4 5 2 2 5 1 4 3 2 5 4 2 2 2 2 4 2 1 3 2 3 1 3 3 3 5 5 5 2 4 2 2 3 5 1 1 4 3 4 3 2 1 3 4 2 2 3 4
4 2 1 3 4 1 5 3 4 1 2 5 1 5 4 2 4 3 1 3 0 1 1 5 4 2 2 4 3 3 4 1 4 3 1 4 5 2 3 5 3 4 4 1 1 2 4 3 5 1 3 5 5 2 1 4 2 2 3 2 3 2 4 4 5 3 5 5 3 4 4 4 3 2 3 5 1 2 3 2
5 1 4 4 3 5 4 2 5 4 1 4 3 1 3 2 4 1 4 5 2 0 5 3 3 5 4 3 3 2 4 3 1 5 5 5 2 1 4 2 2 3 1 4 4 5 4 2 1 1 3 2 5 5 2 5 4 2 4 4 5 3 4 4 1 4 2 2 2 5 2 1 5 1 2 4 2 2 4 5
5 4 4 1 5 3 5 1 4 4 4 4 5 2 1 2 4 1 4 4 3 5 0 3 3 1 4 3 4 3 5 1 2 2 4 3 4 5 5 1 4 3 2 4 3 4 5 1 2 3 1 2 2 3 2 2 5 4 4 3 3 4 4 3 3 3 1 1 5 5 3 1 2 5 1 3 4 3 4 3
1 1 1 3 5 2 5 3 3 1 1 2 5 4 2 2 5 3 2 4 5 2 3 0 2 5 3 5 3 5 1 4 1 3 3 1 1 5 3 4 2 2 5 3 4 3 1 3 3 4 5 2 4 1 5 2 3 5 2 1 3 2 4 4 5 1 4 4 2 4 4 2 3 1 4 2 4 2 2 5
2 5 4 1 5 1 1 2 2 3 2 3 3 4 5 3 5 4 2 5 2 1 4 4 0 5 4 5 3 2 4 3 3 1 1 4 3 3 4 2 2 2 5 1 5 3 5 3 4 4 2 3 5 4 1 3 2 3 1 2 3 1 1 1 5 4 1 1 3 1 3 5 5 5 1 4 5 5 3 3
5 4 5 1 2 5 5 2 1 4 5 3 5 5 2 3 3 2 3 2 3 4 5 1 2 0 1 1 1 4 2 2 1 2 3 5 3 5 5 1 4 2 1 4 5 4 3 4 1 3 2 4 3 1 2 4 5 3 4 4 2 2 4 1 3 5 3 1 5 1 3 1 1 5 3 2 5 3 5 3
4 5 3 2 2 2 4 5 2 1 1 3 2 5 2 4 2 5 5 5 1 1 5 2 5 2 0 2 4 3 2 4 4 4 3 2 3 1 5 3 3 5 1 2 2 4 4 3 4 4 4 2 3 1 1 3 4 5 1 1 2 5 1 1 3 2 1 1 3 2 2 4 5 2 5 3 3 5 4 5
2 4 5 3 3 1 3 5 3 1 2 2 4 3 1 4 2 1 3 4 5 1 3 1 3 5 1 0 5 4 4 5 1 1 4 4 1 3 3 5 3 2 2 5 2 2 3 5 4 5 5 3 3 1 3 5 4 5 4 4 5 5 3 4 2 5 2 3 1 5 5 2 3 3 5 1 2 1 4 3
1 5 5 5 3 2 4 5 3 1 1 3 5 5 4 3 4 3 4 4 4 4 2 5 3 2 1 3 0 1 2 1 1 2 5 4 4 1 2 3 3 1 1 4 5 1 2 3 1 4 3 1 2 5 1 2 5 3 5 1 4 3 2 5 2 5 5 5 3 3 5 2 2 5 1 4 2 1 5 1
4 4 1 2 5 1 3 4 1 2 1 3 3 4 5 4 2 5 1 5 2 1 4 4 4 5 3 3 1 0 4 2 2 3 4 5 1 4 3 4 2 5 2 4 3 2 4 3 3 3 3 4 4 4 1 3 3 1 3 4 2 2 3 2 3 4 3 4 1 4 1 1 2 5 1 5 3 2 4 2
1 4 3 4 3 4 2 5 3 3 4 5 2 5 3 5 5 4 5 1 4 1 1 5 3 3 3 2 3 5 0 1 3 5 5 4 4 3 2 4 5 4 2 3 4 2 1 4 3 3 2 3 1 4 2 3 5 2 1 2 2 2 2 5 1 2 2 5 5 3 4 1 5 4 5 3 1 4 3 4
1 2 3 1 3 1 3 5 2 4 4 3 3 3 5 5 3 5 2 2 1 1 5 1 4 5 2 1 4 1 5 0 2 2 3 4 3 1 1 5 5 3 1 5 1 3 2 5 4 2 4 3 2 4 2 1 2 5 4 5 4 3 5 4 2 5 2 1 4 4 5 2 2 4 4 4 1 5 2 5
1 2 5 3 4 4 1 2 3 5 1 2 4 2 5 3 4 2 2 1 5 5 3 1 4 1 1 5 3 3 2 4 0 4 2 4 3 2 5 3 4 3 3 2 4 2 3 3 4 2 3 5 1 4 2 2 4 3 1 5 2 4 5 1 4 4 2 1 3 1 3 1 4 3 2 5 5 4 4 4
1 3 4 2 2 4 3 4 1 3 5 2 1 5 4 5 5 4 2 4 4 5 1 3 1 1 5 4 5 3 1 3 3 0 5 3 2 3 4 5 4 4 1 1 5 4 3 4 2 1 2 4 4 3 2 2 3 2 1 5 4 1 4 5 4 2 4 1 5 3 3 5 3 3 3 4 2 3 5 1
3 4 1 1 1 3 2 3 5 2 2 4 1 5 5 3 5 5 5 1 3 3 5 2 3 5 2 3 2 1 4 5 5 5 0 3 5 1 3 2 2 3 5 2 1 4 1 1 2 5 2 5 5 3 3 5 2 5 3 3 3 4 5 3 4 5 1 4 4 5 5 2 4 3 2 2 3 5 5 2
1 3 1 4 2 5 4 3 2 1 1 1 2 5 1 5 2 2 5 5 2 4 3 2 5 5 2 4 1 2 4 1 2 1 2 0 4 5 4 2 4 1 2 5 1 2 3 4 3 2 4 4 3 4 1 1 4 2 4 5 1 2 2 3 5 1 1 2 5 4 2 4 4 3 4 3 1 5 5 3
5 3 1 3 5 3 1 1 5 5 2 1 4 3 5 4 2 3 1 1 1 3 2 4 3 3 3 1 4 1 3 1 4 1 3 2 0 3 3 4 2 5 3 2 4 4 5 3 5 4 2 3 4 4 4 3 5 1 1 5 2 2 3 1 4 1 4 5 5 4 3 5 1 3 5 3 3 4 2 2
3 3 2 3 1 1 3 1 2 1 5 3 1 1 1 3 1 4 1 5 1 2 1 5 4 5 2 5 2 1 4 3 2 5 3 1 3 0 1 3 4 4 3 5 2 5 3 1 3 5 4 2 2 2 3 2 5 2 3 3 5 3 3 4 4 5 5 5 4 1 2 5 4 4 2 3 3 1 1 3
5 4 3 5 2 3 1 1 1 5 2 2 3 2 2 1 3 4 1 1 3 5 4 5 3 3 1 5 1 5 2 5 5 3 1 1 4 5 0 5 5 3 2 2 2 2 2 1 4 4 4 3 3 1 2 4 1 4 3 5 5 4 4 2 2 1 1 3 4 2 2 2 2 5 5 4 3 3 5 2
3 2 4 5 2 3 4 5 1 3 5 1 3 4 1 1 1 3 1 5 2 5 5 2 1 3 5 4 2 3 1 3 1 3 2 1 2 5 2 0 1 5 2 4 4 4 1 5 5 4 4 1 2 3 5 2 2 3 5 3 3 3 3 4 4 3 2 3 4 1 5 4 1 5 5 5 4 4 4 4
4 4 2 4 5 2 2 3 2 3 1 3 5 2 2 2 5 1 1 3 4 4 5 2 1 1 1 3 1 3 1 4 5 4 5 3 2 4 4 2 0 5 5 3 2 2 3 2 5 5 1 5 2 2 4 1 3 1 3 1 2 5 1 5 3 2 1 2 5 5 2 3 1 1 1 2 2 2 4 5
1 5 5 3 1 4 3 1 4 3 5 3 1 2 3 1 5 4 2 5 5 5 3 3 5 2 2 3 2 2 1 3 5 2 5 4 3 3 2 4 3 0 4 3 1 3 1 4 1 3 2 1 3 5 5 4 2 3 5 4 1 4 5 1 2 3 2 5 2 5 2 3 1 5 3 3 1 4 5 5
4 4 2 5 5 4 2 2 5 2 5 3 4 1 1 3 3 4 2 1 4 3 2 4 3 1 5 4 4 3 4 1 2 1 3 5 4 2 1 1 4 5 0 1 2 2 1 2 4 2 4 3 2 3 2 1 3 2 3 3 3 1 3 4 1 3 5 3 3 1 3 2 2 3 4 1 3 4 3 1
3 1 1 2 1 4 4 2 4 3 2 3 2 3 2 2 3 3 2 1 1 3 2 2 1 1 1 1 1 4 2 4 1 4 2 4 5 4 1 1 3 4 1 0 1 2 2 1 4 2 3 4 3 2 4 5 3 1 4 5 5 1 4 5 4 5 2 4 4 2 4 4 4 5 2 4 1 3 1 3
5 5 5 3 1 3 3 3 3 2 3 3 4 2 2 4 3 2 4 1 4 5 1 2 5 4 5 4 1 5 5 1 3 5 1 5 1 1 5 3 5 3 5 2 0 4 5 5 1 4 5 3 2 3 2 2 2 4 5 4 1 1 3 5 4 3 4 2 2 1 4 2 4 5 3 2 3 1 2 2
1 5 3 4 2 1 1 4 4 3 2 4 4 5 4 2 5 5 1 2 1 1 4 3 1 5 5 2 3 1 2 4 3 4 2 2 5 2 3 5 1 2 5 2 1 0 4 5 5 2 2 3 4 3 4 5 2 4 3 3 4 3 5 3 1 4 4 1 3 3 3 4 3 5 5 5 5 5 4 1
1 1 2 2 4 2 3 4 4 3 5 2 3 4 5 1 5 1 3 3 1 5 3 1 5 4 5 1 4 1 5 2 1 3 5 2 5 4 1 5 5 3 2 1 3 5 0 1 4 1 5 3 4 3 3 1 5 3 1 2 5 4 3 5 3 1 2 4 2 2 1 1 1 1 1 1 2 4 1 1
5 5 5 4 1 2 4 5 5 1 1 2 4 1 3 4 3 2 2 2 2 4 5 5 4 1 4 2 1 3 1 1 5 5 4 4 5 3 5 4 1 5 2 5 3 5 5 0 1 2 4 3 1 4 3 1 2 3 5 1 2 1 4 2 2 4 4 1 2 4 5 4 3 5 5 4 4 2 2 4
5 5 5 2 4 1 5 1 5 4 1 4 5 2 5 2 5 1 4 4 4 5 2 3 4 4 1 1 4 1 4 3 5 5 2 5 5 2 4 5 1 3 3 2 4 2 3 1 0 4 1 3 4 3 4 1 3 2 1 2 5 2 4 2 4 3 5 1 4 1 1 5 4 5 4 3 5 4 1 4
3 3 1 3 1 1 5 2 2 4 2 1 2 4 2 5 5 3 2 3 2 3 3 2 3 1 5 3 3 4 1 1 1 2 3 3 3 4 1 3 1 3 1 4 1 2 5 5 3 0 3 2 2 2 4 1 3 5 1 3 1 2 3 2 1 5 2 3 5 1 4 3 5 2 3 3 2 3 2 2
5 2 1 1 3 5 3 1 1 3 4 1 4 2 5 4 2 3 3 2 1 4 4 4 5 1 3 5 4 2 5 4 5 1 1 3 4 3 5 5 4 1 5 1 2 4 1 1 4 2 0 3 3 5 2 5 1 1 4 4 4 2 2 5 1 2 4 3 5 1 3 2 3 2 5 2 1 3 4 1
2 4 4 1 3 1 3 1 4 2 2 2 4 2 1 1 2 4 4 4 2 2 5 4 2 2 2 5 1 4 5 4 3 2 2 3 2 1 1 4 2 3 3 4 1 4 2 3 2 1 4 0 2 5 1 3 3 2 1 2 4 3 5 2 4 5 2 5 3 1 3 4 2 4 1 3 2 3 5 2
5 1 2 2 3 3 3 5 5 5 3 2 3 1 5 1 3 5 5 2 1 2 4 3 1 1 5 3 5 1 2 1 4 3 4 1 3 4 4 3 2 3 2 1 4 3 3 4 4 1 3 1 0 1 3 3 4 4 2 1 4 4 4 2 2 4 2 1 2 2 1 5 1 5 5 1 4 4 5 5
4 2 4 4 5 4 5 1 1 1 4 4 4 4 4 4 5 4 3 3 2 1 2 3 1 5 1 1 5 3 4 5 5 1 5 5 3 1 1 4 2 3 1 4 3 2 1 1 3 5 5 2 3 0 2 3 1 5 4 1 2 5 2 1 2 5 1 1 4 3 2 1 4 1 4 2 2 1 2 3
2 1 1 2 1 3 3 2 5 2 4 3 1 5 5 2 5 3 5 1 5 4 1 3 2 1 3 3 1 5 5 5 2 3 2 2 4 3 5 3 4 5 4 1 4 5 5 1 5 4 5 4 4 4 0 3 5 4 3 5 1 4 5 4 5 4 2 2 2 1 5 3 5 2 4 4 3 2 5 5
1 3 1 2 3 1 1 4 4 5 5 5 4 5 4 4 3 1 3 1 3 3 5 1 1 3 3 2 5 3 3 4 1 4 2 5 5 2 2 4 1 5 4 2 4 4 2 4 1 4 3 2 1 2 1 0 4 5 1 2 3 1 1 3 3 4 4 4 1 5 5 1 2 4 3 3 1 1 5 4
2 1 4 3 2 1 4 1 2 1 4 4 1 5 5 3 5 3 5 5 3 4 5 2 5 2 3 4 2 4 4 5 1 2 1 5 2 1 1 1 3 5 5 1 4 5 5 3 5 3 1 3 2 4 4 5 0 3 2 5 3 4 5 2 4 5 3 5 1 4 3 5 3 4 3 4 5 4 2 1
2 5 4 3 1 1 3 3 1 5 4 3 2 1 5 2 3 4 3 1 1 2 5 5 4 1 5 1 5 4 5 1 5 1 4 1 2 1 4 5 5 1 3 1 2 1 1 3 3 3 5 3 4 1 5 2 3 0 2 5 2 2 3 4 4 3 3 1 3 3 2 3 3 4 2 2 4 1 1 1
5 5 1 3 5 5 4 4 1 4 4 4 2 5 5 5 4 4 3 2 2 1 2 2 1 4 2 5 2 1 5 5 3 1 2 3 5 5 3 5 2 4 5 1 2 5 2 1 4 1 4 3 2 4 3 4 4 5 0 3 3 1 4 2 1 3 5 3 1 2 4 5 2 5 1 3 1 3 3 5
4 2 1 3 1 2 2 3 3 2 5 3 4 3 2 1 4 4 2 2 2 3 5 5 1 1 4 1 1 5 2 1 1 5 1 2 1 4 1 5 1 1 1 1 5 2 4 2 4 1 1 2 1 4 2 4 1 5 5 0 3 2 3 2 4 4 1 5 2 5 2 4 3 1 2 2 5 3 2 3
1 4 1 3 2 2 3 5 2 3 4 1 5 5 2 5 1 1 1 3 2 5 3 3 4 1 1 2 3 5 4 2 4 2 3 2 3 2 4 4 5 5 5 3 2 1 3 4 5 4 5 1 2 4 3 4 2 4 1 1 0 5 2 2 1 2 1 2 1 2 4 5 5 5 1 5 3 2 5 4
3 3 2 3 1 4 5 2 5 5 3 2 2 3 2 2 5 3 4 1 5 5 1 5 2 5 4 3 3 1 3 4 1 4 2 2 3 4 4 2 5 5 1 4 5 4 4 3 1 2 3 2 2 2 2 4 4 1 1 5 4 0 2 3 2 4 4 4 3 3 2 4 3 5 4 3 1 5 5 3
5 5 1 4 3 3 3 5 2 1 2 1 3 3 1 5 1 4 1 4 2 2 5 5 1 3 3 5 5 2 4 4 4 3 4 2 2 5 3 4 3 2 4 3 1 2 4 2 4 4 4 3 4 3 2 4 1 4 4 4 2 5 0 2 3 2 2 2 1 4 3 1 5 3 1 2 4 4 2 2
5 3 1 1 3 1 1 5 2 4 5 2 1 4 3 1 1 3 3 4 4 2 1 3 5 5 2 4 4 5 1 5 2 5 5 4 3 1 4 1 1 2 3 4 5 4 1 5 4 2 2 2 3 1 5 2 2 1 1 5 5 1 1 0 5 3 3 5 3 2 4 4 1 5 3 5 1 2 2 4
4 2 2 1 2 4 4 1 4 5 5 2 3 2 1 3 4 4 1 1 1 3 3 5 5 3 3 3 3 5 1 3 2 1 2 3 4 5 5 3 4 2 2 5 2 1 3 5 2 3 2 2 2 2 3 4 2 5 3 5 4 2 5 4 0 4 5 1 5 4 4 1 1 3 4 4 4 3 1 5
1 4 1 3 3 4 1 5 3 1 4 4 1 4 2 3 4 5 3 1 2 5 5 4 1 3 2 3 1 1 3 4 3 5 3 3 1 2 5 4 1 3 2 2 3 4 5 5 2 3 3 5 2 5 4 2 2 4 4 3 5 5 2 2 2 0 3 4 2 3 5 5 4 2 4 3 2 2 5 3
3 1 3 5 1 4 3 2 5 5 2 2 2 3 4 5 1 5 2 2 2 3 2 2 3 5 1 5 5 2 4 5 1 5 2 5 4 3 5 5 3 1 2 2 1 2 4 4 1 3 2 5 4 5 3 5 1 4 2 4 3 1 1 3 4 5 0 3 3 3 3 5 2 5 2 3 4 3 1 1
1 5 5 5 4 1 4 5 2 3 4 5 4 5 3 1 1 5 3 3 5 1 1 5 3 1 5 1 1 5 5 2 3 4 1 1 2 5 5 1 3 3 3 4 4 3 5 1 5 2 4 2 3 4 4 5 4 5 2 4 4 5 2 1 1 1 3 0 3 5 2 3 2 2 5 1 3 4 2 2
2 1 5 3 3 3 4 4 2 2 5 2 4 1 3 1 2 4 2 3 2 3 1 3 1 3 4 4 2 1 3 5 1 5 2 1 4 3 5 3 4 2 2 3 2 1 3 3 5 5 5 1 5 4 3 3 5 4 4 3 1 5 3 3 2 3 5 5 0 4 5 2 5 3 4 4 5 3 3 5
4 3 3 4 1 1 1 3 5 5 3 1 2 4 3 3 5 4 4 1 3 1 1 5 2 4 3 1 3 3 4 1 5 1 2 1 3 5 2 2 2 3 3 3 4 1 1 5 5 4 5 1 4 5 5 2 2 4 3 2 2 5 3 3 4 3 5 3 1 0 2 4 1 5 2 4 4 4 3 3
1 4 2 4 3 3 4 1 2 2 5 2 5 4 4 3 2 1 4 3 2 5 4 3 4 3 4 4 3 5 5 1 3 2 2 1 4 2 2 1 1 5 2 3 1 5 4 4 2 3 3 3 1 3 2 1 3 3 1 3 1 1 2 4 3 3 2 3 1 1 0 4 2 2 2 5 1 3 1 1
3 1 5 2 3 5 2 3 3 3 2 2 4 5 4 5 4 4 4 1 2 4 4 4 2 4 1 5 1 3 3 4 3 2 5 5 5 1 1 3 2 4 4 1 4 4 1 5 4 1 1 4 1 4 5 2 2 3 2 3 4 4 2 4 4 3 1 1 4 1 4 0 5 1 1 4 2 4 3 4
5 4 2 3 5 3 1 4 1 1 3 4 5 3 3 3 3 5 1 5 3 2 1 5 2 4 5 1 2 2 5 3 1 2 2 2 4 5 3 2 1 2 1 5 1 1 2 3 4 5 2 2 3 5 1 1 3 1 3 2 2 1 4 1 4 5 3 4 2 3 1 5 0 2 4 4 3 1 3 3
2 4 1 5 5 2 5 3 3 3 3 4 2 1 4 1 2 2 5 4 1 5 4 5 3 3 3 3 1 5 2 4 1 1 5 4 4 2 1 2 2 3 1 1 1 3 5 1 2 4 5 5 3 5 4 3 1 1 5 4 3 3 2 5 5 1 5 1 5 3 2 3 2 0 3 1 3 2 3 2
5 3 5 3 4 2 5 5 4 3 5 2 5 1 1 2 2 5 1 1 2 3 5 5 5 4 5 4 4 4 4 2 3 2 5 4 3 2 2 4 3 2 5 5 2 5 3 4 3 3 2 5 3 4 2 5 4 4 5 1 5 1 4 4 1 1 3 4 4 5 1 2 5 2 0 4 3 4 3 5
5 5 3 5 5 4 1 4 4 2 5 5 3 2 3 2 2 3 2 3 3 5 2 4 3 3 4 3 3 4 1 3 1 1 1 2 3 1 2 1 3 1 3 1 3 5 2 2 5 2 3 1 3 2 4 4 1 1 1 2 3 4 2 3 4 4 1 1 1 2 3 5 3 2 4 0 3 3 2 1
5 4 1 2 5 2 5 1 5 2 4 2 3 1 2 3 2 5 2 3 3 1 5 4 4 4 1 3 1 2 1 2 3 3 3 2 3 2 4 5 4 3 3 2 1 2 3 1 3 1 1 2 1 3 4 1 5 1 1 5 1 2 3 1 2 5 5 5 1 5 3 5 5 2 2 5 0 1 1 5
4 5 2 4 3 4 2 2 4 2 3 2 1 3 1 1 4 1 2 1 2 4 5 2 4 3 5 1 2 4 2 2 2 2 3 3 4 3 3 4 3 5 3 5 1 3 3 5 3 4 1 4 4 4 5 2 3 1 2 5 3 2 1 3 5 4 5 5 3 2 1 4 4 3 3 2 3 0 5 4
1 4 4 1 1 1 1 3 1 5 3 4 1 1 3 1 1 1 2 2 4 5 4 2 2 3 5 2 1 4 4 4 2 5 3 4 3 3 4 1 1 5 5 1 2 2 4 2 2 5 3 2 2 4 1 4 3 2 2 3 4 4 1 3 1 4 2 4 4 5 3 4 2 2 2 4 1 3 0 1
4 5 1 4 2 4 3 2 2 3 2 2 2 1 2 2 2 3 4 2 2 5 4 2 4 3 3 2 1 1 1 5 4 5 5 1 1 4 5 4 3 4 5 2 1 3 4 3 5 1 3 3 2 3 4 1 2 2 3 4 3 2 1 2 1 2 1 3 4 5 3 5 5 1 4 2 2 4 2 0
71 7 8 37 55 67 10 69 73 8 25 10 6 76 20 38 35 26 41 18 49 36 48 79 66 44 11 1 71 5 80 26 23 28 44 66 46 61 42 71 2 32 78 52 3 31 3 56 1 28 16 55 77 58 25 35 1 63 10 14
33 63 64 61 44 16 42 76 47 38 46 76 4 60 78 70 58 59 10 14 11 76 6 26 15 2 46 50 16 41 13 50 47 71 6 53 55 21 45 4 26 43 61 58 16 38 48 17 11 32 72 80 32 15 80 44 71 39 76 77
56 32 66 38 27 40 13 25 27 15 63 77 77 44 47 71 46 36 68 29 28 26 75 23 7 22 44 17 75 4 24 7 15 60 14 69 49 65 20 66 78 18 42 71 45 72 45 70 25 46 29 60 57 13 68 15 17 22 66 69
29 71 32 54 40 69 72 72 28 10 19 6 21 35 67 80 53 57 32 50 26 45 56 50 11 80 27 55 10 11 29 51 38 26 49 54 47 4 52 38 40 45 46 53 78 39 75 52 60 8 46 30 35 56 17 78 39 15 11 72
19 47 25 47 11 61 80 66 49 11 27 4 37 22 71 2 29 41 73 23 36 66 59 56 76 7 30 27 36 15 55 34 70 45 77 74 23 47 58 16 72 54 14 33 29 10 13 37 54 2 71 44 31 18 18 43 8 55 38 57
53 58 69 8 49 20 36 71 21 16 66 16 5 23 8 48 13 39 43 4 68 15 33 73 31 3 73 31 66 16 59 61 7 76 47 73 72 6 53 59 56 78 31 22 31 26 76 80 72 71 42 40 16 5 73 5 34 71 36 17
64 18 13 44 77 44 46 17 30 55 23 73 31 13 70 25 42 33 40 41 46 23 23 63 23 29 17 53 42 34 30 24 50 51 23 10 42 46 79 19 4 8 53 25 25 3 27 36 47 15 31 13 74 60 39 52 21 37 72 20
6 50 16 71 22 23 21 1 3 43 7 43 30 8 52 57 17 74 17 61 30 68 28 39 20 65 79 10 38 48 41 32 6 73 70 56 31 56 71 44 35 57 11 15 63 27 59 20 30 75 58 45 56 16 65 59 36 77 54 61
72 74 15 28 6 19 39 18 6 61 74 8 51 79 38 41 43 34 55 30 37 65 46 45 27 73 26 34 62 62 10 28 20 6 30 63 14 44 40 77 59 25 70 43 32 51 77 14 49 3 49 71 23 74 9 18 18 68 49 49
50 53 45 79 48 60 56 8 65 4 79 41 52 80 32 34 74 11 24 34 29 72 2 2 22 14 64 79 27 68 75 75 63 25 65 37 54 74 51 15 51 35 57 45 73 21 16 74 19 61 67 37 76 32 43 25 76 80 71 35
9 3 61 41 14 78 1 12 20 36 69 45 80 75 35 51 25 12 67 35 34 74 4 43 56 67 47 2 30 79 66 47 62 7 2 33 3 26 24 14 32 34 21 27 47 22 60 78 6 45 18 66 15 70 48 9 69 30 27 25
76 73 59 56 66 7 7 29 75 47 21 24 76 45 13 62 3 16 18 56 65 47 38 65 12 41 23 39 65 69 11 37 37 77 15 7 22 24 16 46 75 47 7 3 61 53 51 8 13 68 15 36 49 79 3 53 42 26 12 24
39 37 30 73 23 28 3 42 42 77 57 29 58 74 36 44 61 24 14 26 62 34 24 53 44 61 41 54 47 55 78 62 46 23 71 29 5 19 39 32 64 73 72 60 38 40 32 62 74 19 61 68 50 47 12 2 2 32 44 10
20 8 1 12 75 55 33 13 18 72 15 59 34 7 64 27 40 2 80 78 74 37 15 80 45 70 54 47 21 63 53 6 24 11 21 72 56 45 62 6 28 67 75 66 54 11 28 21 10 26 20 20 61 37 15 3 78 14 48 76
61 77 14 18 24 77 67 61 35 14 42 68 24 16 48 10 59 53 12 64 27 55 44 76 24 68 71 80 77 35 49 8 10 65 53 6 74 55 3 62 76 40 18 5 2 75 78 44 57 20 36 73 60 51 60 67 80 34 16 59
78 61 6 2 34 79 55 9 39 2 29 50 47 56 6 23 79 75 60 66 56 64 53 40 47 37 31 49 61 45 67 3 51 32 5 61 52 52 8 73 74 76 69 65 48 7 36 64 16 52 64 72 45 4 63 10 62 60 57 71
59 41 24 67 79 52 28 48 12 24 67 34 44 14 45 59 77 71 33 28 60 69 47 25 53 51 1 24 78 57 5 4 49 21 55 1 40 72 26 56 3 53 40 72 42 8 26 47 51 39 45 53 71 80 55 63 40 24 26 79
75 65 33 51 37 18 71 21 56 70 41 56 66 30 43 33 56 1 74 74 38 28 9 59 2 21 65 19 39 17 1 76 26 52 79 20 41 64 67 49 55 75 30 63 12 77 15 7 38 78 38 43 46 75 40 61 75 18 79 60
5 24 10 31 25 4 54 27 10 21 33 63 13 29 2 39 8 18 29 51 33 35 7 33 67 77 55 25 33 6 7 9 52 47 1 16 43 71 47 37 29 80 10 62 52 6 5 53 2 58 17 54 43 28 69 45 32 65 67 3
60 16 27 77 46 36 40 34 26 29 17 36 70 43 3 67 1 19 11 24 8 79 29 5 41 26 80 8 57 37 3 25 59 80 61 28 2 75 76 34 6 64 33 77 17 55 68 15 17 37 6 19 68 2 27 34 63 35 20 16
35 4 2 32 4 41 41 52 78 12 6 62 42 72 9 28 23 37 56 44 7 0 66 37 0 36 77 29 48 14 50 48 79 18 54 76 58 68 32 80 1 2 71 48 11 54 39 2 8 0 33 35 27 54 49 46 73 48 59 12
10 75 50 14 36 15 59 0 54 34 49 0 53 65 44 8 51 25 27 0 75 0 14 0 0 5 69 60 15 44 61 2 0 34 25 71 8 13 49 39 5 22 39 2 24 32 0 33 14 0 0 7 70 9 14 41 43 49 68 27
47 22 9 10 15 6 25 0 9 5 24 0 0 48 60 7 34 7 38 0 42 0 37 0 0 52 72 15 54 13 26 64 0 10 32 46 50 17 46 9 80 4 45 29 62 46 0 68 18 0 0 65 48 46 61 71 10 27 51 21
42 48 0 19 43 0 61 0 14 0 55 0 0 5 77 22 0 28 64 0 66 0 45 0 0 35 2 51 23 1 8 19 0 59 0 0 16 53 37 0 47 48 0 69 7 0 0 9 70 0 0 0 10 0 0 75 29 73 18 33
0 62 0 20 65 0 29 0 61 0 61 0 0 15 0 21 0 35 35 0 73 0 0 0 0 71 63 36 7 59 73 56 0 44 0 0 69 0 68 0 34 10 0 9 22 0 0 3 0 0 0 0 0 0 0 16 74 12 17 19
0 29 0 69 17 0 27 0 40 0 0 0 0 20 0 53 0 0 47 0 24 0 0 0 0 0 15 3 2 23 2 42 0 40 0 0 38 0 0 0 25 50 0 24 79 0 0 4 0 0 0 0 0 0 0 28 49 38 37 78
0 31 0 0 63 0 63 0 32 0 0 0 0 12 0 75 0 0 16 0 35 0 0 0 0 0 35 72 1 71 16 0 0 12 0 0 29 0 0 0 58 79 0 39 74 0 0 1 0 0 0 0 0 0 0 39 79 0 64 58
0 51 0 0 0 0 44 0 0 0 0 0 0 10 0 60 0 0 0 0 0 0 0 0 0 0 36 28 50 77 9 0 0 39 0 0 0 0 0 0 0 66 0 79 46 0 0 42 0 0 0 0 0 0 0 60 5 0 33 28
0 0 0 0 0 0 34 0 0 0 0 0 0 33 0 35 0 0 0 0 0 0 0 0 0 0 52 78 28 0 12 0 0 5 0 0 0 0 0 0 0 0 0 14 0 0 0 5 0 0 0 0 0 0 0 0 77 0 0 5
0 0 0 0 0 0 0 0 0 0 0 0 0 0 0 77 0 0 0 0 0 0 0 0 0 0 0 0 0 0 31 0 0 0 0 0 0 0 0 0 0 0 0 0 0 0 0 41 0 0 0 0 0 0 0 0 0 0 0 68
