60 80 30 20 30
3
5
1
5
5
4
3
1
5
1
2
2
2
3
1
3
1
3
3
1
1
2
4
4
4
1
3
1
5
2
3
1
1
3
3
5
3
3
3
1
4
1
2
3
3
4
1
2
2
2
2
1
5
2
4
5
3
5
4
1
4
2
4
4
3
5
4
5
2
5
2
1
4
4
5
4
1
2
5
1
0 2 4 2 3 2 4 4 2 2 4 2 3 2 1 2 3 4 2 1 1 5 2 5 4 3 1 4 5 5 2 1 4 5 1 2 3 1 4 5 2 1 2 5 2 3 3 4 5 3 4 2 2 5 1 3 1 5 4 5 3 1 2 4 1 1 2 1 2 1 3 1 3 2 5 1 1 1 1 5
1 0 2 5 1 1 3 1 2 2 2 3 5 3 2 2 1 4 4 5 1 4 1 2 4 4 5 1 5 1 3 2 4 4 1 2 3 5 3 4 4 2 4 4 4 3 1 3 4 3 4 4 3 4 4 3 5 5 2 2 1 4 3 3 4 1 3 3 5 1 2 5 2 5 3 4 2 3 3 3
3 3 0 3 5 3 4 2 1 5 2 5 3 3 2 4 3 3 1 4 4 2 5 2 2 3 3 1 1 2 3 2 3 2 4 1 2 1 3 2 5 3 4 1 5 5 2 1 3 3 2 3 1 4 4 1 5 5 2 1 5 1 1 4 5 2 3 5 3 5 4 5 4 4 3 1 4 5 3 2
1 4 4 0 4 2 2 1 1 2 3 1 1 4 4 2 2 2 3 1 4 3 4 4 4 3 4 3 4 4 2 2 2 4 3 1 1 1 4 1 4 2 1 3 2 4 3 1 3 1 2 2 5 3 2 3 1 3 3 4 4 5 2 2 3 1 2 1 2 1 1 1 4 3 5 1 5 2 4 2
1 1 2 1 0 4 2 1 2 2 3 1 1 4 1 4 5 5 5 4 3 5 4 3 4 3 1 4 5 2 5 4 2 4 2 2 1 2 5 5 1 3 3 2 2 4 5 2 5 1 3 4 3 3 1 2 1 1 4 4 3 1 4 4 3 5 5 1 2 4 2 3 2 4 2 5 1 4 5 1
1 5 4 5 2 0 4 2 5 1 5 5 4 2 1 5 2 3 3 4 1 3 5 4 5 5 2 4 2 5 2 2 3 5 2 3 5 1 3 4 5 4 1 2 2 5 3 4 1 2 2 4 4 5 1 4 4 2 3 5 5 4 3 4 3 1 2 5 4 5 2 2 5 1 4 1 4 1 4 5
1 1 1 5 1 3 0 3 5 3 3 4 2 2 2 5 1 3 4 5 1 5 2 3 2 1 2 1 3 2 4 1 3 4 5 2 4 3 5 2 1 2 1 2 5 1 5 2 5 3 1 5 1 5 3 5 3 1 1 1 4 2 1 1 3 1 2 2 4 4 2 5 5 4 4 3 5 2 1 4
1 3 4 2 4 5 4 0 3 5 1 3 5 4 4 1 4 2 2 3 3 5 3 1 3 4 5 3 5 1 5 2 5 1 5 4 5 5 2 4 1 3 4 4 2 1 1 4 2 4 2 5 3 3 2 5 3 5 1 2 2 1 3 2 1 5 2 1 4 5 3 1 4 4 2 1 1 3 1 1
2 1 2 1 1 5 4 5 0 4 1 3 5 4 3 5 5 1 1 3 2 1 5 2 4 5 3 2 2 4 2 3 5 2 5 3 5 4 1 1 3 5 3 4 5 5 1 2 5 5 3 5 4 3 5 3 2 5 1 1 2 1 4 1 5 1 4 3 5 4 1 2 3 2 1 2 1 1 4 3
3 3 3 1 1 5 4 2 2 0 1 4 4 5 4 3 2 3 4 5 5 4 3 5 3 4 1 5 3 4 1 1 4 2 2 4 2 2 1 1 4 5 2 3 4 1 5 4 4 2 4 3 2 2 3 2 4 2 4 3 1 1 3 4 2 3 4 4 1 3 1 1 2 3 1 2 5 4 2 3
5 5 1 5 3 2 2 1 5 1 0 2 3 2 2 1 4 3 3 3 5 3 1 1 1 3 5 3 5 1 3 5 5 1 4 5 5 2 2 3 1 4 4 4 2 5 1 5 1 4 2 3 2 2 1 5 4 4 5 1 3 4 2 5 2 1 3 2 2 2 1 1 2 1 2 1 5 5 1 2
3 5 1 2 1 3 3 1 1 5 2 0 2 3 1 1 3 2 1 2 1 5 1 3 4 3 2 5 2 1 3 2 5 1 5 1 4 2 5 4 2 1 5 1 1 2 5 2 3 1 2 2 1 3 3 3 5 1 2 4 2 4 3 1 4 3 1 4 5 4 3 4 5 2 2 2 1 1 4 2
3 5 4 4 5 2 5 3 3 4 3 2 0 4 5 3 3 1 3 1 3 5 1 3 2 4 4 1 1 4 2 1 1 4 5 5 1 1 1 3 3 5 3 1 5 5 3 1 3 5 3 2 3 3 5 5 4 1 1 3 2 4 5 4 1 2 2 2 5 3 1 5 4 5 3 3 5 3 4 3
4 5 3 1 1 4 5 1 4 3 3 3 4 0 1 4 4 1 2 4 5 1 3 5 2 3 1 4 5 3 5 3 4 4 3 5 4 3 4 4 1 3 1 4 4 4 3 3 1 5 4 3 2 1 3 4 1 5 4 5 1 4 1 5 4 1 4 2 4 2 4 1 2 5 4 1 5 3 3 5
4 5 3 1 3 4 1 1 2 5 5 2 5 2 0 4 1 3 4 3 5 3 3 3 1 5 4 3 2 4 5 1 3 1 2 2 4 2 2 2 2 2 2 2 3 3 4 3 4 1 5 5 4 1 4 4 3 3 1 4 4 1 3 4 5 1 3 3 2 5 4 3 1 5 2 2 4 1 5 4
2 3 2 2 3 4 2 5 2 2 2 1 2 4 1 0 5 3 4 1 1 1 5 3 1 3 1 5 4 2 1 4 2 3 4 1 4 2 1 2 1 1 1 1 4 2 1 5 3 1 5 1 2 1 2 5 3 2 1 1 5 1 1 2 4 4 3 5 4 4 3 2 2 1 2 4 3 3 5 3
1 4 2 5 3 5 3 5 4 5 5 4 1 1 3 4 0 5 5 4 2 1 4 4 5 4 5 4 3 1 4 2 4 2 2 3 1 4 5 3 2 1 5 4 5 2 4 5 2 3 2 2 5 3 4 5 1 3 3 2 3 4 3 4 3 4 4 1 2 4 3 1 1 5 5 2 1 4 5 2
3 5 4 4 3 1 1 5 1 1 1 5 1 1 1 2 2 0 5 3 5 1 1 5 4 5 2 1 1 4 4 4 4 5 5 3 2 1 5 4 3 4 4 2 2 1 2 2 2 5 3 5 2 2 2 4 3 1 3 1 1 5 5 5 4 1 1 2 4 5 1 2 4 2 1 1 2 3 1 1
3 4 5 3 1 2 3 3 3 1 2 2 2 1 4 5 1 4 0 3 4 2 3 1 1 2 4 5 3 2 1 2 2 2 1 1 3 5 1 1 3 1 2 3 5 1 2 2 5 4 4 4 5 3 1 5 4 2 1 1 5 3 3 1 3 3 3 2 1 5 2 1 5 1 5 3 2 5 4 3
3 2 3 1 4 5 2 5 4 5 2 4 4 1 2 1 2 4 5 0 4 1 4 2 3 4 3 5 1 5 5 1 5 5 5 5 1 5 5 1 4 2 1 3 2 5 4 1 2 4 5 2 2 2 3 5 1 5 4 2 5 4 1 1 3 2 3 4 1 4 2 1 3 3 4 2 4 4 2 2
5 5 3 4 2 3 4 4 1 1 5 3 4 3 5 5 4 3 2 4 0 1 1 3 4 3 1 4 4 4 3 1 4 4 1 4 1 2 4 4 4 5 2 3 2 2 4 5 3 1 3 2 1 1 3 3 1 4 4 4 5 3 4 1 1 5 5 2 1 2 5 3 4 2 3 4 2 1 2 5
1 2 1 3 3 2 4 3 4 5 2 5 4 1 3 4 5 5 4 5 5 0 5 4 3 5 4 5 3 5 1 5 2 3 5 4 1 5 2 4 4 4 3 5 4 4 5 3 5 3 1 3 4 2 3 4 2 4 2 3 2 1 5 1 3 1 4 5 1 5 3 4 1 1 3 2 2 3 3 2
2 5 3 5 1 1 3 1 3 3 5 4 1 3 2 2 4 4 3 1 2 2 0 5 3 1 3 4 5 3 2 1 1 5 4 3 2 4 2 5 4 5 2 1 2 2 2 2 1 4 1 1 4 2 3 4 1 4 1 4 4 5 5 2 5 4 3 4 5 2 1 4 3 2 3 5 2 1 1 2
3 2 1 2 4 2 4 1 3 5 1 1 1 3 4 1 3 4 5 1 2 1 5 0 4 2 2 5 3 3 3 1 2 3 2 3 1 3 2 3 4 5 4 3 2 2 2 1 2 5 3 4 2 4 3 2 5 4 5 1 1 4 1 3 5 4 3 1 2 5 4 2 3 1 3 2 3 3 1 5
5 1 1 2 2 4 3 3 5 2 3 4 4 5 1 1 3 2 4 2 5 2 2 5 0 1 3 4 4 1 1 1 3 2 2 5 5 5 3 3 4 5 1 4 1 3 2 1 1 1 1 2 1 1 5 3 1 4 1 5 4 5 1 3 4 2 4 3 3 2 5 2 3 4 3 1 3 1 1 2
1 2 2 2 4 3 5 1 3 2 5 2 1 3 3 2 3 4 5 4 3 5 3 1 5 0 5 5 2 1 2 3 2 5 2 2 3 3 5 2 1 2 5 4 4 4 2 5 1 1 2 4 5 3 5 1 5 3 5 4 4 5 4 3 4 2 4 5 3 1 5 4 4 5 3 5 4 3 5 2
3 3 2 3 5 1 3 3 4 4 3 1 4 1 1 1 5 2 1 3 3 4 3 1 2 2 0 2 2 2 5 4 2 2 1 5 3 4 4 2 4 1 3 3 5 1 5 3 2 4 1 5 4 3 3 1 2 5 1 4 3 3 2 2 2 3 1 5 3 5 5 2 3 1 1 1 4 1 5 1
3 3 4 1 4 3 1 1 1 5 1 3 2 2 1 4 1 3 3 3 1 2 3 2 3 5 1 0 1 3 5 3 2 1 4 2 4 3 1 5 4 1 3 5 5 2 2 4 1 2 5 3 4 3 3 1 5 4 1 1 5 5 2 4 1 5 2 4 5 3 2 5 1 2 4 1 3 5 1 1
5 1 1 3 5 5 5 2 4 3 4 4 5 2 1 5 1 3 2 2 4 5 1 3 4 1 4 2 0 2 2 5 3 1 1 1 4 4 1 2 1 1 3 1 3 3 1 2 4 2 1 4 3 4 5 4 5 4 5 4 3 2 3 3 4 3 4 2 5 3 2 4 1 5 3 3 1 3 3 1
4 4 5 3 4 1 4 2 4 5 1 3 2 5 4 3 4 4 3 2 5 3 1 1 1 4 5 4 2 0 4 2 2 3 5 2 5 3 1 1 5 5 1 2 1 3 1 2 5 1 5 1 2 4 2 3 5 5 5 4 1 4 1 3 4 5 5 5 1 3 3 4 5 5 4 4 3 3 2 4
1 4 2 4 1 5 3 5 1 2 2 2 1 3 2 5 4 4 4 2 2 4 3 4 5 3 5 1 5 4 0 2 3 3 4 4 3 1 1 3 5 1 2 5 1 3 1 1 2 1 5 1 4 1 4 2 1 5 1 5 5 1 5 3 1 2 2 1 2 2 1 2 3 5 4 5 1 1 4 5
3 3 3 4 5 1 5 1 5 1 2 4 5 2 3 4 2 1 1 4 5 3 5 1 2 2 2 4 5 2 5 0 5 4 3 1 5 3 3 2 5 5 1 2 5 3 5 1 5 1 2 4 1 4 1 4 4 1 2 3 4 5 4 2 2 4 5 3 1 1 2 5 2 4 2 5 2 3 3 2
4 1 4 2 4 1 3 2 3 2 3 4 5 2 1 2 4 1 4 2 5 3 5 2 3 5 3 1 2 5 1 4 0 4 5 5 2 4 1 2 1 2 3 4 3 5 1 3 5 3 4 4 3 3 4 2 3 2 2 4 1 5 5 1 4 2 4 5 4 4 5 3 2 5 4 1 5 3 4 1
1 2 1 1 4 3 1 3 5 2 2 1 5 1 4 5 3 2 1 2 5 1 5 1 5 5 3 3 5 4 3 3 4 0 5 2 1 4 5 5 1 3 1 5 1 4 1 5 2 5 3 3 5 1 4 3 5 4 2 4 2 4 4 2 1 2 3 4 1 2 1 1 1 4 3 2 1 3 4 5
5 4 3 4 2 4 2 4 3 4 3 3 1 1 4 5 5 2 5 1 2 1 5 2 4 3 1 4 1 4 3 1 3 2 0 1 2 4 5 2 2 3 5 5 1 4 3 2 3 2 4 2 5 3 4 3 4 4 2 1 5 3 2 5 3 4 1 4 3 3 4 3 5 3 3 2 1 4 3 2
1 3 2 4 2 1 5 2 2 5 4 5 4 1 2 1 4 1 4 4 5 3 3 4 2 4 5 5 3 2 4 2 5 1 3 0 1 2 4 5 3 1 5 2 5 4 2 2 2 1 1 2 4 4 4 4 2 5 3 5 3 3 1 2 2 4 1 1 2 5 3 1 1 3 1 2 1 4 1 3
1 1 3 4 5 2 1 2 3 5 3 5 3 5 3 1 3 4 1 2 1 2 4 2 1 4 3 4 2 2 2 1 5 1 1 4 0 3 5 1 3 3 3 3 5 1 3 5 5 2 2 1 3 2 1 5 4 5 5 3 2 2 4 1 3 5 1 2 2 5 4 1 1 2 3 4 1 1 4 5
1 4 2 1 2 5 1 5 4 1 1 5 5 2 4 5 4 4 3 4 5 2 5 3 4 3 2 1 5 3 4 4 4 2 4 1 2 0 5 5 5 4 2 5 1 4 1 5 1 5 4 3 2 3 1 5 4 3 5 2 5 3 5 4 1 4 4 3 2 4 5 3 5 1 4 3 5 5 2 5
1 2 5 1 3 2 3 1 5 1 1 5 5 3 5 4 4 4 1 5 1 4 2 5 4 5 1 3 3 3 5 4 5 5 4 4 1 1 0 3 1 3 1 4 5 2 3 3 1 1 1 5 4 5 5 4 5 3 3 2 3 3 2 4 2 2 2 3 4 5 2 3 2 2 1 1 1 5 3 2
3 3 1 4 3 5 3 1 4 1 5 4 3 5 1 2 2 3 2 5 1 2 1 1 3 3 5 5 4 5 3 5 2 2 5 4 5 1 1 0 1 3 5 2 3 2 4 5 3 3 4 4 5 3 1 2 1 1 2 2 1 3 3 1 2 5 5 3 4 3 4 4 5 2 3 3 4 5 1 1
2 3 3 2 3 5 3 3 1 3 1 5 2 4 1 5 4 3 3 4 2 2 3 4 1 1 1 3 4 1 2 5 5 1 3 5 2 3 3 3 0 4 5 1 1 4 5 1 3 1 5 5 1 4 2 3 1 5 5 5 3 3 3 3 5 2 2 1 2 4 1 1 1 5 5 4 3 2 3 4
5 2 5 4 1 5 5 3 1 2 2 3 5 4 3 2 1 5 4 4 4 1 2 3 5 4 4 2 4 1 3 3 5 4 1 2 5 3 3 4 1 0 5 4 3 1 5 4 2 1 4 5 4 4 1 3 4 2 1 5 4 1 2 3 5 2 1 4 4 1 2 5 1 5 5 4 2 4 1 5
4 1 3 5 5 5 5 1 5 5 5 4 2 5 5 1 2 5 2 1 3 1 1 5 1 4 2 5 3 3 1 4 3 5 2 3 2 2 5 2 4 2 0 5 4 1 4 1 1 3 2 4 1 1 1 1 5 4 2 4 1 1 4 2 1 5 3 1 4 3 3 4 2 3 3 1 3 3 1 1
1 1 1 5 1 2 1 5 1 4 5 1 2 5 4 3 1 2 5 5 3 5 4 5 3 1 3 4 1 2 2 3 3 3 2 4 2 1 5 5 2 1 1 0 2 3 2 2 4 5 5 1 2 5 1 4 3 2 3 5 2 2 4 3 2 5 2 2 5 5 3 4 3 2 2 5 4 3 5 2
2 2 1 5 4 5 2 1 5 5 3 5 3 4 3 1 5 2 4 3 1 3 5 4 3 4 4 1 1 3 4 2 1 3 1 5 4 4 3 4 1 1 5 1 0 4 4 2 2 5 5 4 2 1 4 1 1 4 3 5 3 1 5 4 4 3 4 5 1 1 2 1 2 4 2 2 3 3 5 4
1 1 4 3 1 2 3 2 2 1 5 5 2 3 3 4 4 2 5 3 3 2 4 4 2 5 2 5 3 3 3 1 4 2 5 5 4 4 3 2 2 5 1 1 5 0 1 3 5 1 1 1 5 1 5 5 5 1 2 2 1 3 3 3 5 2 2 5 4 4 3 4 2 5 3 1 2 4 1 1
3 5 5 5 5 2 1 2 1 2 5 1 3 3 4 2 3 2 1 2 3 5 1 5 1 1 5 4 2 1 3 5 3 1 4 2 3 3 5 1 1 1 5 1 3 2 0 1 4 2 3 5 3 2 3 3 4 3 1 2 2 5 4 3 2 1 3 1 4 1 4 2 5 2 2 1 2 2 5 3
4 3 2 5 3 2 2 2 5 4 1 5 3 2 4 3 4 2 2 1 2 3 2 1 5 4 4 4 1 4 2 2 3 3 5 1 4 4 3 2 2 3 3 5 3 4 1 0 5 1 1 5 2 5 4 5 1 1 3 1 5 3 5 1 3 1 2 4 1 3 5 3 4 4 1 3 2 2 4 1
1 2 5 3 4 1 4 4 3 5 2 4 1 5 3 3 1 4 2 1 2 2 4 3 2 1 5 5 1 4 5 1 3 1 4 4 4 4 5 1 4 2 4 4 3 3 2 4 0 3 3 1 5 2 2 4 3 1 1 5 2 4 5 3 3 3 3 5 2 4 3 4 1 2 5 2 4 5 4 1
5 5 2 2 3 3 1 1 5 2 4 4 1 2 5 3 1 2 3 1 3 1 5 5 3 3 2 2 3 2 5 2 5 5 5 1 3 1 2 5 5 4 5 5 4 3 4 2 5 0 1 4 3 5 2 4 1 3 2 5 1 2 2 1 3 4 1 2 3 1 4 5 3 4 2 5 4 5 1 3
5 2 4 2 3 1 4 3 2 1 5 5 3 2 3 4 3 5 2 3 2 5 2 1 5 2 5 1 1 3 3 1 1 1 3 3 2 2 2 1 1 5 5 3 1 1 5 3 5 3 0 2 3 2 2 5 1 4 3 5 2 2 4 4 4 3 1 5 1 5 1 1 3 5 3 5 1 3 5 3
4 1 1 4 1 5 2 3 3 5 5 1 2 1 5 3 1 2 5 4 5 4 3 4 1 4 2 5 1 4 4 2 5 3 2 3 1 3 1 5 4 4 1 3 3 5 5 1 1 3 1 0 3 4 1 1 4 3 1 2 4 2 4 3 3 3 5 3 1 5 2 3 4 1 5 4 5 1 3 2
3 5 5 3 4 4 3 4 5 1 3 2 4 4 4 1 1 3 3 2 5 5 1 3 3 5 5 2 2 1 5 3 1 2 1 5 1 5 2 1 3 3 1 2 5 1 1 2 5 2 4 5 0 1 5 1 5 1 3 3 1 1 3 2 3 1 4 4 1 4 1 2 1 3 2 4 3 1 2 2
2 2 2 5 5 5 4 1 4 2 3 4 1 1 5 2 5 1 1 3 2 4 2 5 5 5 1 1 4 4 5 2 2 5 5 2 1 5 5 1 5 1 5 2 3 1 2 1 5 3 5 1 4 0 2 2 1 4 2 1 1 2 5 2 1 3 3 2 1 2 5 3 2 5 5 2 5 4 2 4
3 2 4 3 2 2 5 4 2 5 5 4 1 3 1 3 2 5 3 2 2 2 2 4 2 3 2 1 1 3 2 4 4 5 2 3 2 4 4 2 2 2 2 2 2 5 2 4 2 2 4 5 4 3 0 1 1 1 2 2 4 3 3 4 2 5 4 3 2 2 4 4 5 4 3 5 2 4 5 1
2 4 5 5 3 5 3 5 3 3 3 1 2 4 5 2 2 5 5 1 1 3 2 5 3 5 5 3 3 5 4 3 5 1 5 4 2 2 3 3 3 1 3 5 5 4 4 2 3 5 5 3 4 4 2 0 3 4 2 4 3 4 3 1 4 2 1 5 3 1 4 4 4 4 3 3 2 1 5 3
5 2 2 5 1 3 5 1 2 2 5 5 3 2 5 2 4 1 5 2 4 2 5 4 3 1 5 5 4 4 2 4 2 3 3 4 2 1 3 1 1 5 2 2 1 4 2 4 1 5 1 5 5 5 4 5 0 4 2 3 2 2 1 5 3 3 2 2 3 5 3 4 2 2 5 1 2 2 1 1
4 2 3 2 2 5 2 3 3 4 1 2 1 5 1 4 2 2 5 2 3 3 3 5 5 5 3 3 5 4 5 1 4 4 5 3 3 3 4 3 5 5 3 4 3 3 1 3 4 5 5 5 2 3 1 2 4 0 2 2 3 2 1 5 1 4 5 1 2 4 5 3 2 2 5 5 2 1 2 1
1 4 2 1 3 1 5 1 2 5 5 4 1 4 4 2 4 2 3 2 5 5 4 4 3 3 4 4 2 5 1 5 5 1 2 2 2 3 3 5 4 1 3 1 4 5 3 2 1 2 5 4 2 2 3 4 2 1 0 1 5 4 3 2 3 4 4 3 5 4 5 5 3 4 3 2 1 5 4 5
5 5 2 5 2 1 1 1 4 3 4 5 3 4 1 5 3 1 4 2 5 3 2 4 4 2 3 4 5 2 4 1 3 4 3 2 4 3 2 5 3 1 4 3 3 2 4 5 5 1 1 3 2 4 5 5 3 2 2 0 1 4 4 4 3 1 1 3 1 5 5 2 4 1 4 1 4 1 4 3
5 3 4 1 4 5 1 5 4 2 2 2 3 5 4 4 4 2 3 4 4 3 2 3 2 1 4 4 1 1 3 2 4 5 3 2 3 3 5 4 5 1 1 2 3 5 4 4 4 1 1 3 1 3 2 3 4 1 1 4 0 1 4 3 5 1 3 4 2 3 1 1 1 5 1 5 3 1 2 1
2 4 5 4 3 3 3 4 3 4 1 5 3 5 5 5 4 3 1 3 5 5 5 3 5 1 2 3 5 1 4 4 3 3 4 2 1 2 3 4 4 5 3 5 3 5 4 2 4 2 3 5 2 4 5 5 4 3 5 4 2 0 5 4 1 1 4 1 4 2 1 2 3 5 3 2 5 5 1 2
2 1 4 3 1 5 1 1 5 4 3 1 2 5 5 5 4 2 4 2 5 4 1 3 5 1 4 3 1 1 4 1 5 5 4 5 1 3 4 3 2 5 3 5 1 5 3 4 2 3 1 2 2 2 1 2 1 2 4 5 5 1 0 2 2 3 5 4 1 3 4 4 1 5 3 5 5 3 5 4
1 2 1 1 5 3 3 2 1 4 3 3 4 4 3 2 3 5 4 2 4 2 1 4 2 5 4 2 3 5 1 5 1 3 5 3 2 3 1 3 5 4 3 4 2 2 3 2 5 5 3 3 2 2 5 3 3 5 4 4 4 4 3 0 4 3 2 2 4 1 1 1 3 4 2 3 4 4 2 2
4 5 4 3 5 3 2 2 5 3 5 4 4 2 1 2 2 5 5 1 2 5 2 3 5 4 5 4 2 4 3 3 1 3 3 1 2 4 5 2 5 5 2 3 4 4 4 4 3 1 2 1 5 4 3 4 5 4 1 2 2 4 1 2 0 1 1 4 3 2 4 3 2 1 4 2 1 5 5 1
4 1 4 4 4 4 1 2 2 5 3 4 5 3 1 3 4 4 3 2 1 1 2 3 5 1 1 5 2 5 5 2 4 2 4 4 3 5 5 4 2 3 3 1 4 5 5 1 4 1 4 2 3 3 3 5 4 1 4 3 3 1 5 4 5 0 5 2 4 2 3 4 1 4 2 3 5 4 2 3
1 3 2 2 3 1 4 2 2 1 2 3 4 2 2 5 4 5 3 3 4 1 5 4 5 4 1 2 2 4 4 2 3 5 1 2 4 4 1 1 5 4 2 3 3 3 5 4 4 5 2 2 5 3 1 3 1 2 1 4 4 5 5 3 3 3 0 2 5 3 3 3 3 4 4 1 1 1 5 5
3 1 3 2 2 3 2 2 3 3 1 4 4 2 1 3 2 3 5 5 1 5 1 3 5 1 5 4 4 1 4 3 4 3 2 1 1 5 4 4 3 5 1 2 2 1 5 5 5 4 3 4 1 1 2 2 4 5 3 3 3 5 2 2 1 1 5 0 3 2 3 5 1 4 5 2 1 4 3 2
5 4 1 3 2 4 5 2 4 2 2 2 1 1 2 3 2 4 3 4 2 3 5 3 5 3 1 5 4 1 3 3 4 4 2 3 5 3 5 5 5 4 3 5 1 4 4 2 2 3 5 5 2 4 4 4 5 2 3 2 2 5 3 1 3 3 4 4 0 1 1 5 1 2 2 4 1 4 2 2
2 1 4 4 1 3 2 2 1 1 5 2 5 5 5 5 2 2 3 5 2 5 3 5 4 3 4 2 4 3 3 2 4 4 4 5 2 2 3 1 1 4 2 3 4 2 1 2 2 2 3 2 5 3 3 5 5 2 2 2 1 1 3 2 4 1 3 4 5 0 1 1 2 2 1 1 3 2 1 4
4 5 5 4 2 4 2 2 5 3 1 2 4 4 5 4 4 3 5 1 5 4 5 4 2 3 5 2 2 2 4 2 4 4 5 2 2 4 4 4 5 2 1 4 4 3 2 5 1 2 4 5 1 1 5 2 5 2 5 4 4 3 4 2 1 5 4 5 2 2 0 1 5 3 2 5 1 5 1 1
5 4 2 3 4 3 2 5 5 2 2 1 1 1 1 5 1 2 1 5 5 1 5 5 2 5 3 5 2 3 3 4 4 4 1 3 1 5 5 2 4 1 5 4 4 4 5 4 4 4 2 5 3 5 1 2 1 5 4 1 3 4 5 5 1 4 1 4 1 3 5 0 2 4 4 5 1 4 5 2
4 4 3 2 4 2 4 5 4 3 2 2 3 4 3 1 4 5 1 5 3 3 2 1 4 5 1 1 1 5 4 5 4 3 2 5 1 3 5 3 3 3 4 5 4 5 3 4 4 1 2 1 5 2 4 1 5 3 3 4 4 2 1 5 5 4 3 2 3 4 5 5 0 2 1 1 2 4 2 4
3 5 3 1 2 1 5 4 3 3 2 4 1 3 2 2 5 1 1 4 5 5 4 5 5 3 2 5 2 2 2 5 4 3 1 3 1 1 4 1 4 5 2 3 1 3 3 1 4 5 4 1 2 1 4 5 2 5 5 1 1 1 4 2 3 4 4 1 1 2 5 2 1 0 2 2 2 5 1 4
5 3 3 4 1 1 4 2 4 1 4 1 1 4 2 4 2 5 2 2 5 3 1 4 5 5 3 2 5 3 2 2 5 4 3 3 5 1 3 4 2 1 4 2 3 4 5 5 5 3 3 1 5 4 4 5 3 2 5 1 3 2 3 3 2 3 5 2 2 3 2 1 5 5 0 3 3 1 4 2
5 3 3 2 5 4 3 2 4 5 2 4 4 3 3 4 3 1 2 4 3 3 5 1 5 5 5 5 2 4 5 3 1 5 1 2 5 5 3 1 1 3 2 1 5 1 4 1 2 1 2 1 3 1 1 1 4 5 5 1 2 3 4 5 3 4 4 3 3 2 4 1 3 1 5 0 2 5 5 4
3 2 1 1 5 5 1 2 2 4 4 5 2 1 5 2 3 2 4 1 3 4 4 3 5 2 4 5 3 2 3 4 5 2 4 3 3 3 2 3 3 2 4 5 4 5 3 2 1 5 5 1 5 1 2 1 3 3 1 5 5 3 1 4 2 1 4 5 4 2 5 1 3 4 2 2 0 5 1 2
4 4 3 3 2 4 5 3 1 1 4 5 1 4 5 4 4 2 3 3 4 3 5 4 3 3 4 5 5 5 2 1 2 2 1 3 3 4 4 4 2 5 1 1 4 5 4 3 2 2 1 1 2 4 4 2 5 4 4 5 2 5 2 3 5 1 1 5 2 5 4 1 3 1 4 2 5 0 1 1
2 5 4 1 3 4 5 5 1 4 5 5 2 3 4 1 4 2 1 4 5 4 5 1 4 4 1 2 5 5 3 2 3 1 1 3 1 2 1 5 5 1 4 4 4 1 2 4 5 4 5 3 3 5 4 4 3 1 4 5 5 5 3 2 5 1 3 3 5 3 4 4 4 4 1 4 3 5 0 5
4 5 4 2 2 3 2 1 2 3 4 1 4 2 4 1 4 1 1 2 4 3 3 5 5 2 1 2 4 4 1 3 2 2 4 5 5 5 3 4 3 2 1 4 1 3 2 4 1 1 3 2 3 3 5 5 2 3 5 5 4 5 4 1 4 1 2 1 3 2 3 5 4 4 4 4 5 2 3 0
76 10 8 27 6 80 18 78 77 8 11 4 56 47 79 42 66 16 28 3 69 43 36 44 61 19 2 25 75 9 49 46 10 38 35 80 66 5 72 63 20 32 4 60 35 5 23 10 22 67 43 68 22 64 10 35 8 80 26 24
38 65 55 56 61 25 45 47 50 3 35 59 41 8 66 75 29 38 59 14 79 1 33 15 71 69 18 30 80 53 19 15 32 80 67 23 10 39 5 11 31 61 75 14 49 33 19 34 38 77 5 78 3 20 71 46 79 49 74 43
61 25 51 48 37 23 59 68 9 31 54 54 51 80 43 24 13 36 22 32 10 53 23 18 21 21 33 2 28 10 27 65 56 72 18 72 15 48 55 35 26 10 79 6 19 69 44 42 53 54 54 73 34 4 80 66 59 61 70 50
33 73 75 39 55 58 12 50 31 71 3 2 60 60 5 4 14 68 76 78 42 30 4 46 1 39 11 28 17 3 41 32 17 18 25 10 71 26 75 4 56 69 18 78 4 8 14 58 1 62 18 22 65 62 36 45 29 52 76 28
23 50 26 36 15 27 61 44 52 5 58 9 18 52 44 66 52 9 27 11 11 34 11 54 44 67 38 22 67 16 26 7 69 36 72 31 67 74 26 65 22 53 66 75 60 17 10 43 42 3 44 47 54 9 28 40 55 13 33 73
58 49 52 68 69 76 46 56 29 11 15 51 33 53 59 27 44 53 2 76 78 39 14 52 6 29 60 79 44 21 76 66 58 55 12 52 59 16 11 20 70 71 20 45 37 51 75 12 48 2 52 56 26 23 29 65 11 41 34 22
70 60 9 32 23 55 51 76 24 69 45 44 46 45 4 17 17 7 43 41 9 74 67 24 12 25 3 7 62 22 80 52 35 62 46 73 5 44 46 6 11 79 78 71 76 62 69 20 64 11 25 57 45 67 67 48 15 75 52 3
7 3 13 79 30 14 64 65 33 44 67 14 12 63 76 1 75 69 18 66 39 11 12 4 4 53 40 72 24 44 44 75 59 3 70 26 18 8 23 66 36 73 15 19 44 16 31 38 68 44 64 53 80 60 44 33 49 26 50 29
77 52 16 50 8 41 57 79 21 49 74 27 29 10 9 76 58 32 58 62 36 69 5 73 17 49 74 67 66 76 22 13 2 50 20 56 40 76 78 45 80 75 59 61 77 49 71 41 63 28 10 7 77 79 62 26 21 38 42 77
55 76 15 71 67 43 44 52 1 25 47 30 54 59 26 8 71 15 15 33 30 36 27 49 23 55 57 12 31 56 61 27 33 14 54 67 61 52 27 21 8 67 72 36 23 42 32 7 36 25 46 58 13 21 26 58 51 59 65 31
11 55 47 17 19 62 77 41 68 13 30 58 73 42 16 56 48 54 1 79 49 19 13 51 52 30 42 24 46 19 15 50 73 20 34 34 47 19 57 24 35 55 55 7 50 24 25 80 7 66 61 41 64 14 74 13 9 54 51 67
52 21 23 21 59 30 56 40 79 30 19 18 69 77 33 62 5 17 73 27 16 79 77 65 79 42 14 34 61 30 12 44 72 35 10 78 49 80 67 32 30 36 46 54 55 32 2 37 55 47 42 29 7 76 47 78 78 70 61 33
44 75 45 64 31 45 50 32 43 62 38 41 74 27 73 28 11 22 80 53 12 46 64 60 62 61 71 26 20 72 17 71 25 15 52 79 13 54 16 46 65 1 73 37 28 76 46 78 29 32 20 79 38 34 50 22 19 15 47 52
24 64 69 20 20 75 23 3 45 6 59 64 61 74 27 48 74 76 66 45 8 60 19 33 13 18 15 4 11 68 24 58 11 49 19 15 29 6 24 72 78 4 61 40 47 72 61 62 18 27 73 48 57 7 15 71 58 37 2 4
66 40 2 28 32 59 27 31 35 58 9 47 22 30 1 79 51 14 20 77 1 48 66 58 25 15 51 9 56 77 23 40 46 33 44 44 16 2 76 44 15 39 39 34 29 14 28 46 54 48 11 6 55 53 34 67 56 60 41 38
47 53 1 76 46 49 38 38 3 15 79 28 53 19 63 51 24 6 44 50 77 41 15 6 19 13 48 66 32 23 31 76 55 77 77 25 9 29 63 49 32 37 41 72 40 50 47 48 9 30 66 67 58 43 25 2 3 36 14 37
64 63 6 5 49 39 14 13 38 14 10 34 7 56 20 13 6 49 12 43 50 73 74 57 78 70 37 61 51 45 74 54 18 44 4 60 31 73 15 15 59 28 64 42 41 75 58 47 73 74 58 3 8 57 60 57 34 50 32 74
80 19 21 6 51 12 16 45 42 79 6 70 17 58 67 19 30 20 8 13 48 50 40 59 43 56 75 74 42 57 71 24 29 42 42 1 38 20 69 67 76 21 48 48 57 34 33 35 6 34 53 15 69 18 17 42 65 47 57 75
6 7 27 7 34 40 75 53 59 56 29 23 58 46 36 58 32 5 54 63 71 55 79 62 59 52 70 65 36 70 70 19 21 31 76 16 72 46 70 29 64 63 58 24 59 70 18 54 61 43 56 30 68 52 73 47 76 3 27 11
65 67 10 44 63 71 58 61 57 12 52 43 59 34 74 31 27 18 30 20 40 31 21 22 34 16 26 47 8 20 14 6 47 64 24 51 62 4 4 5 62 42 50 46 71 63 24 39 66 18 6 66 52 80 58 9 47 6 60 80
40 27 35 66 0 42 15 73 13 35 61 3 16 21 60 70 50 73 25 9 7 61 0 13 67 76 63 78 18 8 5 45 60 58 0 40 57 75 50 74 33 72 32 69 12 28 3 2 32 7 27 49 78 38 65 10 43 16 68 76
13 1 3 0 0 33 42 9 15 2 13 72 2 78 46 55 22 70 49 19 73 29 0 37 49 75 0 29 0 48 6 31 61 27 0 75 11 0 37 2 58 26 0 2 17 35 34 40 12 41 75 0 27 10 55 0 30 78 63 15
0 35 38 0 0 32 74 6 30 29 0 53 63 18 34 38 64 0 65 25 34 68 0 11 0 9 0 63 0 5 48 47 0 8 0 30 7 0 2 61 55 5 0 35 65 9 60 19 59 1 14 0 59 3 51 0 77 69 5 8
0 77 22 0 0 68 53 37 23 38 0 39 9 5 23 43 0 0 34 15 23 52 0 1 0 28 0 0 0 60 21 30 0 19 0 6 60 0 20 40 34 62 0 0 70 39 79 26 17 0 63 0 41 0 23 0 80 5 77 26
0 32 66 0 0 15 2 14 12 19 0 77 40 17 2 0 0 0 0 8 20 9 0 45 0 60 0 0 0 4 16 28 0 54 0 0 22 0 31 78 6 25 0 0 43 0 11 64 0 0 32 0 75 0 59 0 6 45 28 41
0 44 71 0 0 5 30 5 17 10 0 57 0 76 61 0 0 0 0 37 3 0 0 75 0 80 0 0 0 0 25 33 0 71 0 0 0 0 0 37 0 49 0 0 0 0 70 55 0 0 78 0 42 0 76 0 0 56 17 32
0 6 25 0 0 0 0 0 64 21 0 76 0 55 0 0 0 0 0 0 63 0 0 76 0 65 0 0 0 0 47 26 0 13 0 0 0 0 0 0 0 78 0 0 0 0 1 0 0 0 30 0 6 0 21 0 0 57 78 17
0 11 49 0 0 0 0 0 6 78 0 22 0 6 0 0 0 0 0 0 0 0 0 0 0 77 0 0 0 0 7 63 0 0 0 0 0 0 0 0 0 43 0 0 0 0 50 0 0 0 36 0 0 0 45 0 0 0 10 0
0 34 14 0 0 0 0 0 0 0 0 79 0 68 0 0 0 0 0 0 0 0 0 0 0 44 0 0 0 0 0 1 0 0 0 0 0 0 0 0 0 0 0 0 0 0 15 0 0 0 2 0 0 0 64 0 0 0 8 0
0 0 0 0 0 0 0 0 0 0 0 0 0 0 0 0 0 0 0 0 0 0 0 0 0 0 0 0 0 0 0 62 0 0 0 0 0 0 0 0 0 0 0 0 0 0 51 0 0 0 45 0 0 0 0 0 0 0 36 0
