60 80 40 20 30
3
4
2
4
5
3
3
1
4
4
3
5
5
1
2
3
3
4
2
2
3
4
5
1
1
2
3
2
5
3
3
3
5
4
2
1
3
5
1
4
1
4
5
2
2
4
1
2
1
4
3
5
4
3
1
3
5
2
1
5
2
2
2
3
4
2
2
3
4
3
5
5
5
4
4
1
5
1
3
3
0 5 5 4 4 2 5 5 2 2 3 3 1 2 2 2 5 4 2 3 1 2 2 3 3 5 3 4 3 4 3 1 3 3 4 2 2 2 2 4 3 5 1 1 1 1 3 2 2 1 3 4 2 5 1 5 4 3 5 2 5 1 3 3 5 4 4 2 2 2 2 2 2 3 5 1 4 4 5 2
3 0 2 2 3 1 5 3 4 4 5 2 2 5 5 4 1 4 1 1 4 2 3 2 3 2 4 4 4 5 3 3 3 2 5 5 2 4 1 4 5 4 3 5 4 4 4 4 2 4 1 2 5 2 4 2 2 3 3 4 5 4 2 3 1 4 1 2 3 3 4 1 4 3 5 5 2 4 5 4
4 2 0 2 5 3 3 1 3 3 1 5 5 5 2 2 1 1 3 5 5 4 4 3 5 3 4 4 4 4 3 4 2 1 2 4 5 2 3 1 5 2 1 2 3 1 5 2 3 5 5 1 4 4 2 2 4 4 2 2 5 3 3 3 1 5 5 5 1 2 5 2 4 5 4 3 1 3 5 5
1 4 1 0 3 5 1 1 5 4 3 2 1 2 5 1 5 1 2 2 1 3 4 2 4 4 4 4 5 4 1 2 5 2 4 5 1 5 2 1 5 3 5 2 4 1 3 3 4 3 2 3 1 2 3 2 5 2 3 3 1 3 5 1 5 1 3 4 4 2 2 3 5 4 1 1 3 3 1 5
2 3 3 2 0 5 5 4 5 5 3 4 1 5 3 1 4 4 4 5 3 1 2 1 1 2 4 4 5 4 2 1 5 3 3 4 4 5 4 1 1 4 3 5 4 5 1 2 2 1 2 5 2 3 3 4 1 4 4 4 1 4 1 2 2 4 1 1 3 5 1 5 3 5 1 5 2 2 3 3
4 5 3 4 5 0 3 1 2 5 4 4 2 2 3 4 3 2 5 2 1 4 1 5 1 4 5 1 4 3 1 5 4 5 4 1 5 2 4 4 4 5 5 1 3 5 5 2 5 4 2 3 4 4 3 2 5 5 4 3 3 4 1 4 5 2 2 3 2 5 2 2 1 5 2 5 4 5 2 3
5 1 3 3 1 4 0 2 5 3 5 4 4 5 5 4 4 3 5 2 2 1 3 1 5 3 3 2 2 1 3 3 1 5 4 1 3 5 3 5 3 1 4 4 4 2 4 4 4 4 3 3 1 1 2 5 4 5 4 3 1 5 4 3 4 3 3 3 5 1 4 4 2 4 3 4 4 2 1 4
5 2 4 4 4 3 5 0 5 2 4 2 3 2 2 1 3 3 5 3 1 2 1 2 1 4 4 4 4 3 2 5 5 3 3 2 2 2 5 3 2 4 4 2 5 2 3 5 2 3 2 4 1 5 4 2 2 3 3 5 1 5 3 4 2 2 4 1 3 4 5 3 3 4 1 2 5 4 4 2
3 2 5 1 4 4 5 1 0 5 2 4 4 4 5 3 4 3 4 2 2 2 2 3 5 3 4 5 4 4 3 2 3 5 3 1 2 1 4 5 3 1 4 4 5 1 5 1 1 5 3 1 5 3 2 3 4 1 2 4 3 2 4 3 1 5 4 1 2 3 2 5 5 5 1 4 1 3 1 2
4 3 2 5 1 2 3 1 5 0 1 1 2 3 4 2 4 4 5 5 4 2 1 3 1 5 1 5 1 5 1 2 5 4 2 2 4 5 2 4 3 2 3 5 5 5 1 2 5 2 4 5 3 3 5 1 1 2 1 2 2 3 4 4 3 5 2 3 1 3 3 2 5 4 5 5 1 1 2 1
4 4 5 3 2 4 2 3 1 1 0 3 5 2 2 2 5 5 5 2 4 4 3 5 4 3 2 1 3 4 5 4 3 1 1 3 2 4 3 2 1 2 1 5 4 2 3 2 1 1 3 4 1 1 4 4 4 3 1 5 3 5 2 3 1 2 4 1 1 2 3 5 2 3 4 4 3 5 1 2
2 5 4 2 5 5 4 2 4 1 2 0 4 2 1 2 4 3 3 2 5 4 4 5 2 2 4 1 2 3 5 2 4 3 5 5 4 4 1 2 2 5 2 5 4 1 3 4 4 5 2 3 5 2 5 5 2 4 2 4 1 5 3 5 2 1 5 3 5 4 3 5 1 5 2 1 2 1 2 4
5 1 1 5 1 4 1 4 2 3 1 3 0 4 5 2 1 1 1 2 1 1 5 4 4 3 1 3 2 3 5 1 2 3 1 1 3 2 1 1 1 1 3 5 3 3 2 2 2 1 2 5 2 2 1 3 3 4 4 3 3 1 1 2 1 5 1 1 1 2 3 4 1 2 2 1 4 3 2 4
5 5 2 5 5 5 1 5 4 1 2 1 2 0 3 1 1 3 5 3 5 2 1 2 3 2 1 2 1 4 3 2 4 2 4 4 3 4 5 5 1 1 2 5 3 5 3 1 2 4 5 2 5 2 5 1 4 4 4 5 4 2 5 3 2 2 1 4 1 2 1 5 4 2 2 4 2 1 1 3
3 3 4 3 5 3 4 1 1 1 3 3 5 2 0 5 1 1 1 3 5 2 4 2 5 5 3 5 1 5 1 2 2 1 3 3 1 2 4 3 4 4 3 4 2 1 3 2 4 2 1 5 2 4 1 2 1 1 1 5 2 1 2 4 5 4 5 3 4 5 4 4 1 2 1 4 2 2 1 1
2 1 2 3 5 2 4 5 5 5 4 2 2 1 1 0 4 5 3 5 1 3 2 1 2 1 3 4 5 3 1 4 1 4 2 2 3 1 2 4 4 3 1 2 5 4 2 5 3 4 5 5 4 4 4 2 5 2 5 5 1 5 3 2 2 5 2 5 3 5 4 3 2 1 1 1 4 5 5 1
4 5 3 3 1 3 1 5 2 3 1 3 3 5 1 4 0 5 1 3 4 3 3 3 5 4 4 5 3 1 4 4 3 4 3 2 1 2 5 5 5 2 4 2 2 5 1 2 3 5 2 2 4 4 4 3 4 2 5 5 2 3 3 1 5 3 5 5 2 5 3 5 1 1 4 2 5 1 4 1
3 4 4 3 3 2 3 2 5 1 1 2 2 5 3 5 2 0 5 2 3 4 4 4 1 1 5 1 3 3 5 5 2 1 4 5 1 5 1 3 1 3 4 2 1 3 4 4 3 2 5 5 2 5 1 3 4 5 5 2 2 3 2 3 2 2 2 3 4 3 1 1 3 3 3 2 5 2 5 4
4 3 5 1 2 3 1 3 5 1 1 1 1 3 2 3 5 1 0 1 5 5 1 3 4 4 1 5 4 4 4 2 2 3 3 2 3 2 3 3 5 3 5 4 4 3 2 4 2 4 4 2 2 5 4 3 1 2 2 5 2 3 4 2 2 3 4 2 2 4 3 2 5 2 5 5 2 4 2 1
2 5 4 1 3 5 1 3 1 3 1 2 3 1 1 3 5 4 5 0 5 3 2 4 2 1 1 3 3 2 5 4 5 2 5 4 5 3 1 4 1 2 4 4 1 2 3 4 3 1 2 2 1 4 3 4 3 5 1 5 2 3 4 4 1 5 2 3 4 4 2 2 4 3 4 2 2 1 4 2
4 4 3 3 3 4 5 4 2 1 5 4 1 5 2 4 4 2 3 4 0 2 2 2 2 5 4 2 1 1 4 3 1 5 5 5 5 2 3 4 2 5 1 2 4 4 3 5 5 5 2 5 4 2 1 1 1 5 1 4 2 5 3 4 4 4 4 1 1 2 3 4 4 5 2 1 5 2 5 5
5 3 2 4 5 3 3 5 2 3 5 1 2 3 5 2 3 2 4 4 5 0 1 2 2 1 1 5 4 4 4 3 4 3 2 3 3 4 3 2 3 4 3 5 1 2 4 5 3 1 3 3 5 1 2 3 1 1 4 1 5 3 3 5 3 3 4 3 2 5 5 5 2 1 2 3 2 1 3 3
1 3 5 1 2 2 2 3 2 3 3 2 2 5 2 4 2 4 3 2 4 1 0 5 5 1 2 2 4 2 4 1 5 4 5 5 3 1 4 1 1 1 3 3 4 3 5 1 5 2 3 4 1 5 3 2 5 3 2 1 4 3 2 1 1 4 2 1 4 1 5 1 1 4 3 1 3 5 4 1
5 2 3 4 3 1 2 4 1 5 3 4 5 3 3 1 2 4 1 5 5 5 1 0 1 4 2 3 1 3 1 3 2 2 4 3 1 1 1 4 3 2 5 5 2 5 1 5 4 1 4 2 1 5 5 3 3 5 3 2 1 3 5 1 5 1 5 1 5 5 3 1 4 2 1 4 2 5 2 3
4 3 1 3 3 4 1 5 5 1 1 1 1 3 5 1 4 3 4 2 1 4 5 2 0 2 4 5 1 4 5 4 2 1 1 5 1 1 3 3 5 1 4 4 3 1 1 3 5 2 4 2 4 4 4 1 3 5 3 4 5 2 1 4 3 5 1 2 1 4 5 1 5 5 2 5 3 3 2 2
1 3 2 1 4 1 5 4 4 4 4 2 5 2 1 4 5 4 1 2 1 5 1 5 4 0 3 5 4 5 3 2 2 4 3 2 5 3 2 1 1 5 5 1 5 3 1 3 1 5 2 4 2 4 5 4 1 5 2 2 5 5 1 1 3 5 4 5 5 2 1 1 1 1 2 4 2 3 4 1
2 1 5 1 4 1 3 3 4 5 2 1 1 3 3 2 1 1 2 2 5 4 3 2 3 5 0 1 5 3 3 3 2 3 3 4 3 5 5 2 3 2 1 5 1 2 4 3 4 1 4 4 4 4 2 4 3 1 1 4 2 4 3 1 5 3 4 3 3 3 1 4 2 4 3 4 3 5 3 1
5 3 2 5 3 4 3 5 4 4 5 2 2 2 1 1 2 4 5 1 5 4 4 5 1 3 5 0 5 1 2 2 4 5 5 5 4 4 5 3 2 5 2 4 5 1 3 4 2 5 4 3 3 5 5 1 3 5 1 2 4 1 3 1 5 5 3 4 5 4 3 4 4 3 1 2 1 4 4 5
2 3 4 3 4 4 3 1 1 5 1 1 3 1 4 5 1 5 4 3 5 1 5 4 5 1 1 4 0 5 5 2 1 5 1 1 3 2 5 4 1 3 1 3 3 2 2 4 2 4 1 3 2 1 2 5 4 5 5 2 3 3 1 1 2 4 3 3 2 4 5 1 3 4 1 1 3 1 1 2
3 4 4 1 2 3 4 5 3 3 4 1 4 1 5 2 3 1 3 2 4 5 5 1 1 3 1 1 2 0 2 4 1 4 1 5 5 5 2 2 3 2 3 5 4 2 1 2 4 3 3 5 4 5 1 1 5 2 3 2 2 1 5 3 5 4 1 1 4 1 4 3 2 4 5 1 4 5 5 4
2 1 5 5 2 1 5 5 2 3 4 4 2 3 1 5 4 5 1 2 2 4 2 4 1 4 5 2 2 5 0 5 5 4 4 1 3 3 4 1 5 4 4 1 1 4 4 5 1 4 5 5 5 5 3 2 2 4 2 4 3 5 5 2 4 2 4 3 4 2 3 5 1 4 5 3 5 2 3 2
5 3 3 1 2 4 3 3 1 5 1 2 2 2 3 3 4 5 1 1 1 5 5 3 3 5 2 2 5 1 1 0 5 5 3 5 4 5 1 4 1 1 1 1 2 2 3 5 1 3 5 3 1 1 2 4 1 4 5 3 1 5 5 4 3 1 5 1 3 5 2 4 2 2 2 1 1 2 2 5
3 2 1 3 1 2 3 1 1 2 4 2 3 3 1 3 5 1 3 4 3 2 3 3 3 3 5 1 1 4 5 1 0 1 1 1 1 5 3 1 4 3 1 5 4 4 4 2 3 2 3 1 5 3 5 4 3 5 3 2 3 5 2 3 5 2 3 2 1 5 2 2 2 3 2 3 2 5 1 4
4 5 2 3 1 5 2 3 3 1 3 1 4 1 1 5 4 4 2 5 5 4 3 4 4 1 1 1 2 3 3 5 1 0 2 3 2 4 4 4 5 5 4 5 1 4 3 2 2 3 4 1 1 4 1 5 2 5 1 5 5 4 2 3 4 1 2 3 4 1 4 3 2 3 3 5 4 2 5 3
3 1 2 5 5 4 5 5 5 5 2 5 1 5 5 2 4 4 3 3 2 3 1 4 2 3 1 4 4 3 1 3 3 2 0 1 5 2 2 5 5 3 3 4 2 2 5 1 2 5 1 3 1 3 3 5 1 2 5 4 1 5 4 1 4 5 4 4 5 1 5 1 2 3 5 3 1 5 4 1
5 4 3 4 4 1 4 4 3 5 1 2 2 2 2 5 4 4 5 4 1 5 5 5 1 1 4 5 1 5 3 3 3 4 1 0 5 3 1 2 3 3 4 3 3 5 2 5 1 4 1 1 2 4 4 4 1 3 5 4 5 5 4 5 2 1 3 3 4 1 3 5 2 2 1 1 4 3 4 1
1 5 5 5 1 3 2 5 3 1 4 5 3 4 2 5 5 4 2 4 3 2 3 5 4 4 1 1 3 2 1 1 2 5 3 5 0 3 3 4 4 5 3 5 2 2 2 5 3 3 4 2 1 5 4 4 1 4 3 3 1 5 3 3 5 5 3 2 3 2 1 1 2 2 5 5 3 1 2 2
1 1 3 2 1 3 2 4 2 4 4 2 5 3 3 3 1 3 1 5 2 3 3 5 1 2 2 1 3 5 5 2 4 3 3 2 1 0 5 5 1 3 4 5 3 5 5 5 5 3 4 3 5 5 5 3 5 1 5 3 4 2 1 1 3 5 2 4 4 4 2 5 1 2 5 5 2 5 4 1
4 3 3 5 2 4 5 3 1 2 1 4 1 4 5 1 3 2 3 2 3 5 3 4 1 5 5 4 3 3 5 4 4 5 3 1 1 1 0 2 5 3 3 2 2 4 4 1 5 2 5 5 5 5 5 2 4 5 4 3 2 4 4 4 2 2 3 2 5 5 1 5 4 3 5 3 4 3 5 4
4 4 2 1 3 3 3 1 1 4 3 1 4 4 2 1 2 5 2 2 1 2 5 5 1 2 5 5 2 4 2 5 3 5 3 3 1 2 5 0 2 4 4 3 1 4 4 3 4 4 2 1 4 4 5 4 1 1 1 3 3 2 2 3 2 2 4 1 4 2 4 2 2 1 4 5 1 4 1 5
5 4 5 3 1 3 1 5 4 2 5 2 1 1 1 2 4 4 2 3 2 5 4 4 3 4 3 3 1 4 3 3 1 3 5 5 2 4 1 5 0 2 1 3 2 1 3 5 5 1 4 2 4 3 4 1 5 3 4 5 4 2 2 2 3 5 3 3 4 3 2 2 4 2 5 4 3 4 5 3
4 5 3 4 1 1 3 2 2 1 4 1 1 1 1 4 4 5 5 5 3 3 4 4 1 1 3 2 5 5 3 4 1 1 3 2 2 2 5 2 2 0 2 2 4 4 1 3 4 1 4 1 1 4 2 5 2 1 3 5 4 1 3 1 2 1 2 2 4 3 1 1 4 4 5 3 3 4 4 2
5 4 2 3 4 1 3 2 2 3 3 3 4 4 4 5 4 4 3 1 4 2 4 5 4 5 2 3 2 1 5 5 2 4 4 4 4 3 2 1 4 2 0 2 3 4 4 1 4 3 3 2 3 3 4 5 1 4 3 3 4 1 2 2 1 5 4 2 3 1 4 2 1 5 2 2 2 3 1 3
2 2 3 2 5 4 1 5 5 1 3 2 4 1 2 4 1 4 5 5 4 5 2 5 1 3 3 5 1 5 4 1 1 5 3 2 4 3 2 3 3 5 5 0 5 2 2 1 1 5 5 3 1 1 1 3 2 5 5 5 5 3 5 1 5 2 3 4 4 4 3 2 5 5 2 5 5 4 2 2
4 1 1 2 3 1 3 2 3 5 5 2 5 4 4 3 3 1 4 1 5 5 2 5 3 3 3 3 3 2 2 3 5 2 1 3 2 1 2 4 5 4 4 1 0 5 5 5 1 2 3 3 5 2 3 2 2 3 3 1 4 4 1 4 5 4 1 3 5 4 2 5 3 3 3 2 3 5 4 2
5 4 4 4 3 4 5 5 2 1 5 5 5 5 3 3 2 2 4 3 1 1 1 3 5 5 3 3 1 1 3 5 3 3 5 3 3 1 1 5 1 4 3 2 1 0 5 4 1 4 1 1 1 2 1 5 5 2 1 1 1 3 3 4 5 4 2 1 4 2 2 3 2 5 4 5 4 2 1 1
3 5 5 5 3 1 1 1 4 4 5 4 5 5 3 4 4 1 1 2 2 3 2 2 2 5 2 2 2 4 4 2 2 2 4 5 1 5 1 2 1 1 3 5 4 3 0 1 5 4 5 3 5 1 5 3 2 4 5 1 5 5 4 5 5 1 1 4 2 4 4 5 1 5 2 5 5 5 5 3
2 1 2 4 2 2 3 4 1 1 4 2 2 1 3 5 2 2 2 1 3 5 5 3 3 2 4 5 3 2 2 1 5 2 4 2 1 4 5 2 2 4 5 4 2 3 5 0 5 2 3 4 2 2 2 5 1 2 3 4 2 5 3 1 4 1 4 3 3 1 3 5 4 1 5 5 4 1 5 5
4 4 4 1 1 4 2 1 2 3 5 3 4 3 5 1 2 1 5 5 1 3 3 4 5 4 3 2 3 4 3 3 3 2 5 1 3 5 3 2 5 4 3 3 5 2 5 4 0 1 1 3 4 4 5 2 2 5 5 2 5 1 4 1 4 2 1 5 4 4 3 4 1 4 5 1 5 1 3 4
2 5 5 4 3 4 5 1 2 5 1 4 4 5 4 3 5 5 5 4 5 5 4 3 2 3 5 5 3 3 2 4 1 1 5 5 1 3 2 5 5 2 3 4 5 2 2 5 3 0 3 3 4 3 4 5 1 1 1 1 2 2 1 4 2 2 3 3 3 4 3 2 3 2 2 5 3 5 2 2
4 1 2 5 2 3 2 2 1 3 5 2 4 2 4 1 4 3 1 1 2 5 1 3 3 1 2 3 2 4 4 4 4 5 3 1 1 1 5 4 4 4 1 3 5 3 5 2 1 3 0 2 3 3 5 1 1 2 5 3 1 4 2 5 1 2 2 1 2 1 5 1 5 5 5 3 4 1 2 5
2 3 4 2 2 2 2 3 2 2 4 1 1 2 4 5 2 5 4 2 4 3 3 4 5 4 4 4 3 4 1 2 5 3 3 2 3 2 3 5 4 3 1 2 1 2 3 4 5 1 3 0 2 3 2 4 4 3 4 4 4 1 3 2 3 4 5 1 2 4 1 3 2 1 1 4 5 1 1 5
3 1 2 4 5 4 1 5 5 1 2 4 3 1 5 5 1 2 4 4 1 2 3 3 4 4 4 3 1 5 4 2 1 5 3 1 3 2 1 5 4 1 2 1 4 4 5 4 2 4 4 4 0 5 3 4 1 4 3 1 3 2 3 4 3 1 1 5 1 4 1 2 3 1 5 4 1 4 4 4
1 2 2 1 5 1 2 4 1 5 1 3 2 4 2 5 4 2 3 5 2 1 2 4 2 2 1 5 3 2 5 4 3 2 4 3 5 3 5 3 3 3 1 2 2 4 1 1 3 2 3 1 1 0 2 1 3 3 2 5 1 4 2 1 5 1 3 2 2 3 1 2 5 3 4 1 2 5 2 3
3 3 4 2 5 1 4 5 4 4 3 2 1 5 1 4 4 2 2 3 3 5 1 4 1 1 3 1 4 1 3 3 2 4 1 4 4 5 3 3 4 5 3 5 5 4 5 4 2 2 2 4 4 5 0 2 4 3 1 1 4 1 3 4 5 5 1 4 2 1 4 1 2 2 1 1 2 5 4 5
1 4 5 2 5 3 5 3 5 5 3 5 3 5 1 1 5 1 3 1 4 5 3 4 5 4 2 5 4 3 3 1 5 1 4 5 2 2 1 3 1 4 3 2 2 1 5 5 1 5 1 5 4 4 5 0 5 5 5 5 4 4 3 1 3 4 5 2 5 3 2 4 2 2 4 5 1 4 2 2
1 1 4 1 3 2 3 4 3 1 5 2 5 5 3 1 3 3 5 1 5 5 2 5 2 1 3 3 5 1 4 5 4 5 4 1 1 2 3 1 1 4 5 2 3 5 3 2 3 4 5 2 1 4 3 3 0 3 4 4 5 2 4 3 5 5 1 3 3 5 5 2 4 3 5 1 1 2 2 4
4 3 2 4 1 4 4 1 1 5 1 3 3 3 5 1 4 1 2 3 2 2 1 3 1 3 2 4 1 2 4 4 1 2 1 5 4 3 4 3 2 2 1 3 1 3 5 5 1 2 2 2 2 4 2 2 1 0 3 3 3 4 5 4 4 2 2 5 1 4 2 1 2 1 5 4 2 3 1 5
1 3 2 5 4 5 1 3 1 3 4 2 3 1 3 3 4 3 2 5 3 3 4 4 2 4 5 1 3 1 1 5 1 2 4 4 1 4 1 4 4 2 3 4 5 2 2 3 4 1 3 1 4 3 2 5 1 1 0 5 3 5 4 1 1 2 2 1 4 5 5 4 5 3 3 2 1 4 5 3
1 5 2 4 4 1 3 3 4 2 5 1 5 4 4 5 4 5 1 4 5 5 5 4 4 2 4 2 3 4 1 3 4 2 5 2 2 5 3 2 3 3 2 3 3 2 4 1 1 1 3 4 5 5 1 3 1 4 3 0 2 3 3 1 3 5 2 3 3 2 1 1 2 1 3 4 4 3 4 3
1 5 2 2 1 4 1 2 1 1 4 1 2 3 1 5 4 3 1 3 4 1 4 2 3 1 4 3 2 1 5 5 3 2 1 2 1 1 1 4 3 1 5 2 3 1 4 1 3 1 2 1 1 5 3 1 5 2 4 3 0 5 5 3 5 2 3 5 2 4 4 2 4 4 5 1 5 5 4 2
5 5 4 4 4 2 2 3 2 5 4 1 1 5 3 2 2 2 3 1 2 3 4 5 1 2 5 3 4 3 4 2 1 3 1 2 5 2 2 5 5 3 4 5 2 4 1 1 1 1 3 3 5 2 3 3 3 2 4 2 5 0 5 1 1 1 1 1 1 4 2 2 3 1 5 4 5 4 5 5
2 2 5 2 4 2 2 3 5 3 2 1 3 5 3 5 4 2 4 3 5 3 1 2 2 4 3 2 1 5 2 1 4 2 2 1 4 3 5 5 3 5 5 4 2 5 4 4 1 1 5 1 4 2 1 1 1 3 2 2 2 5 0 1 3 4 3 5 3 2 2 3 4 2 4 1 3 5 4 4
3 4 1 5 2 2 4 4 5 3 3 2 1 2 3 4 3 5 4 1 1 4 2 1 3 1 3 2 1 3 3 3 4 4 3 2 1 3 4 3 1 5 5 2 2 4 2 1 2 5 1 5 4 3 4 3 5 3 3 4 5 2 2 0 4 3 5 3 3 2 1 4 5 3 4 5 2 3 1 1
1 2 2 1 3 5 3 1 5 4 5 2 5 3 1 5 2 5 1 3 3 2 3 4 5 2 2 4 2 4 4 3 5 3 2 2 5 4 4 2 1 1 2 5 1 1 4 1 2 1 4 3 3 1 4 1 1 3 5 2 3 4 1 5 0 2 2 5 5 4 5 1 4 2 1 3 3 1 2 4
4 4 1 2 2 3 5 5 1 5 3 2 4 4 4 4 2 1 2 5 1 5 3 5 3 4 3 4 4 1 1 4 3 3 2 5 1 5 1 1 2 2 3 3 3 3 2 5 5 4 5 4 3 3 3 5 3 4 5 3 1 4 4 5 1 0 5 3 5 4 2 5 4 3 2 2 4 4 3 1
3 1 1 1 4 3 1 1 5 3 3 4 5 3 5 2 3 1 2 1 4 5 4 5 2 2 1 5 3 2 3 2 3 4 4 3 4 4 3 3 5 3 5 4 2 5 1 1 5 4 2 5 3 5 4 1 4 3 4 2 1 5 4 3 2 5 0 2 2 3 1 5 5 3 3 3 4 4 4 3
2 4 3 3 5 4 2 4 3 2 1 4 5 2 3 2 2 2 3 5 4 2 3 5 4 3 4 1 1 2 1 3 3 1 4 1 2 2 3 1 4 4 1 3 4 2 3 3 2 3 1 3 4 1 2 3 4 5 1 4 1 4 4 2 1 2 1 0 2 2 1 2 5 5 5 3 2 5 3 2
5 2 3 1 1 3 3 3 3 1 2 3 2 1 4 1 2 4 4 4 3 2 5 4 1 5 3 2 4 4 1 1 5 1 5 3 3 3 4 3 4 3 2 2 2 4 4 4 1 5 5 1 1 5 5 1 1 1 5 2 3 4 2 3 4 5 3 2 0 3 2 2 5 1 1 3 1 4 5 2
1 1 1 5 3 4 2 5 3 5 4 1 4 3 4 3 1 2 1 3 4 5 4 2 2 2 2 3 3 4 5 3 2 2 2 1 1 4 3 4 2 2 4 2 3 5 2 1 1 2 4 3 3 5 5 2 1 1 1 5 3 5 2 1 1 2 4 1 3 0 2 1 2 2 2 2 1 1 5 3
3 3 5 4 1 5 1 5 2 3 2 5 3 1 2 4 3 2 1 4 5 1 1 5 5 1 1 1 4 1 2 4 1 4 2 1 4 4 5 5 3 3 5 1 3 3 3 3 2 2 3 3 3 2 2 2 5 5 1 2 5 3 1 2 3 5 4 5 3 3 0 3 1 1 5 3 4 1 3 1
3 2 3 4 5 3 2 2 2 2 1 1 3 1 5 2 2 3 5 1 5 5 2 2 2 5 2 3 5 2 2 2 4 1 3 1 1 1 4 1 3 5 1 1 3 3 3 1 1 4 4 3 3 5 2 3 2 1 2 4 2 3 5 5 4 5 1 4 5 1 5 0 2 1 4 1 1 5 2 5
2 2 2 5 3 3 2 2 5 3 5 2 1 4 1 5 5 5 3 5 3 5 2 3 2 4 5 5 1 3 5 5 5 3 3 4 4 5 3 4 4 2 1 5 4 1 4 3 4 1 2 1 4 4 2 1 3 2 2 4 3 1 4 4 4 1 5 1 2 3 4 5 0 2 2 1 1 4 2 4
3 2 4 4 4 1 4 1 4 3 4 4 1 1 1 3 1 1 5 5 2 2 4 1 3 4 1 5 4 2 3 2 4 2 2 3 5 2 2 4 1 3 3 1 3 3 5 2 4 2 5 3 2 2 3 3 3 1 3 2 2 3 2 2 1 1 5 4 3 5 5 1 3 0 3 4 3 2 1 2
2 4 1 5 3 5 2 2 1 2 5 2 2 1 4 3 3 3 1 5 3 5 4 3 5 3 2 4 5 5 1 5 4 3 2 5 1 2 1 2 2 3 2 3 3 5 3 3 4 4 5 2 3 2 5 1 1 1 2 3 3 4 5 5 4 5 2 4 5 2 3 1 4 2 0 3 2 2 2 2
3 5 1 2 1 1 1 5 5 2 4 3 5 2 4 5 1 2 1 4 1 5 4 4 2 3 5 4 4 5 2 5 2 2 4 3 3 2 3 4 2 2 5 2 5 3 1 4 5 4 5 2 5 3 5 2 4 4 3 4 4 3 4 5 1 4 4 4 1 1 4 5 3 4 2 0 1 4 2 2
5 5 4 5 1 5 1 2 5 3 2 1 1 1 1 3 1 4 5 1 1 1 3 3 1 2 2 5 5 1 5 4 5 1 4 3 1 5 4 2 2 3 5 5 5 3 5 2 3 1 3 2 4 3 4 2 4 5 5 4 1 5 2 4 1 2 2 5 3 5 3 2 1 3 4 1 0 4 4 3
5 3 2 2 1 3 3 2 1 3 5 4 5 5 5 2 2 5 5 3 1 5 1 5 5 4 1 4 4 5 4 2 1 5 5 5 1 3 4 5 2 5 2 5 5 3 3 3 3 4 2 3 2 1 5 3 3 4 5 5 1 1 1 5 2 1 5 4 2 3 3 2 2 5 4 3 5 0 5 1
3 1 2 4 4 1 1 1 2 1 1 3 2 5 3 4 5 2 4 3 4 2 2 3 3 5 3 2 3 1 5 1 2 1 1 2 2 4 1 1 3 1 1 3 1 1 5 3 3 2 5 4 5 1 1 5 3 3 3 5 2 1 2 2 5 3 1 2 1 2 3 5 5 5 4 3 5 2 0 3
1 3 3 5 3 1 3 3 4 4 1 2 3 4 2 1 5 3 4 5 2 5 3 1 3 1 3 1 1 1 2 5 2 3 1 3 5 4 3 3 2 1 2 1 1 2 4 4 2 2 3 4 2 1 4 2 4 5 4 1 2 3 3 5 1 3 1 4 1 2 4 3 2 5 3 2 1 5 5 0
73 9 6 15 32 46 3 69 76 12 39 17 1 13 11 71 30 52 63 48 70 55 14 80 66 39 53 6 8 55 24 70 22 15 28 28 38 32 38 80 35 6 13 57 40 6 27 9 42 3 72 8 35 70 2 43 13 58 34 33
35 61 49 37 17 63 22 58 17 5 61 19 8 70 61 55 57 1 32 35 57 5 68 3 17 2 20 19 6 45 2 18 47 33 58 11 42 25 57 13 46 79 19 72 54 40 33 26 57 18 24 35 1 59 76 54 77 49 20 53
58 22 45 31 26 48 65 25 5 46 57 71 77 52 80 31 79 51 20 1 43 54 12 5 13 20 50 23 7 56 62 16 48 65 29 31 48 16 25 20 23 45 77 28 3 78 59 48 27 5 34 80 13 34 69 74 56 62 46 56
30 69 67 22 56 71 79 56 44 14 78 72 34 40 65 48 21 64 33 6 31 17 24 36 2 73 29 31 39 29 20 47 14 26 64 55 47 72 70 49 4 28 69 4 22 23 34 55 70 55 5 41 19 25 40 53 42 53 3 44
20 46 19 76 20 2 27 50 15 8 28 34 27 25 1 12 75 67 21 59 14 16 63 7 76 6 24 57 57 32 30 29 59 49 75 19 5 2 30 36 71 1 18 34 66 12 9 75 21 68 28 26 74 68 32 3 30 41 15 21
55 56 46 75 25 31 2 55 16 15 41 8 28 26 54 66 70 45 49 77 20 64 42 57 32 3 39 24 48 28 58 2 3 5 60 48 14 31 34 7 47 75 16 14 1 24 23 53 61 42 73 20 64 11 19 48 52 77 41 59
67 24 13 45 74 39 42 7 66 27 34 3 31 14 62 20 12 42 54 58 47 80 20 61 14 26 37 3 12 23 69 62 53 79 71 6 59 57 6 52 8 60 8 51 5 61 2 56 66 44 57 32 20 16 72 73 14 38 64 37
6 17 12 69 62 59 10 70 34 70 10 69 51 9 15 5 58 23 65 56 55 53 27 77 25 58 31 59 3 49 57 6 75 4 66 44 46 26 49 10 72 51 58 38 76 72 24 52 33 9 43 53 40 36 48 56 15 11 35 27
75 48 18 49 54 34 21 9 78 77 6 61 53 11 13 8 65 26 38 53 62 34 51 68 28 80 76 66 77 57 44 74 20 13 44 13 24 33 23 14 37 66 48 59 49 32 43 28 51 7 19 28 55 72 25 8 47 60 62 19
52 72 42 16 41 21 11 61 32 36 70 38 80 38 73 63 46 44 62 15 66 56 9 17 24 12 46 45 69 1 59 66 60 46 51 36 74 50 33 31 2 19 1 80 9 58 18 23 76 10 45 10 49 64 67 41 21 55 79 8
9 51 74 60 23 80 57 22 23 19 64 45 76 22 22 52 42 25 18 16 52 10 41 47 48 60 25 52 68 51 68 55 2 45 32 78 23 22 64 61 51 14 65 55 48 51 66 11 22 70 74 73 39 80 30 66 34 72 63 51
79 2 76 8 58 74 39 31 27 44 76 30 20 53 56 77 34 61 40 74 48 45 64 52 56 36 64 63 64 72 1 37 33 59 76 62 35 17 2 42 20 72 43 73 55 43 45 54 3 52 14 74 26 29 79 18 49 37 74 16
41 71 62 77 2 1 80 6 53 58 31 15 17 80 53 56 16 6 80 11 18 73 22 50 9 55 10 4 51 65 36 38 39 32 24 77 50 76 48 2 45 80 71 62 17 15 35 17 55 33 33 68 52 8 51 10 79 61 5 66
21 36 11 68 14 40 63 45 20 9 16 77 52 8 19 11 61 62 10 23 11 79 33 42 45 63 6 22 79 11 7 19 21 16 9 18 76 28 45 12 10 65 78 22 60 48 10 70 4 46 77 67 73 79 54 17 74 13 59 5
63 49 1 53 11 79 4 19 8 42 72 47 43 18 16 72 71 19 51 54 56 78 18 46 46 74 77 55 56 15 28 77 76 7 70 57 66 21 53 33 30 49 46 17 33 36 61 19 72 11 38 71 62 12 13 21 18 24 9 64
44 75 20 10 43 9 46 65 50 21 56 24 66 66 36 49 29 32 39 60 8 18 5 70 22 33 66 71 74 19 18 43 45 64 72 80 53 44 77 62 50 23 63 6 28 5 6 41 38 75 29 34 7 48 38 75 55 47 52 22
61 5 24 1 77 68 49 73 42 20 7 44 46 15 49 30 41 7 60 65 13 66 56 12 26 45 62 40 37 39 40 72 28 35 45 35 80 14 41 25 13 34 32 67 52 21 7 14 30 49 60 75 46 45 29 55 8 1 23 67
78 10 22 11 73 20 18 21 9 30 38 58 58 35 21 33 72 27 36 66 27 2 32 79 53 19 55 80 42 33 65 60 62 60 22 30 52 11 67 55 3 24 70 52 34 60 63 35 71 12 71 17 66 22 65 34 2 50 40 28
5 76 31 33 65 61 40 10 60 3 43 65 40 33 67 19 52 38 8 31 54 47 47 33 4 70 80 43 4 69 51 3 24 38 36 58 55 15 31 67 48 27 22 27 46 16 76 34 28 2 11 15 65 60 27 65 45 9 70 61
62 45 4 61 64 5 14 38 36 17 37 40 70 51 27 50 40 4 2 22 53 42 62 45 67 24 75 54 62 70 55 54 44 76 6 7 33 35 47 8 49 62 75 23 62 42 47 51 49 65 15 47 67 24 77 50 73 80 43 76
37 6 34 43 13 24 24 14 0 53 18 51 0 79 63 64 26 50 34 44 45 7 3 35 42 32 0 34 2 50 67 1 30 54 5 15 27 78 42 45 26 50 28 79 65 79 46 61 17 24 65 30 12 35 70 30 80 71 73 42
10 32 10 28 21 60 20 76 0 0 47 12 0 75 2 22 37 55 46 0 77 0 66 9 0 4 0 25 71 13 27 20 0 25 3 49 44 61 75 79 41 59 27 24 72 73 28 60 39 0 21 12 78 32 55 0 53 35 77 0
49 73 59 24 44 16 51 53 0 0 26 56 0 57 0 0 7 9 55 0 80 0 46 64 0 46 0 51 41 5 49 14 0 61 13 65 68 48 5 60 73 55 80 15 77 41 39 1 78 0 53 62 77 20 59 0 62 45 36 0
0 19 64 56 4 57 0 13 0 0 0 5 0 5 0 0 3 63 11 0 28 0 55 59 0 31 0 13 23 0 17 41 0 67 16 70 0 0 78 6 70 77 0 42 45 0 19 69 0 0 51 7 2 67 62 0 11 57 12 0
0 40 7 19 0 0 0 16 0 0 0 4 0 16 0 0 10 37 71 0 5 0 25 14 0 64 0 0 43 0 50 73 0 37 37 63 0 0 50 0 78 0 0 50 42 0 5 59 0 0 1 66 16 19 33 0 78 0 53 0
0 60 44 71 0 0 0 35 0 0 0 60 0 0 0 0 19 0 57 0 4 0 0 0 0 75 0 0 0 0 43 49 0 10 0 37 0 0 79 0 76 0 0 53 24 0 78 50 0 0 0 6 53 52 63 0 5 0 0 0
0 29 23 47 0 0 0 0 0 0 0 18 0 0 0 0 18 0 1 0 49 0 0 0 0 61 0 0 0 0 38 76 0 17 0 73 0 0 71 0 0 0 0 60 0 0 68 10 0 0 0 52 21 0 49 0 23 0 0 0
0 31 8 66 0 0 0 0 0 0 0 76 0 0 0 0 49 0 0 0 46 0 0 0 0 66 0 0 0 0 60 0 0 43 0 41 0 0 24 0 0 0 0 0 0 0 0 49 0 0 0 18 68 0 21 0 76 0 0 0
0 59 40 0 0 0 0 0 0 0 0 0 0 0 0 0 66 0 0 0 0 0 0 0 0 0 0 0 0 0 0 0 0 36 0 0 0 0 22 0 0 0 0 0 0 0 0 0 0 0 0 0 0 0 0 0 31 0 0 0
0 63 0 0 0 0 0 0 0 0 0 0 0 0 0 0 0 0 0 0 0 0 0 0 0 0 0 0 0 0 0 0 0 0 0 0 0 0 0 0 0 0 0 0 0 0 0 0 0 0 0 0 0 0 0 0 0 0 0 0
0 0 0 0 0 0 0 0 0 0 0 0 0 0 0 0 0 0 0 0 0 0 0 0 0 0 0 0 0 0 0 0 0 0 0 0 0 0 0 0 0 0 0 0 0 0 0 0 0 0 0 0 0 0 0 0 0 0 0 0
0 0 0 0 0 0 0 0 0 0 0 0 0 0 0 0 0 0 0 0 0 0 0 0 0 0 0 0 0 0 0 0 0 0 0 0 0 0 0 0 0 0 0 0 0 0 0 0 0 0 0 0 0 0 0 0 0 0 0 0
0 0 0 0 0 0 0 0 0 0 0 0 0 0 0 0 0 0 0 0 0 0 0 0 0 0 0 0 0 0 0 0 0 0 0 0 0 0 0 0 0 0 0 0 0 0 0 0 0 0 0 0 0 0 0 0 0 0 0 0
0 0 0 0 0 0 0 0 0 0 0 0 0 0 0 0 0 0 0 0 0 0 0 0 0 0 0 0 0 0 0 0 0 0 0 0 0 0 0 0 0 0 0 0 0 0 0 0 0 0 0 0 0 0 0 0 0 0 0 0
0 0 0 0 0 0 0 0 0 0 0 0 0 0 0 0 0 0 0 0 0 0 0 0 0 0 0 0 0 0 0 0 0 0 0 0 0 0 0 0 0 0 0 0 0 0 0 0 0 0 0 0 0 0 0 0 0 0 0 0
0 0 0 0 0 0 0 0 0 0 0 0 0 0 0 0 0 0 0 0 0 0 0 0 0 0 0 0 0 0 0 0 0 0 0 0 0 0 0 0 0 0 0 0 0 0 0 0 0 0 0 0 0 0 0 0 0 0 0 0
0 0 0 0 0 0 0 0 0 0 0 0 0 0 0 0 0 0 0 0 0 0 0 0 0 0 0 0 0 0 0 0 0 0 0 0 0 0 0 0 0 0 0 0 0 0 0 0 0 0 0 0 0 0 0 0 0 0 0 0
0 0 0 0 0 0 0 0 0 0 0 0 0 0 0 0 0 0 0 0 0 0 0 0 0 0 0 0 0 0 0 0 0 0 0 0 0 0 0 0 0 0 0 0 0 0 0 0 0 0 0 0 0 0 0 0 0 0 0 0
0 0 0 0 0 0 0 0 0 0 0 0 0 0 0 0 0 0 0 0 0 0 0 0 0 0 0 0 0 0 0 0 0 0 0 0 0 0 0 0 0 0 0 0 0 0 0 0 0 0 0 0 0 0 0 0 0 0 0 0
0 0 0 0 0 0 0 0 0 0 0 0 0 0 0 0 0 0 0 0 0 0 0 0 0 0 0 0 0 0 0 0 0 0 0 0 0 0 0 0 0 0 0 0 0 0 0 0 0 0 0 0 0 0 0 0 0 0 0 0
