60 80 50 20 30
1
4
3
5
5
3
3
4
3
5
4
4
4
1
5
1
2
3
4
5
1
2
2
5
3
2
2
4
5
2
1
3
3
4
3
2
4
3
1
4
2
3
2
1
5
4
3
3
3
1
4
5
2
2
2
1
4
4
4
5
1
3
1
4
3
3
2
3
2
4
5
5
5
3
3
2
1
4
1
1
0 1 3 3 1 3 3 5 3 4 4 2 2 1 5 1 3 3 4 2 2 3 5 3 5 4 2 4 5 5 1 2 3 4 1 4 1 3 2 5 2 2 3 3 3 1 2 5 3 1 3 5 5 1 1 4 2 1 2 4 2 1 2 2 3 1 1 3 2 5 1 4 2 3 2 3 4 3 4 5
4 0 5 4 2 4 5 1 1 5 4 1 1 2 1 3 2 4 5 3 4 2 3 5 3 3 4 5 1 5 4 3 2 1 5 4 5 4 2 4 3 3 5 5 4 5 5 1 1 5 2 1 1 3 5 5 2 3 3 2 2 5 5 5 2 1 5 1 3 4 1 2 4 1 3 1 2 4 3 1
1 1 0 5 5 3 2 2 4 1 2 3 2 4 1 4 3 4 3 4 3 2 3 3 5 3 3 2 2 4 4 2 2 3 1 4 5 5 5 3 4 4 4 1 3 1 1 5 1 3 4 4 1 1 5 1 2 1 3 2 2 2 4 5 5 1 1 1 4 3 2 3 3 5 5 5 1 1 2 5
2 2 5 0 2 3 3 3 2 4 4 2 3 2 4 4 3 4 3 5 3 4 5 5 3 4 3 5 4 1 5 5 4 5 4 1 2 3 1 3 4 5 2 4 5 1 1 5 1 3 5 4 4 4 5 5 5 4 5 1 4 3 1 5 4 2 5 2 3 2 2 5 3 3 2 3 4 5 5 1
2 1 1 4 0 3 2 4 4 4 4 2 2 1 2 2 5 1 5 5 5 1 5 3 4 2 5 1 4 4 2 1 2 4 5 2 1 2 1 2 5 2 4 5 3 1 1 1 4 4 1 5 2 5 1 2 2 2 5 4 3 1 5 5 2 3 3 3 1 3 5 1 3 1 5 1 4 1 5 5
1 1 5 2 5 0 5 3 3 5 1 2 2 3 2 5 4 2 4 5 5 5 4 5 2 1 1 2 1 2 5 4 1 5 5 5 5 3 2 2 2 4 1 1 2 2 2 1 1 5 3 4 4 5 5 3 3 4 1 3 3 4 4 1 2 3 4 4 5 1 2 4 4 3 2 1 4 4 2 5
5 3 2 3 3 4 0 1 1 3 3 4 3 1 3 2 4 1 3 4 4 5 4 3 5 5 5 4 2 4 2 2 1 1 3 1 4 1 4 1 1 3 4 5 3 2 3 4 4 3 2 4 4 1 3 5 2 4 4 5 3 4 5 4 5 5 5 5 2 1 4 1 3 2 3 3 3 1 5 5
2 3 4 3 5 2 3 0 1 2 3 1 3 1 1 3 5 2 2 3 1 5 5 4 5 3 4 1 1 4 5 4 1 3 2 1 2 1 5 3 2 5 4 5 5 5 4 5 4 3 4 5 2 5 5 3 3 3 4 4 1 3 2 2 3 3 4 4 1 4 1 4 2 4 5 2 5 5 1 3
1 1 4 3 1 5 4 2 0 5 5 5 2 1 1 2 5 2 1 5 5 2 5 2 4 4 5 5 1 1 1 5 1 3 5 5 1 3 5 5 2 3 3 1 1 2 4 2 2 1 3 2 2 4 5 3 3 2 4 4 2 1 2 3 3 5 2 2 5 2 4 3 3 1 2 1 2 4 3 2
3 1 2 3 3 2 5 3 5 0 3 4 4 2 3 5 1 3 2 4 3 3 1 4 2 3 5 5 3 1 5 5 1 1 2 1 4 5 3 1 2 4 2 3 2 4 1 5 4 1 4 3 5 1 2 4 5 3 4 1 5 5 1 2 5 4 2 1 4 2 4 1 3 3 3 4 2 1 2 1
1 3 1 5 2 1 5 5 4 5 0 2 5 2 5 1 1 1 3 2 1 1 5 4 1 5 1 1 1 3 3 1 3 3 3 4 5 5 3 1 1 3 2 3 4 2 3 4 2 2 1 5 1 4 4 3 5 5 2 3 3 5 4 2 3 1 4 2 2 4 4 1 4 3 1 4 1 1 4 5
1 5 4 4 3 4 1 5 2 3 4 0 5 2 4 5 5 1 2 1 2 4 2 1 5 4 1 5 4 3 4 3 5 3 3 1 5 1 1 3 1 3 1 1 2 5 5 2 5 2 4 5 2 5 3 1 3 2 4 2 5 1 3 5 4 1 2 4 5 2 4 3 3 4 5 5 3 1 2 2
5 5 5 4 3 3 1 1 5 4 2 4 0 5 4 1 5 1 2 2 4 4 4 5 2 3 2 4 3 2 2 1 4 4 5 2 3 2 4 1 4 1 5 1 1 5 2 3 2 1 2 4 4 4 2 2 3 4 3 1 2 5 2 1 3 3 1 1 2 4 2 5 3 4 5 3 5 5 4 4
2 5 5 5 3 1 4 4 3 3 2 4 1 0 4 2 5 1 1 2 4 5 5 2 4 4 4 3 5 2 2 5 2 5 3 4 2 3 1 4 4 1 3 3 4 4 3 3 4 1 5 3 4 1 3 4 5 1 1 2 1 5 4 2 2 2 1 3 1 3 3 1 3 5 5 2 2 5 5 5
4 4 1 1 4 4 3 3 4 5 4 5 2 3 0 3 4 1 2 3 4 1 4 3 2 4 2 1 3 2 5 3 3 1 2 1 3 4 5 1 3 1 1 5 1 2 5 2 3 4 2 2 1 3 2 1 2 5 4 1 3 4 1 4 2 3 5 5 3 5 5 3 5 1 4 1 1 5 1 5
1 5 1 4 4 1 1 2 4 4 2 5 3 3 2 0 2 4 2 4 1 2 3 3 2 1 3 1 2 4 2 4 2 2 1 4 5 2 1 3 2 3 5 2 5 5 3 4 4 3 4 2 3 2 5 2 3 2 3 4 2 2 3 4 1 5 1 5 2 3 5 4 3 2 5 4 2 4 3 2
4 1 3 4 2 1 5 2 3 4 5 4 1 5 3 2 0 5 4 5 4 1 3 4 3 2 2 1 3 4 3 4 3 4 5 3 3 5 2 3 2 2 4 3 5 4 1 1 5 4 5 1 3 1 3 4 5 4 4 3 4 4 5 1 4 3 4 3 2 3 2 3 2 2 4 4 4 1 3 3
1 4 2 3 2 4 3 4 2 3 3 5 1 4 3 2 2 0 1 2 3 5 1 4 1 1 5 4 5 1 2 4 5 5 3 1 4 1 1 5 2 3 5 3 3 5 1 5 1 3 4 1 1 3 2 1 1 5 3 5 2 1 3 4 2 3 3 2 2 4 5 4 5 4 3 3 5 1 3 2
2 1 4 3 4 4 5 1 1 4 2 4 1 5 5 2 1 5 0 2 2 4 3 4 1 2 2 3 4 4 1 4 5 5 5 4 3 4 5 5 2 3 4 5 5 5 1 3 2 2 4 2 3 2 5 1 5 4 2 4 5 1 3 2 2 4 1 5 2 1 4 5 4 3 3 2 1 1 1 3
4 3 1 1 5 1 1 3 2 2 4 4 1 2 3 1 5 3 5 0 4 2 4 1 1 2 2 2 3 4 5 4 2 5 4 1 2 1 1 4 1 2 3 3 5 1 3 3 3 5 3 1 1 5 1 2 3 3 4 1 4 5 3 1 3 5 2 5 3 3 3 1 2 4 5 4 3 5 5 2
3 2 5 5 5 3 5 1 1 4 2 2 4 5 2 4 4 3 5 1 0 3 1 5 3 3 1 2 4 4 5 1 5 4 4 2 4 1 5 3 5 2 5 5 3 2 5 2 5 4 5 1 3 3 1 4 1 1 5 2 1 2 4 3 2 3 1 1 3 5 5 2 3 5 4 3 3 2 5 1
2 1 2 1 4 4 3 4 3 1 2 1 4 3 3 1 4 5 1 1 5 0 5 3 5 1 4 2 3 4 2 4 1 2 3 1 1 3 4 2 5 4 5 2 3 3 1 5 3 3 1 2 3 1 2 1 3 3 1 5 3 4 2 1 5 5 3 1 5 3 2 1 5 1 3 2 4 2 2 2
4 5 5 5 3 2 2 1 1 1 3 3 4 4 5 5 5 2 3 1 1 2 0 2 3 5 3 3 1 3 2 1 1 2 1 3 1 3 1 4 1 1 1 5 4 2 5 4 1 4 1 2 1 4 5 1 4 3 5 2 5 3 4 4 3 2 5 3 5 5 5 3 1 1 1 3 1 2 1 3
4 1 1 1 5 3 1 1 4 5 2 4 4 4 3 4 4 1 3 5 5 2 3 0 1 4 2 5 5 2 2 3 5 2 3 2 4 4 4 4 5 2 1 3 5 5 4 4 4 2 2 5 5 1 5 3 2 3 4 5 2 2 4 4 1 1 3 1 2 2 4 3 5 4 4 4 3 2 3 1
1 3 1 5 2 1 5 2 3 2 1 5 4 5 1 2 4 4 3 1 3 4 4 5 0 3 3 2 3 4 4 4 5 5 5 4 1 3 4 5 1 2 1 1 2 1 5 1 1 2 1 1 4 1 3 4 3 3 4 2 4 1 2 1 4 1 2 3 3 3 2 5 1 2 3 5 2 1 5 3
3 2 5 5 3 2 5 1 2 1 1 3 2 5 2 2 4 4 5 2 5 1 2 2 4 0 2 3 4 5 2 4 3 4 5 5 4 2 3 2 2 4 2 1 5 3 5 4 1 5 1 1 4 4 4 5 5 3 4 4 4 4 5 4 3 5 5 1 3 2 4 3 1 3 1 1 4 2 4 1
5 2 5 2 1 2 3 5 3 1 4 2 1 1 3 4 1 5 1 2 2 5 2 2 3 4 0 2 1 2 4 2 1 1 1 2 4 2 5 4 1 2 3 4 4 2 3 1 2 4 5 5 5 5 2 4 1 2 4 1 3 2 1 3 1 3 4 1 4 3 3 2 4 3 2 3 3 5 3 2
2 4 4 3 4 2 1 3 2 2 2 1 3 1 3 2 2 4 2 4 4 3 3 4 5 4 3 0 2 1 4 2 5 3 4 4 4 4 5 3 2 2 1 3 2 2 5 1 5 5 3 3 1 3 1 2 2 1 3 5 3 4 4 4 5 1 2 2 2 3 5 5 5 2 1 2 4 3 1 2
2 5 3 3 5 1 5 3 2 2 4 3 3 5 5 2 5 3 1 4 1 5 3 2 2 1 3 1 0 5 1 5 1 4 4 2 4 5 3 2 5 1 3 4 2 1 4 5 3 5 2 4 1 3 3 2 3 2 4 3 3 5 3 4 1 2 2 4 3 5 1 4 3 5 5 2 2 3 5 3
5 2 4 5 4 4 2 4 1 4 4 4 4 4 5 4 4 5 5 3 5 1 2 3 1 5 4 1 5 0 1 2 1 1 1 1 3 5 2 2 4 2 3 2 1 2 4 4 2 5 4 4 2 3 1 5 4 4 5 3 2 5 4 4 1 4 1 1 4 1 3 5 1 2 1 3 1 2 2 5
3 2 3 3 5 2 3 3 4 5 1 4 2 1 2 1 5 3 3 1 3 4 2 5 3 4 5 5 4 5 0 4 4 2 3 4 1 4 4 4 2 5 3 2 2 3 3 5 4 1 1 3 4 1 4 1 4 5 3 4 2 2 3 2 2 3 5 1 3 1 1 5 5 4 1 1 2 3 1 3
2 1 4 2 3 4 4 5 2 3 1 5 5 5 4 5 1 4 1 3 1 3 2 1 1 2 3 5 4 1 3 0 3 3 2 4 4 4 5 5 1 4 5 3 2 5 5 4 5 3 1 1 4 2 3 2 4 4 3 2 4 2 5 4 3 3 4 1 4 5 1 1 5 3 4 1 1 2 4 1
2 1 4 4 4 4 1 3 4 5 5 5 3 5 1 2 2 3 3 4 3 3 5 3 5 1 1 3 2 2 5 3 0 3 2 5 2 3 1 4 1 2 4 5 4 4 1 1 3 5 5 4 2 5 5 1 2 1 3 4 4 2 5 2 2 5 2 3 1 5 4 4 4 1 1 5 2 4 2 4
5 4 3 4 1 1 1 4 4 5 3 4 3 1 1 5 1 5 1 5 2 4 2 3 1 1 2 1 1 2 2 3 1 0 1 5 4 2 5 5 1 1 1 1 5 2 5 3 1 2 3 2 4 3 1 1 1 4 5 2 4 2 5 5 5 4 1 2 4 5 4 5 3 1 2 2 5 1 5 3
1 1 3 5 2 5 4 2 1 3 1 5 1 2 5 1 2 2 1 5 4 1 4 2 4 4 1 4 5 5 3 5 5 5 0 2 5 3 4 3 3 3 4 4 1 2 2 3 1 2 4 1 2 3 2 1 2 3 3 2 5 4 2 3 3 1 5 1 2 1 5 1 2 2 1 5 5 4 4 4
2 4 2 5 3 3 4 1 3 4 2 2 1 5 1 2 1 5 4 3 3 5 3 3 3 2 3 5 2 2 4 2 5 2 3 0 4 2 1 2 3 1 4 4 2 5 4 5 3 1 1 2 4 4 1 2 5 3 2 2 5 4 1 2 2 1 3 3 2 2 1 1 5 3 4 1 4 2 5 5
1 3 3 5 2 4 4 1 5 3 5 5 3 2 1 3 4 4 3 4 4 5 5 1 1 4 1 4 2 3 2 1 3 1 2 2 0 2 5 1 3 4 3 2 4 5 3 5 2 1 4 4 3 1 4 2 1 1 3 2 5 1 2 2 2 4 5 5 5 5 2 4 2 5 2 2 5 3 2 5
5 2 3 5 1 5 1 3 2 2 1 1 3 1 4 4 5 4 3 4 2 2 5 2 5 4 4 2 5 2 4 1 2 3 5 5 3 0 4 2 2 4 5 5 4 5 2 3 5 5 4 5 1 1 3 1 4 5 5 2 2 5 4 1 2 2 4 1 1 3 4 4 5 5 3 1 5 1 2 5
4 5 2 5 3 1 1 3 5 4 4 4 3 1 3 4 1 1 2 2 4 4 1 4 2 2 1 1 2 3 1 5 5 4 1 2 5 3 0 1 3 1 5 2 3 3 2 3 2 3 5 1 2 1 4 5 2 4 1 3 4 5 4 2 4 5 3 1 3 3 4 5 4 3 2 1 2 5 4 3
1 5 4 3 4 3 2 5 1 3 5 1 5 1 4 5 4 3 2 3 5 5 1 2 1 3 5 3 3 3 1 3 2 2 3 3 1 5 1 0 5 5 3 1 3 3 1 2 3 5 4 4 5 3 2 4 5 4 1 5 2 4 5 5 4 3 2 3 3 4 3 4 3 2 2 1 5 2 3 4
3 2 1 3 1 2 4 4 3 2 2 5 3 4 5 5 2 2 3 1 3 4 3 4 2 3 2 4 4 1 2 4 1 5 1 2 3 3 5 2 0 2 1 1 4 5 4 3 3 3 2 2 1 5 3 4 4 5 1 5 1 4 2 1 2 5 4 1 3 3 2 3 2 5 2 5 3 1 3 4
5 3 1 2 2 4 4 5 4 2 3 1 5 5 1 3 5 4 4 5 4 4 2 5 4 2 1 1 5 4 1 2 3 1 1 2 3 1 2 2 1 0 1 5 1 3 2 5 2 1 5 2 4 2 4 3 4 1 5 2 3 4 1 2 2 3 4 2 5 5 3 1 3 5 3 5 5 2 1 4
3 1 3 2 2 2 4 2 2 1 1 4 1 2 4 3 1 4 1 5 1 1 5 2 4 5 3 2 1 2 4 4 1 1 1 2 4 2 1 1 3 4 0 4 3 5 4 2 5 1 3 1 5 1 5 2 5 5 3 3 5 5 1 4 1 3 4 3 3 4 3 3 2 2 4 1 4 4 1 4
5 3 4 3 1 2 1 4 4 1 5 1 1 5 3 1 3 4 5 1 4 3 3 1 1 4 2 1 3 4 4 5 4 3 5 4 3 1 1 1 2 5 1 0 2 2 3 4 3 3 4 2 2 3 5 3 3 5 1 3 1 4 4 4 5 5 3 1 2 3 5 4 1 5 2 2 4 5 1 1
2 5 4 3 2 5 2 3 5 1 2 2 5 4 2 1 2 2 3 3 3 2 4 1 2 3 5 2 5 5 2 2 3 1 3 4 5 3 4 5 4 2 1 2 0 3 4 2 3 3 3 4 1 4 1 2 5 4 1 1 4 5 2 2 2 5 5 3 4 4 3 2 5 1 2 5 5 3 5 5
3 5 5 3 5 3 4 1 3 1 1 4 2 1 3 3 5 5 3 2 4 1 1 4 1 5 3 3 2 3 5 5 2 4 3 1 4 2 3 2 2 4 2 2 4 0 1 5 4 2 2 2 2 3 5 2 5 3 5 4 1 3 4 5 5 2 4 4 3 4 1 5 5 2 1 3 5 3 3 2
1 2 1 1 3 2 3 5 1 5 3 1 3 2 4 2 5 3 4 4 2 1 1 4 4 3 4 3 4 5 4 2 1 2 5 2 4 1 4 2 5 3 3 1 4 5 0 3 3 3 3 1 2 3 4 4 4 5 4 2 3 3 1 2 3 2 5 1 4 5 3 3 3 4 3 3 2 3 5 4
5 5 4 4 1 3 4 1 1 2 4 5 2 5 1 2 1 4 1 3 4 5 2 1 2 3 1 5 5 3 1 1 4 1 3 3 5 4 1 2 2 4 1 5 2 1 3 0 1 4 5 4 3 4 3 4 5 2 4 1 4 3 1 1 5 2 1 5 5 5 3 4 3 4 2 3 5 2 4 1
4 2 1 1 1 2 1 5 1 2 2 5 1 2 4 2 5 1 1 4 1 1 4 4 3 5 2 4 2 3 1 4 3 3 4 4 2 1 3 3 1 3 4 3 5 2 1 5 0 1 3 4 1 4 1 1 1 2 1 2 4 4 3 4 2 4 2 4 1 4 3 3 1 2 5 5 1 3 3 5
1 1 2 2 1 4 1 4 1 4 4 3 2 1 4 1 1 5 2 2 5 3 4 1 4 5 2 5 2 2 4 4 2 3 4 5 2 1 2 5 5 5 5 2 4 1 3 1 4 0 1 4 4 3 3 3 1 4 1 1 1 3 4 1 1 3 4 4 2 5 5 3 2 2 2 4 3 4 2 5
5 2 4 1 5 3 4 1 2 5 2 2 2 2 4 4 5 2 3 4 2 2 5 5 5 2 2 4 1 1 4 4 2 1 1 4 3 5 5 1 1 5 5 3 3 1 3 2 4 2 0 4 4 2 1 5 5 1 1 5 3 3 3 3 4 1 4 2 4 1 5 5 4 3 2 2 2 3 1 2
3 3 4 2 5 1 1 1 4 2 4 2 5 2 5 3 5 5 4 3 2 5 4 2 1 5 5 1 1 1 2 3 5 1 4 2 4 5 4 3 4 3 1 1 4 2 5 3 1 3 4 0 4 2 5 3 3 4 1 2 3 2 3 2 3 5 2 1 2 2 1 4 4 5 1 4 1 2 4 4
3 2 3 2 3 3 3 1 4 2 3 4 4 1 3 2 4 5 4 1 2 4 1 2 5 3 5 1 4 3 3 3 3 4 5 2 3 5 3 2 2 3 2 5 1 5 3 3 2 4 1 2 0 2 2 1 3 2 3 1 2 3 1 5 3 5 4 1 2 1 2 3 1 3 1 4 1 1 3 5
4 4 2 1 1 3 4 1 2 5 2 5 3 5 4 3 4 3 2 5 2 3 2 3 3 5 5 4 4 4 5 4 4 3 3 1 5 3 5 3 3 1 3 2 3 1 3 1 2 4 5 3 2 0 5 1 5 2 5 4 4 1 1 2 3 4 3 3 1 4 2 5 2 5 2 2 2 1 1 3
1 4 1 5 4 1 2 3 5 5 4 2 2 4 2 5 3 3 5 3 3 5 1 1 2 3 1 5 2 2 2 4 2 1 1 5 2 3 4 3 1 5 3 2 4 2 3 1 1 2 1 2 5 1 0 1 5 1 4 5 5 3 2 1 5 3 2 4 4 5 3 1 5 1 4 2 4 1 4 3
2 2 3 2 2 5 1 5 4 3 5 4 3 3 4 2 2 4 4 1 4 3 3 4 4 2 4 2 3 4 2 4 2 3 2 5 3 5 5 4 5 5 5 2 5 5 2 3 1 4 3 4 4 2 2 0 4 2 4 4 1 4 3 3 4 3 2 5 5 4 1 4 5 5 2 5 4 1 4 2
2 4 2 5 3 1 4 3 4 5 3 5 2 5 3 3 2 5 2 2 3 4 5 3 2 4 2 4 3 5 4 4 2 5 5 1 4 3 5 5 2 1 2 5 1 2 5 2 2 5 4 2 3 2 5 1 0 3 2 1 1 4 4 3 4 2 5 5 4 2 1 1 5 2 1 3 4 5 2 5
2 4 4 1 2 5 5 4 4 4 2 2 5 5 2 4 3 1 5 3 3 2 1 5 4 3 2 5 5 4 5 4 5 5 1 3 4 4 5 1 2 5 1 2 2 2 5 1 3 2 3 4 2 3 4 3 1 0 4 2 5 4 4 2 2 1 2 1 2 1 3 1 1 2 2 3 5 4 1 1
4 4 1 1 2 4 1 4 5 4 2 4 2 1 1 4 2 3 3 4 3 5 4 5 4 3 1 4 3 5 5 4 5 3 3 4 4 4 5 4 2 2 2 3 1 1 4 5 3 2 4 5 2 5 4 4 4 3 0 5 3 2 1 2 4 1 1 5 4 1 1 5 2 4 5 3 2 2 4 4
2 5 1 3 1 2 5 2 5 2 2 1 4 3 5 5 4 5 1 2 3 4 2 3 1 1 3 1 4 5 5 4 2 4 3 3 5 1 1 1 1 4 2 4 4 3 1 1 4 4 2 2 3 2 2 2 2 3 3 0 5 3 4 5 5 4 4 3 1 2 5 2 2 5 5 4 2 2 2 1
4 3 3 2 3 3 5 3 2 2 5 1 3 4 2 1 1 1 3 2 3 5 1 3 5 4 1 5 4 1 3 4 3 4 4 3 4 4 5 2 3 4 1 2 4 5 4 1 3 2 3 1 4 5 5 1 3 5 4 1 0 3 3 5 1 3 2 5 3 3 1 5 1 1 2 5 5 3 1 4
4 4 4 1 4 5 4 3 4 2 1 4 5 3 5 1 2 4 4 2 3 2 2 4 1 5 4 5 5 4 4 3 5 2 5 4 3 1 5 1 4 2 2 5 2 1 4 5 1 2 4 5 1 5 5 5 2 5 4 5 4 0 5 2 1 5 1 4 4 3 2 2 2 5 4 5 3 1 5 3
4 2 4 4 3 3 5 3 1 2 3 4 4 1 2 4 3 1 1 5 5 3 3 5 5 5 5 2 1 4 4 2 3 2 1 2 2 1 1 4 1 4 1 5 4 2 1 4 1 1 2 4 2 1 3 2 1 4 3 4 3 3 0 2 2 1 5 3 3 5 2 1 1 1 2 1 5 5 5 3
1 1 4 4 5 5 3 4 2 2 1 4 2 2 2 4 3 5 1 3 3 4 1 5 4 3 4 3 1 1 4 5 4 2 3 5 5 2 4 4 2 3 3 1 4 2 5 4 4 2 5 1 1 2 4 1 5 3 1 5 4 5 1 0 5 1 5 5 1 3 1 4 4 2 5 1 3 5 3 4
3 3 5 5 2 1 1 5 2 5 1 5 2 5 5 4 2 2 3 4 1 4 2 3 5 1 5 1 1 2 5 3 5 5 2 3 1 4 2 2 4 1 5 5 3 5 1 2 1 2 4 4 5 2 3 3 2 3 5 2 4 4 1 3 0 5 4 5 1 3 4 5 5 1 2 5 3 3 3 2
3 4 3 1 5 3 3 4 2 4 2 5 4 5 1 2 1 4 1 5 3 1 1 3 2 5 1 1 2 2 2 5 1 4 3 1 2 3 3 1 4 3 4 1 5 2 4 4 3 2 1 1 4 2 5 1 4 5 4 4 4 2 2 3 2 0 3 2 2 3 3 4 5 4 3 2 3 5 3 4
2 2 4 4 2 2 1 5 1 2 5 2 5 2 1 2 4 1 1 3 5 1 5 1 3 1 1 5 3 3 5 4 4 2 5 2 4 5 2 3 2 2 1 3 4 3 2 1 4 2 4 4 3 3 5 2 2 1 2 4 1 2 3 5 3 3 0 1 1 2 1 5 4 3 3 5 1 1 1 5
5 4 4 5 4 3 4 4 1 1 5 4 5 3 2 3 5 3 1 4 3 5 2 1 2 2 3 3 1 4 2 4 5 5 1 4 2 2 1 4 2 5 2 3 3 5 1 4 4 1 3 1 2 3 4 5 2 2 1 4 1 3 1 3 4 3 4 0 2 4 1 3 3 2 2 3 3 3 5 2
1 2 4 4 5 5 2 3 2 1 1 5 5 5 5 4 3 3 2 4 1 3 3 2 5 5 4 4 2 4 1 5 1 3 2 5 4 3 5 5 2 2 5 5 2 1 5 1 1 2 1 4 3 4 5 3 3 1 2 4 2 5 5 5 5 5 1 3 0 3 1 5 2 1 3 5 3 2 3 1
2 3 5 4 1 5 1 4 5 3 4 1 4 1 5 5 5 2 1 5 1 3 3 5 3 2 5 4 3 3 5 3 1 4 1 2 4 5 4 1 4 2 3 4 2 5 4 5 2 4 5 5 2 3 5 2 4 4 5 1 5 5 1 3 2 4 2 2 1 0 3 3 5 5 2 4 3 5 3 2
1 5 3 3 4 2 4 5 3 1 3 1 4 1 3 2 2 1 3 4 2 3 3 4 5 5 1 2 3 5 3 2 1 5 5 4 5 2 1 1 3 3 5 5 1 3 5 5 2 5 4 2 1 1 5 5 1 4 5 3 4 5 4 1 1 5 1 5 1 4 0 3 5 5 4 4 3 5 2 4
3 2 1 1 5 4 2 3 3 3 3 5 5 1 4 5 2 5 1 2 3 3 2 1 5 5 4 5 3 5 5 4 2 1 2 1 1 5 3 1 2 3 1 5 4 2 2 4 4 1 5 2 2 3 3 4 3 2 1 4 4 1 2 2 4 2 5 5 4 1 4 0 4 3 5 2 3 4 1 2
2 1 5 1 2 3 4 3 3 4 3 2 3 3 2 3 5 3 4 5 2 3 2 3 2 1 1 3 3 3 2 2 2 1 4 5 5 1 3 4 2 5 4 5 5 2 3 1 3 3 1 5 5 3 5 4 3 4 3 4 3 1 3 4 3 5 2 5 5 5 5 3 0 4 5 5 1 4 1 5
5 3 4 4 5 2 5 4 3 4 5 4 5 3 2 5 1 1 4 1 2 2 2 2 1 5 1 3 4 2 4 1 1 5 3 3 3 4 3 1 3 1 1 4 1 1 4 4 2 4 2 3 2 2 1 5 5 1 1 5 5 5 1 1 4 4 5 1 5 3 1 5 4 0 3 2 5 4 5 4
3 4 1 1 3 1 2 1 4 1 1 3 2 3 2 5 2 2 5 5 1 4 2 3 2 3 1 3 5 2 1 4 3 1 5 2 2 4 2 3 5 2 5 3 2 5 4 3 3 3 2 4 1 3 2 5 1 1 1 3 3 3 3 2 4 4 1 3 3 4 2 1 1 3 0 4 1 1 5 3
3 3 4 1 2 4 5 5 1 1 5 3 1 1 3 4 5 3 2 1 4 5 3 3 3 3 2 4 1 2 3 1 4 1 5 5 4 3 1 5 3 3 2 4 3 4 5 4 4 3 3 3 3 2 5 5 3 2 5 2 1 1 1 4 2 2 1 3 4 4 2 5 2 3 4 0 5 2 2 5
3 1 5 2 1 4 1 4 4 4 4 2 2 4 2 1 4 4 2 3 1 1 4 2 3 4 3 5 3 5 2 5 5 4 5 2 5 3 5 4 2 3 3 5 1 2 2 1 5 5 5 5 2 4 2 4 3 2 2 2 1 5 2 1 1 2 5 4 1 1 2 4 5 5 3 3 0 2 1 5
3 3 2 2 5 5 2 2 2 2 1 2 2 3 5 3 4 3 2 4 4 5 3 1 3 3 3 3 3 4 3 4 3 2 4 2 3 5 4 5 3 2 5 2 5 5 4 3 1 5 4 3 3 3 3 2 1 4 2 2 1 2 4 1 4 3 5 3 3 3 5 1 3 5 1 4 5 0 3 1
2 2 1 1 3 3 4 4 5 4 3 1 1 4 2 2 5 3 4 4 1 4 3 2 3 2 2 2 2 4 5 2 1 1 5 1 2 4 2 5 5 3 5 1 4 4 5 5 5 4 1 2 3 5 4 1 3 2 1 1 4 4 4 1 2 2 2 4 3 2 3 4 3 4 1 5 5 3 0 1
1 5 1 4 4 1 1 5 1 5 5 3 5 3 2 3 1 2 4 3 5 4 3 2 4 4 4 1 2 1 4 5 3 3 2 4 2 4 2 5 5 3 5 5 2 1 3 4 5 3 1 3 5 1 2 3 1 5 5 4 2 4 2 4 4 1 5 5 4 4 1 3 3 5 1 2 1 4 4 0
65 33 15 36 50 52 9 68 70 5 33 4 49 39 61 39 55 74 60 11 61 17 79 62 40 46 1 3 26 3 74 25 17 12 22 29 16 74 79 35 5 8 78 20 71 10 9 32 44 21 80 16 60 23 30 1 70 24 53 17
30 72 75 58 39 66 29 56 44 28 28 59 36 2 66 68 10 37 49 65 22 29 8 14 18 14 70 2 73 47 18 51 35 56 1 33 2 41 13 46 70 77 11 35 70 36 32 5 50 64 76 27 19 79 40 59 21 52 72 79
51 80 40 37 7 68 32 74 24 67 53 54 45 74 41 76 54 24 6 54 19 14 1 75 66 43 25 27 66 29 50 24 69 29 25 38 54 9 28 23 37 74 27 6 50 4 40 43 40 32 23 57 4 59 58 25 74 62 13 73
26 53 58 52 35 75 27 71 25 8 7 2 53 52 42 19 65 38 30 51 60 28 5 10 75 29 71 41 21 56 30 52 28 62 50 37 64 58 46 4 23 3 67 47 3 19 56 35 53 23 31 31 58 16 78 55 65 43 75 7
79 67 5 31 44 1 36 66 46 2 57 9 16 45 59 60 25 25 69 39 28 74 17 70 1 73 38 34 28 55 15 64 51 73 12 79 10 77 19 71 77 1 36 13 33 73 41 39 64 45 22 6 8 17 35 12 50 16 64 15
49 30 39 45 72 31 25 53 15 16 44 51 74 78 1 80 68 56 45 35 10 49 35 29 25 35 43 6 23 60 66 31 37 58 43 41 40 32 49 47 64 75 62 63 43 67 11 70 27 72 32 79 22 63 57 48 17 26 14 60
59 56 32 4 18 11 52 70 27 65 67 44 41 55 77 28 48 62 38 27 68 23 55 22 3 16 50 14 11 17 57 27 38 23 39 47 7 2 26 8 49 23 51 28 25 69 18 57 15 42 27 74 62 35 42 31 55 10 8 26
5 12 4 68 10 38 6 1 11 45 74 14 10 34 20 12 45 66 68 55 80 31 59 19 68 79 15 58 39 54 78 58 18 69 13 78 33 1 5 72 78 78 72 64 2 38 79 49 17 13 65 56 56 57 28 51 58 78 78 2
66 61 17 19 21 45 8 32 61 22 46 27 25 51 31 69 28 43 65 63 29 60 75 25 47 64 47 52 40 30 70 79 9 64 30 62 9 50 60 37 55 25 16 36 23 3 39 53 43 53 59 47 74 8 22 26 19 60 42 5
46 40 16 1 43 64 28 26 17 27 8 30 48 75 32 75 3 73 66 72 59 11 66 21 31 47 39 51 65 12 58 48 48 49 68 17 19 30 3 2 15 47 44 41 19 57 6 4 12 39 43 21 20 38 50 15 52 29 57 55
8 71 23 77 77 12 70 25 72 7 16 58 63 19 74 5 9 21 2 78 52 48 34 52 62 40 3 64 22 32 4 65 47 9 75 26 59 29 1 51 11 54 26 33 57 22 78 45 57 60 62 48 13 72 10 80 72 76 22 78
70 58 13 40 23 14 50 78 39 58 36 18 60 67 5 56 47 45 64 60 62 54 13 11 56 26 54 69 76 51 19 17 62 36 74 39 28 36 31 20 75 67 7 79 53 53 35 61 19 37 42 49 71 3 67 58 67 68 27 6
36 70 71 2 60 41 49 33 9 54 58 41 64 9 63 52 31 2 26 7 54 25 46 41 65 54 22 74 69 14 52 6 27 74 7 64 1 60 41 45 71 59 60 26 18 23 76 24 73 22 68 62 79 11 18 3 28 67 18 72
18 52 34 70 70 77 77 41 32 12 27 64 54 48 13 29 62 13 31 56 3 38 2 42 76 71 67 55 41 53 46 37 19 31 52 77 69 70 61 10 54 20 63 73 61 21 60 44 48 33 66 61 6 14 62 7 31 77 38 12
56 34 68 12 29 65 21 49 36 3 79 47 19 76 67 72 53 59 37 12 74 21 51 23 63 10 5 25 34 21 40 43 1 80 35 53 17 54 52 30 40 51 80 43 17 11 44 7 29 55 14 44 49 52 59 68 30 32 70 11
72 75 8 80 58 24 18 62 23 18 12 28 47 38 60 25 57 44 15 1 79 6 3 44 46 65 69 36 17 40 76 3 68 28 78 70 12 26 58 50 19 68 32 46 75 55 46 77 75 44 1 75 40 55 1 78 73 54 62 44
54 15 37 10 74 8 56 35 52 77 6 34 6 10 24 40 63 70 21 64 78 65 41 49 33 55 35 48 50 38 39 34 39 70 24 71 62 78 66 13 28 39 37 58 9 45 45 59 69 25 30 45 53 48 49 56 41 74 47 58
76 23 31 64 19 80 59 29 3 79 51 70 78 26 75 16 37 41 57 21 42 37 68 2 72 80 28 46 5 22 1 49 63 44 53 42 71 22 7 3 20 56 34 75 58 40 33 51 34 8 50 26 17 70 37 42 60 40 43 24
75 20 21 20 11 18 17 20 18 32 3 23 51 44 34 21 12 10 70 15 20 55 49 63 11 30 36 68 1 44 13 23 12 18 5 16 31 66 78 48 22 46 28 70 60 78 52 56 80 77 21 71 80 60 41 46 63 21 40 68
55 1 7 49 2 72 10 19 29 10 60 43 52 71 17 51 41 3 77 18 69 73 80 38 32 77 12 28 4 41 20 68 40 16 31 24 15 14 38 49 51 34 65 52 13 43 37 62 63 2 57 7 75 25 71 79 62 58 48 54
32 45 22 30 31 29 62 40 74 26 10 3 14 11 44 8 30 39 16 36 16 4 57 7 19 72 41 71 38 42 64 5 80 4 9 35 6 72 6 26 41 7 29 57 32 9 2 60 30 20 44 41 35 43 75 0 6 35 30 80
9 0 9 74 13 28 0 44 76 35 0 72 2 22 23 63 2 52 0 62 49 64 6 0 60 25 0 80 27 0 44 2 57 10 60 55 43 11 0 41 48 11 50 25 76 15 38 54 58 47 0 0 9 13 7 0 20 53 0 69
43 0 20 13 38 10 0 38 6 41 0 53 72 69 0 50 42 64 0 61 14 0 32 0 37 63 0 60 77 0 77 0 6 7 65 36 80 73 0 73 72 53 39 29 56 68 17 15 24 5 0 0 3 53 8 0 51 9 0 56
39 0 53 28 20 7 0 28 57 11 0 39 8 47 0 4 15 14 0 25 27 0 44 0 5 22 0 30 37 0 0 0 64 43 44 44 0 33 0 70 66 41 0 12 44 0 24 30 5 35 0 0 31 75 39 0 69 59 0 0
4 0 3 43 41 54 0 0 37 52 0 77 35 13 0 44 5 0 0 57 0 0 45 0 78 69 0 53 0 0 0 0 71 35 57 8 0 13 0 78 79 45 0 22 16 0 62 9 26 63 0 0 48 42 0 0 0 0 0 0
69 0 0 54 32 62 0 0 50 75 0 57 56 60 0 36 14 0 0 5 0 0 62 0 23 34 0 1 0 0 0 0 7 24 58 19 0 19 0 76 61 61 0 2 51 0 53 14 11 80 0 0 0 36 0 0 0 0 0 0
17 0 0 21 61 46 0 0 7 9 0 76 29 70 0 47 32 0 0 53 0 0 10 0 0 52 0 29 0 0 0 0 15 68 29 0 0 3 0 0 1 70 0 0 31 0 36 26 13 57 0 0 0 68 0 0 0 0 0 0
0 0 0 66 79 0 0 0 0 0 0 22 15 50 0 31 64 0 0 20 0 0 15 0 0 0 0 77 0 0 0 0 34 0 80 0 0 23 0 0 42 73 0 0 0 0 0 18 0 0 0 0 0 0 0 0 0 0 0 0
0 0 0 15 0 0 0 0 0 0 0 79 0 37 0 0 16 0 0 0 0 0 77 0 0 0 0 61 0 0 0 0 45 0 0 0 0 0 0 0 45 0 0 0 0 0 0 0 0 0 0 0 0 0 0 0 0 0 0 0
0 0 0 0 0 0 0 0 0 0 0 0 0 0 0 0 0 0 0 0 0 0 0 0 0 0 0 40 0 0 0 0 0 0 0 0 0 0 0 0 0 0 0 0 0 0 0 0 0 0 0 0 0 0 0 0 0 0 0 0
0 0 0 0 0 0 0 0 0 0 0 0 0 0 0 0 0 0 0 0 0 0 0 0 0 0 0 0 0 0 0 0 0 0 0 0 0 0 0 0 0 0 0 0 0 0 0 0 0 0 0 0 0 0 0 0 0 0 0 0
0 0 0 0 0 0 0 0 0 0 0 0 0 0 0 0 0 0 0 0 0 0 0 0 0 0 0 0 0 0 0 0 0 0 0 0 0 0 0 0 0 0 0 0 0 0 0 0 0 0 0 0 0 0 0 0 0 0 0 0
0 0 0 0 0 0 0 0 0 0 0 0 0 0 0 0 0 0 0 0 0 0 0 0 0 0 0 0 0 0 0 0 0 0 0 0 0 0 0 0 0 0 0 0 0 0 0 0 0 0 0 0 0 0 0 0 0 0 0 0
0 0 0 0 0 0 0 0 0 0 0 0 0 0 0 0 0 0 0 0 0 0 0 0 0 0 0 0 0 0 0 0 0 0 0 0 0 0 0 0 0 0 0 0 0 0 0 0 0 0 0 0 0 0 0 0 0 0 0 0
0 0 0 0 0 0 0 0 0 0 0 0 0 0 0 0 0 0 0 0 0 0 0 0 0 0 0 0 0 0 0 0 0 0 0 0 0 0 0 0 0 0 0 0 0 0 0 0 0 0 0 0 0 0 0 0 0 0 0 0
0 0 0 0 0 0 0 0 0 0 0 0 0 0 0 0 0 0 0 0 0 0 0 0 0 0 0 0 0 0 0 0 0 0 0 0 0 0 0 0 0 0 0 0 0 0 0 0 0 0 0 0 0 0 0 0 0 0 0 0
0 0 0 0 0 0 0 0 0 0 0 0 0 0 0 0 0 0 0 0 0 0 0 0 0 0 0 0 0 0 0 0 0 0 0 0 0 0 0 0 0 0 0 0 0 0 0 0 0 0 0 0 0 0 0 0 0 0 0 0
0 0 0 0 0 0 0 0 0 0 0 0 0 0 0 0 0 0 0 0 0 0 0 0 0 0 0 0 0 0 0 0 0 0 0 0 0 0 0 0 0 0 0 0 0 0 0 0 0 0 0 0 0 0 0 0 0 0 0 0
0 0 0 0 0 0 0 0 0 0 0 0 0 0 0 0 0 0 0 0 0 0 0 0 0 0 0 0 0 0 0 0 0 0 0 0 0 0 0 0 0 0 0 0 0 0 0 0 0 0 0 0 0 0 0 0 0 0 0 0
0 0 0 0 0 0 0 0 0 0 0 0 0 0 0 0 0 0 0 0 0 0 0 0 0 0 0 0 0 0 0 0 0 0 0 0 0 0 0 0 0 0 0 0 0 0 0 0 0 0 0 0 0 0 0 0 0 0 0 0
0 0 0 0 0 0 0 0 0 0 0 0 0 0 0 0 0 0 0 0 0 0 0 0 0 0 0 0 0 0 0 0 0 0 0 0 0 0 0 0 0 0 0 0 0 0 0 0 0 0 0 0 0 0 0 0 0 0 0 0
0 0 0 0 0 0 0 0 0 0 0 0 0 0 0 0 0 0 0 0 0 0 0 0 0 0 0 0 0 0 0 0 0 0 0 0 0 0 0 0 0 0 0 0 0 0 0 0 0 0 0 0 0 0 0 0 0 0 0 0
0 0 0 0 0 0 0 0 0 0 0 0 0 0 0 0 0 0 0 0 0 0 0 0 0 0 0 0 0 0 0 0 0 0 0 0 0 0 0 0 0 0 0 0 0 0 0 0 0 0 0 0 0 0 0 0 0 0 0 0
0 0 0 0 0 0 0 0 0 0 0 0 0 0 0 0 0 0 0 0 0 0 0 0 0 0 0 0 0 0 0 0 0 0 0 0 0 0 0 0 0 0 0 0 0 0 0 0 0 0 0 0 0 0 0 0 0 0 0 0
0 0 0 0 0 0 0 0 0 0 0 0 0 0 0 0 0 0 0 0 0 0 0 0 0 0 0 0 0 0 0 0 0 0 0 0 0 0 0 0 0 0 0 0 0 0 0 0 0 0 0 0 0 0 0 0 0 0 0 0
0 0 0 0 0 0 0 0 0 0 0 0 0 0 0 0 0 0 0 0 0 0 0 0 0 0 0 0 0 0 0 0 0 0 0 0 0 0 0 0 0 0 0 0 0 0 0 0 0 0 0 0 0 0 0 0 0 0 0 0
0 0 0 0 0 0 0 0 0 0 0 0 0 0 0 0 0 0 0 0 0 0 0 0 0 0 0 0 0 0 0 0 0 0 0 0 0 0 0 0 0 0 0 0 0 0 0 0 0 0 0 0 0 0 0 0 0 0 0 0
0 0 0 0 0 0 0 0 0 0 0 0 0 0 0 0 0 0 0 0 0 0 0 0 0 0 0 0 0 0 0 0 0 0 0 0 0 0 0 0 0 0 0 0 0 0 0 0 0 0 0 0 0 0 0 0 0 0 0 0
0 0 0 0 0 0 0 0 0 0 0 0 0 0 0 0 0 0 0 0 0 0 0 0 0 0 0 0 0 0 0 0 0 0 0 0 0 0 0 0 0 0 0 0 0 0 0 0 0 0 0 0 0 0 0 0 0 0 0 0
0 0 0 0 0 0 0 0 0 0 0 0 0 0 0 0 0 0 0 0 0 0 0 0 0 0 0 0 0 0 0 0 0 0 0 0 0 0 0 0 0 0 0 0 0 0 0 0 0 0 0 0 0 0 0 0 0 0 0 0
