70 90 50 30 40
4
5
1
2
5
1
4
2
5
3
5
2
1
4
4
5
5
2
1
1
5
2
3
4
1
4
1
3
3
3
4
2
5
4
3
1
1
3
3
5
3
1
2
4
2
5
2
5
2
3
3
5
4
5
1
1
1
2
2
3
1
3
1
3
4
1
2
1
1
5
3
2
5
5
3
4
2
1
3
2
1
1
5
1
3
1
5
5
4
2
0 1 4 3 3 2 5 5 4 1 3 5 2 3 4 3 1 2 5 5 4 5 1 4 4 2 2 2 4 5 4 5 1 4 4 2 4 2 5 2 4 1 5 4 5 2 1 1 2 4 2 1 2 3 5 4 5 3 1 4 3 1 5 4 1 2 2 4 4 5 1 2 4 4 3 4 2 5 3 5 4 3 4 1 5 5 3 2 3 1
1 0 2 1 2 1 2 1 5 3 1 3 5 5 3 2 2 4 4 1 2 5 5 4 1 3 5 5 1 3 1 1 2 4 2 5 4 2 5 1 1 5 1 1 1 1 3 3 3 3 3 1 1 4 1 5 3 2 4 3 3 1 2 2 5 4 4 5 2 4 3 3 5 5 1 5 1 1 4 5 2 4 4 3 2 3 1 1 5 5
3 5 0 3 1 4 4 3 3 3 4 1 5 2 3 3 5 5 5 5 4 1 4 5 1 5 4 1 5 1 3 4 4 4 5 2 1 2 1 2 4 1 4 3 1 4 5 3 5 1 1 1 2 4 5 5 4 2 5 1 5 5 5 3 1 4 1 1 4 1 5 5 1 2 5 5 3 5 3 5 1 5 2 5 5 3 4 3 2 5
5 4 3 0 4 1 3 4 4 2 2 4 4 1 1 5 2 5 5 1 4 4 3 1 2 2 1 2 4 1 1 5 3 3 5 2 1 5 5 1 4 3 2 2 5 4 5 1 3 4 3 1 3 2 4 1 4 1 1 1 5 5 4 4 5 4 4 1 5 1 5 1 4 1 2 1 1 5 1 1 5 4 5 1 4 2 3 1 3 2
3 4 5 3 0 3 3 5 5 4 2 3 4 4 4 2 1 3 4 5 1 1 2 4 3 5 1 3 1 5 2 2 2 1 2 4 3 4 3 3 4 4 3 1 1 3 4 5 1 3 2 4 1 3 2 1 1 4 1 1 1 2 2 5 1 3 5 1 5 4 3 1 3 4 4 1 3 1 1 1 2 4 5 1 1 3 5 1 3 1
1 1 3 5 5 0 4 3 3 4 4 1 4 4 2 2 1 4 5 1 4 3 4 4 4 3 4 5 4 2 1 3 5 1 3 5 5 3 5 1 5 3 3 3 1 1 3 1 3 3 3 1 5 3 5 5 1 1 2 4 5 3 4 3 3 4 3 4 4 3 3 2 5 5 5 1 5 3 1 2 1 1 3 3 4 3 4 1 2 3
5 5 5 4 2 2 0 4 2 1 1 1 1 1 3 4 1 2 2 2 1 5 1 4 3 4 3 1 5 3 2 3 5 1 2 2 2 3 1 5 2 1 4 1 3 4 2 4 5 1 2 3 4 4 4 4 5 2 1 4 5 5 2 3 4 3 2 1 5 2 5 2 3 3 5 2 2 1 3 1 5 4 5 5 2 3 1 1 3 1
1 4 1 2 5 4 2 0 4 3 2 3 3 1 2 2 1 5 5 3 2 3 5 4 4 5 2 1 1 5 4 5 5 1 2 5 1 4 5 2 5 4 2 3 1 3 4 4 2 2 1 5 5 4 5 2 4 4 1 2 3 3 5 3 3 1 4 1 4 3 1 4 3 3 4 3 5 2 3 4 3 3 5 3 3 4 3 2 1 2
1 3 1 5 3 4 4 5 0 3 1 5 1 3 5 3 1 1 5 5 5 5 2 3 5 2 2 1 4 3 1 3 3 1 5 5 3 2 5 2 2 3 2 2 3 2 5 4 5 2 2 2 1 3 2 2 3 4 1 4 1 1 3 1 3 4 5 3 3 3 4 5 3 4 3 3 3 5 1 4 4 1 2 5 1 5 3 3 5 2
5 3 1 4 4 3 4 4 3 0 2 4 5 2 2 4 1 2 1 2 5 3 4 5 2 2 3 2 2 4 3 4 5 2 4 2 2 1 2 1 3 1 2 1 3 1 5 3 1 5 3 4 3 3 1 1 3 4 2 1 5 2 3 2 3 2 1 5 4 3 1 3 5 1 2 5 3 4 4 5 2 1 2 3 1 2 2 1 2 1
4 2 1 1 1 1 5 4 1 3 0 2 4 5 3 3 2 5 5 5 4 4 3 2 4 4 4 4 3 1 4 5 1 4 4 4 5 3 3 2 5 2 5 1 3 3 1 3 4 2 1 4 2 2 3 3 2 3 2 2 2 4 2 4 2 1 5 1 1 4 2 4 4 5 3 3 4 1 4 1 4 5 3 2 2 3 3 3 4 1
2 3 2 4 4 1 5 2 1 3 5 0 2 1 5 5 5 4 4 5 2 5 2 4 4 2 5 5 1 1 4 4 2 5 1 5 4 2 3 2 1 5 2 1 4 5 5 2 3 2 2 3 1 3 1 3 5 4 4 1 2 4 1 1 5 5 4 4 5 1 3 2 3 3 1 2 1 1 4 3 4 5 5 2 5 4 5 1 5 4
4 1 2 1 1 1 2 4 2 1 4 2 0 3 3 5 1 2 5 2 1 3 5 4 5 2 4 5 2 5 2 3 4 2 3 3 4 5 3 1 1 2 5 4 5 2 3 5 3 4 3 3 4 2 2 3 4 1 4 3 1 3 3 1 1 3 4 4 5 4 4 1 5 4 1 5 2 3 4 4 5 4 3 1 3 5 2 2 3 3
1 1 1 2 5 4 2 1 3 1 3 3 4 0 2 1 3 2 4 2 5 5 4 1 4 2 2 4 1 3 1 2 2 1 5 5 1 3 3 1 1 1 3 5 3 4 5 5 4 2 2 1 4 5 1 3 5 2 3 4 5 3 4 4 5 4 5 2 2 4 3 2 4 3 5 2 2 4 2 2 5 4 4 5 1 2 4 1 2 2
3 4 4 2 2 4 1 4 1 1 1 2 5 4 0 2 1 4 3 3 4 5 1 5 4 3 2 4 1 2 3 5 3 5 3 3 3 5 1 4 3 4 5 1 1 3 3 4 5 3 2 5 5 3 2 1 1 4 2 4 5 1 2 5 2 4 2 2 5 3 3 5 5 5 4 1 4 2 1 3 2 2 1 2 3 4 2 3 5 1
4 4 2 2 1 5 4 1 2 3 5 2 3 4 5 0 1 5 4 2 4 4 3 4 1 4 5 4 2 1 4 4 3 1 2 5 1 4 2 4 5 3 4 2 1 3 3 3 1 4 1 3 2 2 2 4 4 3 1 2 5 5 1 1 4 4 1 1 3 4 3 1 2 2 5 5 3 4 3 3 4 1 5 3 2 2 2 1 2 3
4 1 4 1 2 5 3 5 2 3 3 1 1 2 5 2 0 1 3 1 1 4 3 1 3 4 1 2 5 3 4 1 5 3 4 1 4 5 2 1 4 5 1 1 4 2 3 3 5 5 4 3 1 5 4 2 1 4 1 1 3 4 1 5 5 5 5 5 3 5 4 1 1 4 2 5 4 1 2 2 5 3 1 2 4 4 3 3 2 2
1 1 2 1 1 5 1 2 5 4 3 1 1 2 5 1 4 0 1 4 4 4 4 4 2 4 2 1 3 2 2 1 5 2 2 2 5 2 2 1 3 2 5 5 2 5 4 1 3 3 2 4 3 1 1 3 2 4 5 2 1 2 2 4 4 4 5 3 3 2 1 3 5 2 2 2 2 2 1 5 2 5 3 1 5 2 3 4 2 4
5 3 5 3 2 4 2 1 5 4 3 1 5 5 2 3 1 3 0 4 1 5 2 4 1 4 1 5 1 4 5 2 1 5 1 2 5 5 4 4 3 1 1 1 4 3 2 1 3 2 2 3 4 5 3 5 5 1 5 3 5 2 2 5 4 2 4 3 3 3 3 1 4 1 4 4 4 2 3 3 1 3 1 4 2 4 3 3 2 4
3 2 4 3 1 5 5 3 4 5 4 4 1 1 5 4 2 3 2 0 5 4 3 1 5 4 2 2 3 2 4 4 1 5 3 2 2 2 3 2 4 1 4 5 4 4 1 1 2 5 5 1 1 5 4 5 3 1 2 5 2 3 5 3 4 5 3 5 5 5 3 1 5 1 1 3 3 5 5 1 2 3 2 3 4 4 1 2 4 4
3 4 1 5 5 3 5 3 5 1 2 3 3 1 3 2 2 1 4 2 0 4 1 2 3 3 2 1 5 5 4 4 2 3 3 4 5 4 3 2 3 4 2 2 3 5 1 3 3 5 2 3 4 5 1 3 5 3 2 4 2 2 3 5 5 2 4 5 3 4 4 3 1 1 1 3 2 2 5 2 2 2 1 5 3 4 2 4 2 4
2 4 5 1 2 2 4 4 3 2 4 1 2 1 3 5 3 5 3 4 1 0 5 3 5 4 4 3 1 2 3 1 1 2 3 1 2 5 5 1 4 5 3 4 4 1 3 2 3 4 3 5 5 3 2 5 2 4 3 2 4 2 5 4 1 2 3 3 4 5 4 5 3 5 5 3 1 3 1 3 3 5 5 5 2 3 2 5 1 2
2 5 2 5 4 5 5 1 3 1 2 4 4 4 4 4 5 2 2 3 2 4 0 1 3 5 3 1 3 5 5 3 4 5 3 4 1 4 2 3 3 1 2 2 3 2 2 4 5 1 3 1 4 1 3 2 5 2 5 4 1 3 1 5 2 4 5 3 5 3 4 3 5 2 4 1 4 1 4 3 4 2 1 3 5 4 5 1 5 3
1 2 5 5 5 4 5 3 5 1 3 2 5 2 5 4 1 3 4 5 2 5 5 0 1 5 2 4 4 4 2 5 2 2 4 3 2 5 5 2 3 3 4 4 2 2 2 2 3 1 1 2 1 5 1 5 4 3 4 4 5 1 2 3 5 4 2 1 1 3 4 1 3 4 5 5 2 4 3 2 1 3 2 5 4 2 4 2 5 3
5 2 5 3 5 4 2 4 4 5 3 1 2 5 1 2 2 4 5 4 4 5 3 2 0 4 1 5 4 3 3 2 5 3 2 5 3 3 1 1 1 5 5 5 2 1 4 5 3 2 1 3 4 3 3 5 2 1 2 4 3 2 5 3 4 2 5 1 3 5 5 3 5 5 2 4 5 2 4 4 4 3 1 1 2 1 5 3 2 3
2 1 5 4 2 1 4 1 5 2 1 1 4 2 1 1 3 5 5 2 3 4 2 4 5 0 5 5 1 5 2 2 5 2 1 1 1 3 5 3 1 2 1 3 5 2 3 1 5 4 1 3 5 5 4 2 1 3 1 4 2 3 4 3 2 5 3 4 2 2 1 3 5 1 2 4 2 1 5 1 4 5 5 3 4 3 1 2 4 1
4 1 5 2 3 3 4 1 2 3 3 5 2 5 2 2 1 2 2 4 3 3 2 2 1 1 0 1 5 1 4 5 2 1 3 5 1 1 5 1 4 5 2 5 1 1 5 5 3 3 3 1 3 4 5 1 1 4 5 3 2 5 3 1 2 2 3 5 1 1 4 3 5 3 4 2 5 4 3 2 5 1 3 3 1 2 2 1 2 1
4 4 2 3 3 1 4 3 2 5 4 1 2 2 2 2 3 4 2 2 2 4 1 3 3 2 2 0 1 3 5 1 2 1 3 3 3 1 4 5 5 5 3 1 1 2 4 2 2 4 2 1 2 3 5 3 4 5 1 5 4 2 2 4 2 5 5 4 1 5 4 5 2 4 4 5 5 5 5 5 5 2 3 2 5 1 4 1 2 4
4 3 3 2 5 4 1 2 4 1 1 3 5 5 5 5 5 5 2 3 1 2 4 2 3 1 3 4 0 2 5 4 5 5 1 4 3 2 5 2 1 5 1 3 3 5 5 3 1 1 1 1 4 4 2 4 1 1 1 2 3 5 3 5 5 4 3 4 1 3 2 4 5 5 2 1 4 4 1 2 2 5 4 3 5 4 1 1 5 2
5 3 5 1 1 2 2 3 5 5 2 2 4 1 4 1 3 3 5 4 3 4 5 5 2 3 5 4 4 0 3 4 2 4 5 3 5 5 1 3 5 4 3 5 4 5 5 3 1 3 3 1 3 3 1 2 2 4 4 1 3 4 2 2 5 2 2 1 3 2 1 1 4 1 4 4 5 4 3 3 3 3 5 4 1 3 4 1 5 1
1 3 3 3 5 2 2 4 2 2 4 4 3 5 2 1 1 2 2 2 5 4 2 5 4 3 3 2 3 4 0 4 2 3 2 4 3 5 1 1 5 2 5 2 4 4 1 5 1 4 5 3 3 3 5 2 4 4 2 1 4 1 2 3 3 3 4 3 4 1 1 2 5 5 3 2 1 4 3 4 1 1 4 2 2 5 1 5 3 2
2 3 3 4 4 1 5 2 1 5 2 3 4 2 1 1 3 5 2 4 1 2 3 2 1 4 4 1 2 5 5 0 4 2 3 5 1 2 2 1 5 4 1 5 5 4 1 4 1 5 3 5 5 2 2 4 3 4 1 2 1 2 5 5 2 4 5 4 3 5 1 3 4 1 5 3 2 4 4 1 5 4 2 4 3 3 3 3 1 1
1 2 4 5 1 4 4 1 2 3 5 1 3 1 2 3 4 1 2 5 4 4 3 4 2 1 5 3 5 4 2 3 0 5 3 1 3 5 2 5 4 4 4 4 3 1 5 1 1 3 2 5 4 4 4 4 3 3 4 3 4 4 5 3 2 2 4 3 3 2 2 5 1 5 5 3 5 5 1 3 4 1 3 4 1 3 4 2 4 2
4 1 5 5 2 3 2 1 4 3 5 3 4 5 4 5 3 3 5 5 2 1 4 5 3 1 4 1 4 3 1 5 1 0 2 4 2 4 1 3 4 3 2 3 2 1 5 2 5 5 4 1 5 1 3 2 5 3 3 3 1 5 1 1 3 2 3 4 3 3 3 3 3 5 1 1 1 1 2 2 2 1 4 1 3 2 3 2 5 3
4 4 3 2 1 5 5 5 3 4 2 1 1 3 3 4 1 1 5 1 2 3 1 3 4 4 4 2 5 2 2 5 1 5 0 5 2 1 3 3 2 3 3 4 5 3 1 1 2 5 4 4 2 1 1 3 3 1 5 5 5 1 2 4 1 5 4 1 3 1 2 2 1 3 2 2 5 2 4 1 4 3 4 5 5 1 2 5 2 3
2 4 3 4 4 3 5 2 3 1 5 5 3 1 1 1 4 5 1 3 5 3 1 2 5 1 3 4 2 4 4 5 5 1 3 0 2 3 3 3 1 5 5 5 5 4 4 1 5 3 4 1 1 1 2 5 5 5 3 5 4 3 5 4 1 3 1 5 5 2 2 2 5 3 4 3 1 4 5 4 3 3 1 5 1 5 2 2 4 1
4 2 1 3 3 1 2 1 4 4 3 4 1 1 3 4 1 4 1 3 2 2 3 1 3 5 4 5 5 1 5 2 3 1 4 1 0 5 5 3 5 4 1 4 3 2 1 4 3 5 1 5 4 3 1 1 3 2 3 4 3 5 5 3 4 5 5 1 5 3 1 2 2 5 2 4 5 2 2 1 5 4 3 3 2 2 5 2 4 5
2 3 3 1 5 2 4 4 4 5 4 4 4 4 1 2 4 3 1 5 3 1 3 4 5 5 4 2 3 4 4 3 2 4 5 1 2 0 1 1 5 4 5 1 5 3 2 3 2 2 4 3 1 1 5 3 5 3 1 5 5 4 3 2 5 1 2 3 1 5 4 4 5 5 1 3 1 4 3 5 5 5 2 4 5 3 3 4 1 5
3 1 2 5 3 2 2 3 4 4 2 4 3 4 5 3 3 1 1 3 3 1 4 3 5 1 5 2 4 3 1 3 2 3 5 4 5 5 0 2 2 2 1 4 2 4 4 4 4 5 4 1 2 2 5 1 5 5 5 3 1 4 1 4 2 3 4 5 5 1 3 2 5 1 3 3 4 3 4 5 2 2 5 2 3 2 4 4 5 5
1 5 4 2 2 1 1 4 4 1 2 3 2 3 5 3 4 4 3 5 3 2 2 5 2 3 4 1 2 2 3 5 1 5 4 4 1 1 4 0 4 3 5 2 2 1 1 2 5 2 2 2 1 4 2 4 5 1 2 2 1 4 2 1 1 3 4 1 3 3 2 2 1 2 1 5 2 5 2 4 5 5 3 2 2 3 2 4 3 3
2 1 1 1 5 2 1 2 5 5 5 4 1 3 2 2 1 5 1 3 3 4 3 3 3 4 5 5 4 2 5 4 3 4 1 5 4 1 3 3 0 4 2 1 3 2 4 5 1 3 5 5 1 3 1 5 1 1 1 5 3 2 3 1 5 1 4 3 1 1 1 5 1 3 4 1 3 3 2 1 5 4 4 2 3 1 5 2 2 5
3 1 1 4 1 5 2 2 3 2 3 5 5 3 3 2 1 1 4 2 3 5 5 4 1 1 5 3 3 2 5 4 4 5 3 1 5 5 4 2 4 0 1 5 3 2 1 1 3 5 2 3 1 1 1 2 1 1 5 3 1 5 2 2 1 2 5 3 4 3 1 5 3 1 1 3 4 5 3 2 1 3 3 2 2 1 3 3 2 1
1 4 2 3 5 1 3 4 1 3 3 5 2 4 1 2 1 1 5 2 5 5 3 3 1 3 2 1 2 3 2 2 3 4 3 5 2 3 5 4 2 3 0 4 3 1 3 2 1 4 1 1 5 4 1 1 5 1 3 2 4 1 3 1 2 1 4 3 5 2 5 3 5 4 1 3 1 2 5 4 2 3 3 4 5 4 5 1 5 1
4 4 2 4 2 1 2 2 2 4 3 5 1 2 3 5 1 1 3 1 2 1 4 2 3 2 1 5 3 1 1 1 3 1 4 2 5 4 2 4 4 3 5 0 5 3 1 4 3 5 5 2 1 4 4 4 5 2 4 4 5 3 2 4 1 3 3 1 3 4 1 3 4 1 3 3 5 2 5 2 3 4 1 2 5 1 3 2 1 2
2 2 1 3 2 4 4 3 2 1 4 3 4 2 1 4 2 3 1 5 2 1 5 1 1 5 4 1 4 5 4 4 1 5 4 5 5 4 1 3 2 4 3 2 0 1 1 4 1 5 3 3 3 4 5 2 1 5 2 2 1 4 5 1 3 3 3 4 4 4 4 5 1 2 5 1 1 5 4 4 5 1 5 5 1 5 4 4 4 1
2 5 5 1 3 3 3 1 2 1 3 4 5 2 3 2 2 1 2 2 4 2 4 1 2 5 3 4 1 2 3 2 5 3 5 5 5 3 1 2 5 4 1 1 2 0 2 4 5 3 3 2 5 1 3 5 4 5 3 2 1 4 4 3 5 1 4 1 5 4 1 5 2 2 3 1 3 1 5 1 1 5 4 3 2 2 1 1 1 3
2 2 1 2 1 3 4 1 3 3 1 2 5 1 4 1 1 5 2 1 1 3 5 1 1 5 3 2 3 4 2 1 2 1 4 5 1 3 5 5 4 3 4 2 2 1 0 1 3 4 4 5 2 3 3 5 3 3 4 5 4 1 3 3 5 4 4 3 5 5 1 1 3 3 1 1 2 5 5 2 1 3 4 2 1 2 5 5 5 3
4 5 5 3 3 1 3 2 4 4 3 3 2 5 4 3 4 3 1 1 3 3 1 3 5 1 3 4 2 4 3 3 3 3 1 4 2 2 5 4 2 1 2 2 5 2 4 0 1 2 2 5 3 4 2 5 2 3 3 5 4 5 2 5 5 3 3 1 1 5 2 4 1 2 2 1 1 2 5 4 5 3 2 1 4 3 3 3 3 5
5 4 4 1 3 2 4 1 5 3 1 2 4 5 3 2 3 2 4 1 4 3 1 2 3 1 4 1 3 3 1 4 1 5 3 2 1 1 5 1 3 2 5 2 2 2 1 1 0 2 5 4 2 4 1 5 5 4 2 2 1 3 4 4 3 3 3 4 2 4 2 3 3 4 2 2 5 2 3 3 2 1 5 5 5 5 5 4 2 4
3 4 1 2 3 3 5 2 3 1 4 2 2 3 1 5 3 2 2 4 2 5 4 1 4 3 2 3 4 1 2 3 1 5 1 2 1 4 1 3 2 3 3 1 5 3 2 5 1 0 1 1 4 2 1 2 2 4 3 5 3 2 4 3 2 5 4 5 1 1 4 3 3 2 1 3 3 2 2 1 4 3 2 2 4 1 3 3 3 2
3 4 4 2 4 1 3 3 5 1 4 4 5 1 4 4 1 1 4 2 5 4 2 2 5 5 2 4 2 4 4 1 4 5 5 2 3 5 5 2 3 3 1 3 4 5 3 1 3 3 0 3 3 1 3 5 4 1 5 2 4 1 4 4 2 3 2 2 2 3 2 2 2 5 2 4 3 5 1 3 3 5 1 2 5 3 2 1 5 5
2 4 2 1 2 1 1 1 3 1 2 4 5 1 2 1 2 3 1 2 2 1 4 1 4 2 5 2 1 5 4 2 1 3 4 5 4 1 4 2 2 2 1 4 3 2 5 1 5 2 1 0 4 3 1 1 2 5 5 1 4 1 2 1 4 3 2 5 4 3 4 1 4 3 5 5 5 3 2 3 2 2 4 5 2 4 2 2 5 3
3 3 4 1 2 4 5 2 4 1 3 2 5 2 3 5 5 3 1 1 3 4 5 1 1 5 2 1 5 1 2 1 5 4 5 5 2 3 2 4 2 1 2 1 3 3 1 3 1 2 1 3 0 4 3 4 4 1 5 5 4 2 3 4 4 4 2 4 4 1 5 3 5 1 3 1 1 1 5 2 5 4 2 4 2 4 4 3 3 3
1 5 2 2 3 5 2 2 1 2 3 3 3 3 3 2 2 3 3 1 5 1 5 4 1 1 2 3 2 1 2 4 1 1 1 4 2 1 4 1 4 2 1 5 2 5 4 3 3 4 1 2 2 0 2 2 5 4 4 5 1 3 3 2 2 4 1 2 1 5 1 5 4 5 4 4 4 2 1 5 4 5 2 3 1 5 2 4 4 4
2 1 3 3 2 1 4 1 4 2 5 3 2 3 1 1 2 3 2 5 4 3 5 5 1 4 3 4 3 4 4 3 4 3 3 4 3 5 4 1 2 3 3 4 5 2 3 3 4 1 3 3 2 2 0 5 2 1 4 1 5 5 1 3 2 5 5 5 3 2 4 3 2 2 2 5 4 5 1 4 2 5 1 3 3 2 3 2 2 3
5 2 2 3 1 5 3 5 4 4 4 4 4 3 5 3 5 3 3 3 4 5 2 3 3 4 3 3 2 3 1 2 3 3 5 4 3 3 2 3 2 2 1 4 2 3 5 1 2 5 1 5 5 5 3 0 4 4 3 2 3 1 2 5 2 1 4 1 5 4 1 5 5 3 1 1 2 1 2 4 1 2 5 3 3 1 2 3 3 3
2 5 5 3 4 3 1 1 3 2 4 1 4 3 1 4 1 5 4 4 5 1 1 5 5 5 2 5 4 3 5 5 5 4 5 4 4 3 4 4 4 2 3 2 4 1 5 5 2 3 2 5 5 4 5 1 0 5 5 2 3 3 1 3 1 5 2 5 1 3 1 1 3 2 4 1 1 2 2 1 5 4 1 5 5 2 1 4 2 1
5 2 1 2 3 4 2 3 4 3 5 2 1 5 4 3 1 1 5 2 1 2 1 4 3 4 3 1 4 1 2 1 5 3 5 5 3 5 3 5 5 3 2 2 3 3 5 5 3 4 1 4 5 3 2 2 2 0 1 2 1 1 3 2 3 2 5 4 5 4 3 2 3 3 3 4 5 1 1 3 5 3 1 5 1 4 5 3 2 4
4 2 2 2 5 1 4 5 2 1 3 2 5 4 5 2 2 5 1 5 3 3 2 3 5 5 4 1 5 1 4 1 5 3 5 5 1 3 5 2 3 3 3 3 4 3 4 1 1 3 5 5 2 4 4 5 2 4 0 2 4 5 2 3 3 3 1 3 1 1 1 4 4 1 5 5 4 5 5 3 1 3 1 1 1 3 1 2 2 5
1 4 3 2 5 1 1 2 4 3 4 1 3 4 5 2 3 5 3 5 4 5 5 3 2 3 1 5 2 4 2 1 2 2 1 4 4 2 2 5 5 5 2 5 5 2 2 3 4 5 2 1 5 5 5 4 4 3 2 0 5 3 2 2 1 2 4 5 5 1 2 4 2 1 2 3 4 3 4 3 3 5 5 1 3 2 3 5 1 2
4 4 3 3 3 4 4 1 5 5 2 3 3 2 3 5 2 3 2 5 4 5 1 5 4 3 1 5 1 5 5 3 2 5 3 1 3 3 5 1 4 2 5 4 1 5 2 3 5 3 5 4 3 4 4 3 4 5 2 3 0 4 4 2 2 1 2 1 2 2 3 5 2 1 4 1 1 3 5 4 3 3 4 3 5 5 3 4 2 3
3 4 2 2 3 3 3 4 5 3 5 2 4 1 3 3 3 5 1 4 2 2 3 2 3 2 4 3 4 2 4 3 3 3 1 2 1 4 2 1 4 2 4 4 4 3 3 5 1 4 1 3 3 4 2 1 5 3 2 3 3 0 3 2 4 4 2 2 4 2 4 5 3 2 2 5 5 1 3 3 2 1 3 4 2 5 2 2 3 3
3 5 2 1 2 3 3 2 4 5 1 1 1 3 4 1 5 1 1 4 1 4 2 2 2 3 3 3 5 1 4 5 1 5 5 2 2 4 1 1 1 3 4 1 3 3 5 2 2 4 5 3 4 4 4 2 2 3 5 5 1 4 0 3 2 4 4 3 3 2 1 4 5 1 4 2 3 2 4 3 5 5 5 3 1 2 5 2 3 2
2 4 5 5 2 1 4 1 2 4 5 5 4 1 4 5 3 1 3 4 5 4 3 1 4 3 4 2 4 1 3 2 4 5 2 3 3 1 2 4 3 4 2 2 5 4 1 4 3 2 1 3 5 4 3 4 2 4 1 5 1 4 2 0 2 2 3 1 3 5 1 3 3 1 5 3 5 3 4 3 4 5 2 5 4 3 3 5 2 3
2 1 4 5 5 5 1 2 4 1 4 4 3 5 3 3 4 5 3 4 2 2 2 4 1 3 1 2 1 5 4 2 2 3 1 1 3 2 2 3 3 4 5 1 4 1 4 2 4 2 3 4 2 4 4 3 4 5 5 2 4 5 3 3 0 3 1 3 4 3 4 4 1 2 4 1 3 3 2 4 3 5 4 1 2 3 3 5 2 4
1 4 2 2 1 1 2 2 1 4 3 2 4 5 5 1 3 2 1 3 5 4 2 5 2 1 1 2 4 3 3 1 4 1 5 2 2 2 2 1 1 4 5 3 2 2 3 2 4 2 2 1 5 2 5 3 3 2 5 1 1 1 3 5 5 0 3 5 1 5 5 4 3 1 4 4 1 2 5 3 2 1 5 1 1 2 2 5 1 3
4 4 2 3 2 4 3 2 1 5 5 3 2 5 1 4 2 1 2 4 2 3 4 2 4 1 1 3 1 4 1 1 2 1 5 3 3 1 3 4 3 2 2 3 3 5 3 2 4 4 5 5 5 5 1 3 3 4 5 1 5 3 2 5 4 4 0 1 5 5 3 2 5 3 5 4 2 3 4 2 1 3 3 4 3 5 1 2 4 2
2 3 4 1 2 4 3 3 4 2 2 4 3 2 3 4 2 5 1 2 5 3 4 2 4 2 4 3 2 2 4 1 2 2 4 2 3 1 4 4 2 4 5 4 2 5 1 2 3 1 1 5 1 4 4 3 1 1 1 3 4 1 5 5 3 4 5 0 1 4 1 2 5 3 5 5 2 5 4 4 1 2 5 5 1 4 1 3 3 4
4 5 3 5 3 4 5 1 3 5 1 1 3 3 5 2 4 3 1 1 4 4 3 1 1 3 2 5 3 4 5 2 2 3 4 4 1 1 1 1 5 2 2 4 1 4 2 5 5 1 2 1 2 5 1 1 3 4 2 1 2 4 4 4 3 5 3 1 0 5 1 5 5 3 2 2 4 1 5 4 5 3 1 3 1 2 4 2 3 1
2 2 4 4 3 1 1 1 5 5 2 3 3 2 2 5 4 3 3 1 4 2 4 1 1 4 3 5 3 3 5 2 2 3 3 3 3 3 2 3 1 3 4 4 2 1 1 3 1 5 1 1 5 2 3 2 5 4 4 1 3 1 4 5 3 5 4 1 5 0 1 3 4 3 2 3 1 3 1 4 4 3 3 3 3 1 2 5 5 5
5 4 2 5 2 4 2 4 1 5 2 2 3 1 1 4 4 4 5 1 1 1 2 5 1 1 4 4 1 2 4 2 3 4 5 1 3 5 1 1 4 4 1 3 2 3 1 2 2 2 4 1 4 2 4 3 1 4 3 3 3 5 5 4 5 1 2 3 1 1 0 1 1 5 2 4 3 2 3 3 5 4 4 4 5 2 3 2 1 1
3 2 4 2 1 4 1 4 1 1 3 1 3 1 5 3 4 1 5 5 4 2 5 1 2 5 4 3 5 2 5 1 2 5 1 5 2 3 2 1 4 1 2 5 2 5 5 5 4 4 4 3 1 4 5 3 4 4 5 4 2 3 1 3 1 1 3 3 4 5 2 0 2 4 2 5 1 5 2 2 4 3 4 3 5 2 3 3 3 1
1 4 3 4 4 2 2 3 5 4 3 1 4 4 5 1 3 3 2 1 3 2 5 5 5 1 5 3 1 3 1 3 5 4 3 2 3 1 1 5 4 1 4 4 5 3 5 1 3 4 2 4 3 2 2 2 2 4 2 5 3 4 5 5 5 3 2 3 5 1 3 4 0 4 4 5 3 3 5 1 3 4 4 3 1 2 3 2 3 2
3 1 3 2 1 3 5 1 4 4 5 3 3 3 4 4 1 3 4 3 4 4 5 2 2 4 1 2 1 1 1 4 5 3 5 3 3 1 1 3 4 4 1 1 5 1 1 5 2 3 3 4 4 2 3 4 4 2 4 3 5 1 3 5 2 4 2 3 2 1 1 1 4 0 4 2 1 1 4 1 4 4 2 5 5 3 3 5 4 5
5 2 5 4 5 2 1 1 3 4 1 1 3 1 1 5 5 2 1 3 5 3 1 4 5 1 2 2 1 4 5 1 1 1 2 3 1 5 2 4 2 3 1 2 2 4 1 1 5 5 3 1 1 4 5 1 3 5 3 3 3 3 2 2 2 5 5 3 2 2 3 5 1 1 0 3 1 4 1 2 2 4 1 2 1 1 3 4 4 4
2 3 4 2 5 1 4 5 3 4 4 4 3 4 3 1 4 3 5 5 4 2 1 1 4 2 4 4 2 2 4 3 4 3 4 3 3 4 2 3 4 5 1 4 5 4 2 5 4 1 1 2 5 1 2 3 5 2 5 5 4 1 2 2 4 2 2 1 4 4 4 5 4 3 5 0 5 4 3 3 1 4 1 5 1 5 5 5 5 2
5 5 4 4 1 3 1 1 1 1 2 5 5 1 3 4 3 1 1 1 3 2 3 3 5 1 2 4 5 4 4 2 4 2 3 5 4 4 3 1 2 2 3 2 3 3 3 3 2 4 3 1 2 4 2 2 5 4 1 4 3 2 3 3 4 4 3 4 2 4 3 1 2 2 3 1 0 4 1 2 5 3 2 5 1 5 2 4 2 4
3 5 3 5 4 4 5 5 3 5 1 5 2 5 3 1 3 1 3 5 4 4 4 4 1 3 5 5 2 4 2 5 2 4 5 5 5 1 5 4 1 2 5 1 4 3 3 3 4 1 4 4 4 2 1 3 1 5 4 3 2 5 3 2 3 3 4 3 1 3 3 3 3 1 1 2 3 0 2 4 5 5 3 5 1 3 3 1 4 5
2 2 4 4 3 3 1 3 4 4 3 3 2 5 2 3 2 3 5 3 5 5 4 4 3 4 5 2 1 5 4 5 3 4 5 3 5 1 1 2 3 3 2 4 4 3 4 3 1 2 4 4 4 2 4 4 3 1 3 2 1 5 5 4 5 1 1 4 1 4 1 5 5 5 3 1 5 3 0 2 4 3 3 2 4 4 4 4 5 3
3 2 4 2 4 3 3 5 2 3 4 3 3 5 2 4 5 5 1 4 2 1 2 5 2 2 3 5 2 2 1 2 3 5 4 3 3 5 3 4 3 2 4 3 4 3 2 5 2 3 2 1 2 1 1 4 2 5 1 3 3 4 4 4 4 5 3 1 3 4 1 4 2 1 3 4 4 4 1 0 2 5 5 2 3 3 4 1 1 4
5 2 4 2 4 2 3 4 3 3 3 4 2 3 5 4 1 5 5 4 2 3 2 1 1 2 3 2 2 4 4 5 4 1 3 4 2 3 1 5 3 2 4 3 1 5 2 2 1 2 1 2 1 3 3 2 5 5 1 2 3 5 1 1 2 2 3 1 4 1 3 1 1 5 1 3 2 4 3 4 0 4 4 1 4 4 4 3 4 1
1 1 5 1 3 1 2 4 3 3 3 3 2 2 1 2 3 5 5 1 2 5 2 3 2 3 5 1 1 5 5 3 2 2 4 5 2 4 2 2 2 4 4 3 2 1 2 4 1 1 4 1 4 3 4 2 5 3 3 3 4 4 3 3 1 3 4 2 4 1 1 1 5 2 5 4 1 5 1 2 4 0 4 4 5 4 5 1 1 2
3 2 4 3 4 1 2 5 5 2 5 3 5 3 5 2 4 5 3 1 5 1 5 2 5 1 4 2 5 5 4 1 2 4 2 5 2 3 1 5 3 2 4 5 4 5 5 3 3 3 3 2 4 3 2 2 2 5 4 4 1 1 1 3 4 2 4 3 4 2 1 5 2 4 5 5 5 2 4 4 5 5 0 5 1 2 5 5 1 5
3 5 4 4 5 3 1 3 1 1 5 1 3 2 3 4 3 1 5 1 3 4 4 4 5 4 5 1 3 1 4 4 4 3 3 5 1 1 2 3 4 5 2 4 1 3 4 5 4 3 5 4 2 4 5 1 1 5 5 4 4 4 4 2 5 4 2 5 3 4 3 3 1 3 2 3 4 3 3 4 5 3 1 0 1 1 1 2 1 5
5 5 2 1 3 2 1 4 4 3 2 5 3 3 3 1 1 4 2 1 2 5 3 2 2 1 5 2 1 2 2 1 2 4 3 5 4 1 2 3 4 4 1 2 5 2 4 4 3 1 1 3 1 3 2 2 4 1 4 3 5 2 3 5 2 5 2 5 3 3 1 4 2 5 2 3 5 1 4 2 1 2 5 1 0 4 2 4 2 3
4 1 1 1 3 4 5 3 4 4 4 4 3 4 3 5 2 3 3 5 5 2 5 3 4 4 5 2 4 4 5 4 5 1 5 2 4 1 5 4 3 2 4 2 1 2 5 1 2 5 1 1 3 2 1 3 4 5 3 1 3 5 1 5 5 4 4 5 5 3 5 1 2 3 1 3 1 5 5 1 3 4 2 3 5 0 3 3 5 2
5 5 2 4 1 4 1 3 2 2 4 4 4 2 3 4 3 4 3 3 1 1 3 2 3 3 2 1 3 4 3 5 4 3 5 2 3 4 3 3 2 5 3 2 3 2 3 4 1 2 1 3 2 2 3 4 5 2 2 5 1 3 1 2 2 5 3 5 3 1 4 3 5 3 1 3 1 2 1 2 1 2 3 5 4 3 0 3 2 5
3 3 4 5 2 1 3 1 2 3 2 1 3 5 5 5 5 3 1 1 3 2 2 4 2 2 4 4 4 4 4 5 4 5 3 1 3 1 4 4 1 5 1 5 5 1 1 1 4 3 3 3 2 3 5 5 4 2 1 4 3 2 3 1 1 5 1 3 3 5 5 5 5 5 5 4 3 4 1 5 4 2 2 3 1 5 5 0 3 2
4 3 5 5 3 5 1 1 4 3 4 4 3 5 1 5 5 3 1 1 3 2 1 3 5 2 5 5 2 3 2 4 5 1 1 5 4 3 2 1 5 4 1 4 1 4 5 3 5 3 3 5 5 3 1 2 4 1 1 3 1 4 5 2 2 4 1 4 1 3 5 1 4 3 1 2 1 3 1 3 2 2 1 4 2 2 5 3 0 3
4 5 4 3 3 5 5 1 5 1 4 2 3 2 4 4 5 5 2 4 3 1 1 4 3 5 3 1 1 3 4 1 3 2 5 2 4 5 5 5 5 3 1 5 5 5 4 4 3 2 4 3 2 1 2 4 2 5 1 5 3 2 5 2 4 4 3 5 4 5 5 1 3 2 3 1 1 5 5 4 4 5 5 2 1 5 5 3 3 0
65 39 60 54 33 73 52 2 9 30 73 45 40 63 62 24 69 47 31 16 30 41 17 6 22 80 3 90 8 10 58 83 9 65 81 48 70 86 11 14 82 11 11 89 73 8 27 9 90 8 13 27 13 17 10 48 36 33 83 86 71 73 16 12 83 13 15 61 32 77
29 18 54 11 48 87 28 45 55 79 90 46 3 42 40 52 3 53 11 20 68 83 36 50 43 34 60 9 9 73 64 82 30 8 11 14 53 75 70 27 26 68 71 69 71 67 3 46 54 56 87 48 77 45 83 88 75 56 51 44 62 65 87 51 12 23 8 6 50 56
51 59 86 46 54 78 14 63 51 34 89 79 63 16 37 9 1 22 29 1 62 25 23 89 10 39 79 21 28 80 76 59 73 80 22 2 64 24 77 41 68 59 45 28 1 32 85 77 60 27 26 50 36 22 51 33 20 36 5 19 63 27 17 86 58 46 26 10 6 48
25 34 61 22 79 10 29 60 20 64 81 25 48 55 12 58 12 11 17 18 8 22 76 80 15 38 64 25 90 77 10 64 17 7 68 59 29 50 64 80 56 79 4 71 34 24 86 74 82 10 81 37 79 11 56 24 12 89 17 59 75 1 85 72 68 54 31 9 78 78
79 26 80 19 22 47 55 77 7 55 62 32 6 20 10 44 27 83 57 14 25 35 45 43 70 83 54 87 29 88 59 23 59 60 44 49 25 40 13 10 61 35 34 43 15 73 51 76 3 7 45 20 60 14 48 63 50 52 1 28 10 33 56 53 20 34 83 13 23 24
48 14 41 43 28 76 6 19 3 16 78 88 82 2 41 25 44 36 23 58 32 39 88 9 11 75 88 35 66 14 22 5 70 90 76 57 37 35 35 68 48 33 7 33 58 63 46 66 79 18 57 52 65 76 79 41 68 28 75 20 77 77 23 40 32 16 64 55 58 10
88 50 42 50 81 71 8 7 48 10 7 82 32 31 81 83 71 4 22 4 27 64 29 28 45 81 25 67 52 66 39 50 90 49 39 29 34 84 30 58 77 81 69 81 47 23 5 10 31 75 30 78 86 27 26 22 6 68 9 81 29 46 11 14 3 17 39 25 70 28
90 38 72 72 44 60 39 80 78 42 64 21 52 70 55 14 77 16 65 51 11 37 41 66 4 47 49 11 1 78 84 16 32 43 26 69 3 48 67 6 55 48 65 25 45 85 43 6 61 25 52 35 38 38 29 25 18 82 59 21 66 31 54 6 24 37 90 35 41 80
66 49 1 9 15 75 24 47 28 43 46 37 51 84 59 78 35 8 48 47 41 12 54 16 63 74 31 46 11 41 2 58 3 39 41 8 38 4 33 33 87 74 51 78 38 83 32 14 70 31 19 68 85 58 12 1 27 5 58 53 31 47 10 7 30 57 34 37 26 82
86 37 20 84 42 7 62 39 17 26 79 2 34 81 42 57 53 6 27 8 17 40 16 72 34 59 11 68 88 81 29 29 46 25 18 13 83 10 63 77 90 64 86 41 35 52 90 69 50 24 69 72 39 62 44 66 3 75 39 8 18 82 39 41 71 55 38 84 10 31
8 2 69 2 68 88 20 41 30 22 88 5 72 1 5 49 76 90 80 74 61 48 89 90 59 21 56 18 48 47 32 48 19 84 6 51 89 88 54 21 50 13 44 84 23 26 11 54 20 76 18 88 14 81 32 36 65 61 89 36 64 78 78 74 72 65 80 12 40 22
70 52 34 24 84 49 23 88 54 33 37 78 45 52 43 69 32 77 73 23 89 77 3 8 33 23 5 19 13 46 49 43 43 88 12 66 54 83 25 51 66 26 54 72 33 4 79 36 64 34 46 40 78 44 4 74 22 81 68 50 42 14 63 54 6 86 56 42 88 55
35 65 15 49 74 38 18 70 27 90 34 15 38 69 50 22 40 41 55 68 71 86 25 61 87 27 71 82 70 31 12 10 20 6 58 47 36 80 78 11 85 83 78 62 42 15 76 63 83 26 15 11 5 66 54 32 54 85 53 57 73 61 70 58 40 79 19 34 89 16
80 76 8 76 77 13 3 65 24 28 13 18 42 47 6 42 39 59 3 67 64 14 2 53 21 76 4 5 77 53 51 38 82 72 10 79 12 32 32 43 74 40 6 63 76 42 52 62 24 43 78 66 48 33 61 45 40 2 38 85 2 76 80 38 44 69 3 28 60 21
56 9 32 45 62 81 33 83 59 65 24 42 83 67 78 18 7 10 49 80 43 15 55 34 78 72 15 39 82 71 9 70 10 14 46 41 56 68 82 72 52 43 74 35 8 13 77 34 58 84 35 49 31 74 15 6 19 88 25 15 44 62 51 57 49 21 43 19 54 84
72 54 10 29 51 6 9 49 75 89 38 61 21 68 48 76 55 71 40 89 26 80 15 14 90 14 46 17 4 84 72 67 88 4 80 87 74 61 53 16 33 12 79 79 44 75 74 27 38 44 11 54 87 9 84 55 67 13 23 78 53 29 75 84 36 20 86 40 75 61
54 24 65 70 11 4 13 52 33 35 60 58 28 9 87 31 26 24 87 42 86 28 69 45 26 52 84 13 71 64 16 4 37 74 42 72 85 38 7 71 67 51 30 24 82 22 81 89 59 78 51 26 40 50 35 54 13 25 55 7 61 57 3 46 67 71 46 18 17 62
76 57 82 33 46 36 57 44 5 40 48 4 25 6 39 47 70 23 67 77 22 59 79 5 50 65 27 72 69 2 21 21 33 12 32 18 59 28 21 15 41 70 53 34 39 33 55 32 62 29 1 13 45 21 22 52 63 3 81 39 56 79 67 61 25 4 40 11 59 57
75 29 36 6 76 39 70 72 64 75 14 75 22 38 21 84 88 67 61 45 82 24 47 17 14 7 2 53 54 52 7 74 83 55 61 58 80 45 60 28 12 34 76 31 29 16 75 59 34 90 43 46 80 30 69 62 2 80 86 83 33 37 9 55 4 89 9 4 90 8
55 10 19 74 66 42 63 43 23 17 15 84 29 79 69 23 75 84 78 31 40 70 11 29 72 66 48 41 12 72 71 49 36 20 16 61 31 11 62 74 59 60 32 32 55 41 8 41 13 67 65 69 26 41 21 44 30 76 52 25 36 8 13 76 81 29 85 70 31 41
31 7 23 15 45 50 36 28 8 29 18 12 59 18 73 56 24 35 69 71 42 21 33 85 28 45 9 12 86 57 77 86 8 61 8 9 45 16 83 90 58 20 1 9 90 74 88 13 9 57 85 59 25 46 14 79 62 60 30 12 74 59 18 65 11 5 35 52 34 2
9 23 17 40 71 67 58 59 84 32 10 35 73 35 46 55 82 72 75 19 7 88 1 79 6 43 70 48 89 86 45 37 14 26 13 31 30 2 40 61 16 53 52 51 19 20 34 8 86 86 73 61 33 39 57 17 60 32 80 43 55 64 71 33 73 61 17 17 55 13
42 61 21 41 56 84 74 1 66 50 11 53 70 46 51 72 36 46 14 44 3 5 61 33 56 20 89 55 79 34 80 65 76 1 62 81 73 64 65 49 28 61 31 67 16 39 56 80 14 89 40 84 7 48 58 29 87 55 22 11 88 42 44 77 27 14 73 88 1 69
38 60 90 28 35 45 61 81 86 36 1 85 16 25 3 63 50 51 53 6 31 6 46 30 51 40 75 69 35 62 54 71 45 5 88 34 2 15 47 30 80 46 3 21 41 90 57 56 12 36 64 29 2 78 55 82 66 19 6 90 17 71 83 9 16 19 53 49 7 3
4 67 55 30 17 57 81 14 85 88 45 11 88 21 20 30 80 39 86 84 84 19 21 47 46 54 67 33 10 7 34 36 54 78 2 68 82 3 41 5 64 17 63 12 62 81 60 49 72 45 79 23 61 20 68 71 71 47 3 24 37 72 25 3 15 38 37 86 30 34
69 27 2 86 65 43 50 20 71 6 44 57 84 22 47 16 10 80 85 2 39 23 34 55 73 84 86 64 81 3 31 73 4 3 17 36 88 76 48 79 73 87 67 20 13 38 72 7 65 23 38 89 42 75 46 68 59 50 15 52 90 44 65 22 89 87 23 85 47 60
17 51 76 21 24 2 16 37 37 83 70 28 8 14 24 59 5 21 15 17 12 84 62 40 52 60 63 51 30 60 68 14 55 9 48 84 17 51 36 78 32 84 80 17 46 11 61 86 8 6 72 25 17 73 59 11 21 87 18 2 86 88 69 73 34 15 62 3 71 58
18 78 51 38 14 14 59 11 13 68 8 67 9 89 49 43 48 48 5 86 49 7 37 73 30 37 47 73 27 20 5 87 18 52 57 63 60 52 74 36 27 57 23 57 70 14 14 20 5 59 14 62 55 25 37 21 79 35 47 64 59 52 62 10 60 80 63 79 56 88
45 66 43 87 29 53 25 22 89 63 65 56 7 85 79 54 79 15 32 57 72 61 77 48 64 87 55 20 40 12 74 32 62 13 15 22 58 41 90 39 83 31 33 68 87 56 30 75 41 50 67 22 9 70 78 42 58 41 41 75 68 63 86 1 22 10 45 53 43 4
59 41 30 62 6 62 49 35 81 49 51 34 49 74 86 79 84 58 39 15 37 56 65 68 85 36 32 84 33 17 66 41 65 22 1 24 44 36 34 42 65 86 59 54 78 78 78 33 26 48 86 17 34 72 20 15 29 83 79 68 21 6 50 5 59 68 68 75 4 75
5 47 0 78 1 30 2 27 79 53 47 29 39 75 75 68 37 7 88 53 75 75 18 32 80 4 69 32 45 51 36 69 56 50 55 50 49 27 89 85 49 44 88 18 60 27 40 23 78 85 39 0 88 53 43 81 24 48 12 26 54 23 32 0 79 52 0 78 18 59
0 84 0 60 78 35 47 76 45 0 40 72 19 13 0 46 61 70 56 76 0 55 73 10 12 31 22 22 36 15 3 35 0 19 0 5 90 0 57 89 62 25 60 55 24 44 36 52 56 14 3 0 56 56 16 0 55 40 66 29 34 0 22 0 82 27 0 60 48 64
0 53 0 63 67 29 12 5 42 0 57 71 4 61 0 36 64 29 68 62 0 11 0 7 77 42 28 75 76 90 81 9 0 44 0 0 8 0 85 46 34 18 42 90 75 46 21 61 11 9 10 0 90 8 90 0 57 49 0 41 67 0 7 0 84 3 0 1 62 18
0 75 0 77 90 1 53 0 73 0 71 64 20 66 0 82 46 85 18 46 0 13 0 65 0 28 12 16 59 76 89 24 0 0 0 0 46 0 50 26 88 65 66 82 20 62 70 2 21 4 68 0 51 54 0 0 10 17 0 76 65 0 27 0 0 0 0 36 42 26
0 64 0 47 72 0 87 0 39 0 0 50 62 11 0 86 9 74 70 64 0 1 0 60 0 1 72 52 51 33 69 17 0 0 0 0 16 0 71 57 24 3 41 14 50 45 63 22 33 0 0 0 44 13 0 0 78 37 0 34 6 0 33 0 0 0 0 29 0 29
0 0 0 31 3 0 45 0 41 0 0 10 46 41 0 73 4 75 81 69 0 17 0 20 0 77 17 80 55 21 1 0 0 0 0 0 78 0 72 22 0 16 84 39 84 51 17 0 88 0 0 0 84 0 0 0 11 62 0 82 82 0 38 0 0 0 0 0 0 0
0 0 0 14 0 0 32 0 50 0 0 16 35 71 0 1 81 19 37 85 0 65 0 24 0 0 53 28 7 24 83 0 0 0 0 0 0 0 61 13 0 73 12 75 5 0 29 0 52 0 0 0 0 0 0 0 70 15 0 51 23 0 89 0 0 0 0 0 0 0
0 0 0 4 0 0 0 0 53 0 0 0 86 32 0 62 73 0 47 0 0 69 0 0 0 0 0 44 74 59 0 0 0 0 0 0 0 0 27 0 0 78 81 88 12 0 82 0 37 0 0 0 0 0 0 0 61 0 0 0 0 0 45 0 0 0 0 0 0 0
0 0 0 83 0 0 0 0 70 0 0 0 47 0 0 51 0 0 0 0 0 85 0 0 0 0 0 65 0 0 0 0 0 0 0 0 0 0 0 0 0 0 61 0 3 0 62 0 49 0 0 0 0 0 0 0 84 0 0 0 0 0 1 0 0 0 0 0 0 0
0 0 0 0 0 0 0 0 0 0 0 0 0 0 0 0 0 0 0 0 0 20 0 0 0 0 0 0 0 0 0 0 0 0 0 0 0 0 0 0 0 0 55 0 48 0 0 0 0 0 0 0 0 0 0 0 0 0 0 0 0 0 0 0 0 0 0 0 0 0
0 0 0 0 0 0 0 0 0 0 0 0 0 0 0 0 0 0 0 0 0 0 0 0 0 0 0 0 0 0 0 0 0 0 0 0 0 0 0 0 0 0 0 0 0 0 0 0 0 0 0 0 0 0 0 0 0 0 0 0 0 0 0 0 0 0 0 0 0 0
0 0 0 0 0 0 0 0 0 0 0 0 0 0 0 0 0 0 0 0 0 0 0 0 0 0 0 0 0 0 0 0 0 0 0 0 0 0 0 0 0 0 0 0 0 0 0 0 0 0 0 0 0 0 0 0 0 0 0 0 0 0 0 0 0 0 0 0 0 0
0 0 0 0 0 0 0 0 0 0 0 0 0 0 0 0 0 0 0 0 0 0 0 0 0 0 0 0 0 0 0 0 0 0 0 0 0 0 0 0 0 0 0 0 0 0 0 0 0 0 0 0 0 0 0 0 0 0 0 0 0 0 0 0 0 0 0 0 0 0
0 0 0 0 0 0 0 0 0 0 0 0 0 0 0 0 0 0 0 0 0 0 0 0 0 0 0 0 0 0 0 0 0 0 0 0 0 0 0 0 0 0 0 0 0 0 0 0 0 0 0 0 0 0 0 0 0 0 0 0 0 0 0 0 0 0 0 0 0 0
0 0 0 0 0 0 0 0 0 0 0 0 0 0 0 0 0 0 0 0 0 0 0 0 0 0 0 0 0 0 0 0 0 0 0 0 0 0 0 0 0 0 0 0 0 0 0 0 0 0 0 0 0 0 0 0 0 0 0 0 0 0 0 0 0 0 0 0 0 0
0 0 0 0 0 0 0 0 0 0 0 0 0 0 0 0 0 0 0 0 0 0 0 0 0 0 0 0 0 0 0 0 0 0 0 0 0 0 0 0 0 0 0 0 0 0 0 0 0 0 0 0 0 0 0 0 0 0 0 0 0 0 0 0 0 0 0 0 0 0
0 0 0 0 0 0 0 0 0 0 0 0 0 0 0 0 0 0 0 0 0 0 0 0 0 0 0 0 0 0 0 0 0 0 0 0 0 0 0 0 0 0 0 0 0 0 0 0 0 0 0 0 0 0 0 0 0 0 0 0 0 0 0 0 0 0 0 0 0 0
0 0 0 0 0 0 0 0 0 0 0 0 0 0 0 0 0 0 0 0 0 0 0 0 0 0 0 0 0 0 0 0 0 0 0 0 0 0 0 0 0 0 0 0 0 0 0 0 0 0 0 0 0 0 0 0 0 0 0 0 0 0 0 0 0 0 0 0 0 0
0 0 0 0 0 0 0 0 0 0 0 0 0 0 0 0 0 0 0 0 0 0 0 0 0 0 0 0 0 0 0 0 0 0 0 0 0 0 0 0 0 0 0 0 0 0 0 0 0 0 0 0 0 0 0 0 0 0 0 0 0 0 0 0 0 0 0 0 0 0
0 0 0 0 0 0 0 0 0 0 0 0 0 0 0 0 0 0 0 0 0 0 0 0 0 0 0 0 0 0 0 0 0 0 0 0 0 0 0 0 0 0 0 0 0 0 0 0 0 0 0 0 0 0 0 0 0 0 0 0 0 0 0 0 0 0 0 0 0 0
