70 90 60 30 40
4
5
4
4
4
2
2
3
1
5
1
3
5
5
5
2
3
3
3
5
5
3
3
5
1
1
4
4
5
4
1
1
4
4
5
2
5
1
1
3
2
2
5
3
4
5
3
5
4
1
4
1
3
5
3
2
3
5
2
2
1
5
3
3
1
2
5
4
2
2
4
2
1
2
1
1
4
4
2
2
4
2
2
4
1
5
1
3
4
5
0 3 4 2 2 3 4 2 2 3 4 3 3 5 2 3 5 4 1 1 3 1 4 3 1 5 2 5 5 4 4 4 5 1 5 3 3 2 3 1 3 1 2 2 1 4 3 5 2 5 2 5 1 4 5 3 5 4 3 4 3 5 2 4 4 2 5 3 4 5 4 1 3 4 2 4 2 3 4 3 3 5 4 5 2 2 3 5 3 5
5 0 1 3 3 4 4 2 3 4 4 1 4 4 5 2 1 3 5 3 2 1 3 1 1 3 5 1 3 1 3 3 1 4 1 2 2 1 2 5 1 5 3 4 2 5 4 1 4 3 2 3 5 3 1 4 5 3 5 2 1 2 3 3 5 5 2 1 4 1 4 5 3 3 2 3 2 2 1 3 3 1 5 4 1 1 4 5 5 2
5 4 0 3 2 2 3 4 2 4 1 4 4 2 3 5 3 4 4 3 2 4 5 1 3 4 2 4 2 2 5 3 2 1 2 1 1 3 3 2 3 5 4 4 5 4 4 5 2 5 2 1 2 4 5 4 5 3 2 1 3 5 1 1 2 2 4 2 3 2 5 5 5 3 2 2 3 1 4 1 2 5 5 5 1 1 5 3 1 1
2 1 2 0 2 2 5 1 4 2 5 2 2 3 5 4 4 5 3 3 5 4 4 2 4 4 5 4 2 1 4 4 1 3 5 1 2 1 3 3 1 5 5 3 5 5 4 4 5 2 5 2 4 2 1 3 5 5 2 5 4 3 2 4 1 1 2 2 4 1 2 4 1 2 4 2 1 4 1 3 2 1 3 4 3 5 2 1 1 5
4 3 4 2 0 5 1 4 4 5 1 3 1 3 1 3 1 4 2 2 3 5 5 1 4 5 5 1 2 2 5 4 1 4 2 5 3 1 5 1 1 3 2 3 5 2 5 2 3 2 4 5 3 2 1 1 1 1 4 1 3 3 4 1 1 3 4 3 5 2 3 4 5 5 2 2 4 5 5 3 1 3 4 1 5 2 3 4 5 3
3 5 5 4 1 0 1 5 2 4 3 5 1 1 2 1 2 2 1 5 3 1 1 2 4 5 2 5 1 4 2 3 1 2 3 4 2 1 1 2 5 2 1 1 2 4 4 1 2 2 1 2 4 5 5 3 3 5 1 2 5 3 2 1 2 3 5 5 5 3 3 1 5 5 4 5 3 3 1 2 3 3 4 2 2 3 1 1 2 2
5 2 2 1 3 4 0 1 3 1 2 5 5 2 3 3 4 1 4 5 2 4 5 2 3 5 3 5 4 1 2 4 4 1 5 5 2 3 4 2 5 1 3 3 3 3 5 3 1 5 5 3 1 4 5 4 2 2 2 2 3 3 2 4 3 2 4 5 1 4 2 2 5 1 1 4 2 1 3 1 4 5 2 3 4 3 1 2 5 4
1 2 4 3 4 3 1 0 5 3 5 1 5 2 5 4 4 5 5 5 3 2 2 5 3 5 5 5 2 5 2 2 5 1 1 4 5 4 2 5 1 4 5 2 1 3 5 1 3 2 5 2 5 3 5 1 3 2 2 4 5 2 1 1 5 3 3 4 4 1 3 1 3 4 2 1 4 1 2 1 2 1 4 4 3 3 3 2 2 3
4 4 2 2 3 3 4 4 0 3 1 4 3 5 2 4 4 5 1 4 3 2 1 1 5 4 3 3 5 3 5 3 5 2 2 4 5 3 2 1 2 5 3 1 5 4 5 4 2 5 3 4 1 4 1 3 2 2 3 4 3 2 5 1 2 5 3 3 2 2 5 2 5 5 5 4 2 3 3 3 2 1 3 1 1 5 4 5 1 5
2 2 2 3 1 5 3 5 5 0 2 1 1 3 3 1 2 4 1 5 5 3 1 1 1 2 4 5 5 2 1 4 5 1 2 1 2 5 1 2 2 2 1 1 3 2 3 3 3 5 3 3 2 5 5 5 1 5 3 5 2 1 1 1 3 4 4 3 1 5 2 4 5 3 1 3 4 4 4 5 4 5 5 5 4 5 1 4 4 1
1 3 3 3 3 5 4 5 2 1 0 2 5 3 1 2 3 5 4 1 3 4 5 2 5 3 1 3 4 1 5 5 2 1 3 2 3 4 4 5 3 1 2 2 3 4 1 4 4 2 5 3 3 4 5 3 5 4 2 1 3 4 4 3 4 5 1 3 1 1 4 2 3 1 2 2 5 4 3 1 1 2 2 3 2 3 3 4 1 2
4 2 4 1 4 3 2 1 2 3 2 0 5 1 3 4 4 1 3 2 3 4 4 3 1 3 4 3 3 2 1 5 5 4 1 5 3 4 1 4 5 3 3 1 4 1 1 5 3 3 1 1 4 3 2 4 1 3 4 3 1 3 3 4 5 3 2 4 1 3 1 1 5 3 3 1 5 5 5 5 5 1 3 5 3 5 2 1 3 1
5 1 2 2 5 3 1 4 3 2 1 3 0 4 4 3 1 1 2 1 3 4 1 3 5 4 3 5 1 2 5 3 4 2 1 2 3 3 1 3 3 1 1 1 1 1 1 2 5 5 1 2 1 2 1 4 3 2 3 5 2 3 2 4 4 5 3 1 1 5 4 4 2 2 3 1 4 1 1 5 5 2 4 2 5 2 5 1 4 3
3 4 4 2 5 1 4 2 1 5 4 3 1 0 3 4 5 4 1 4 4 3 2 3 5 3 3 3 2 4 3 2 1 2 3 3 2 5 4 5 3 5 4 2 3 2 3 3 2 5 3 1 4 4 1 3 4 4 1 2 4 2 5 1 5 1 4 1 4 4 2 1 4 2 3 5 2 4 4 2 5 4 5 1 3 5 5 1 3 5
4 5 2 2 3 4 3 3 2 4 2 5 4 3 0 3 1 4 3 1 5 4 2 1 2 1 4 5 4 4 2 2 4 3 5 2 5 5 2 3 5 5 1 5 5 3 1 2 2 3 3 1 4 5 2 1 4 4 5 1 3 4 1 4 4 4 2 5 3 2 2 3 2 3 2 5 3 4 1 5 3 2 3 1 2 4 5 4 5 1
5 5 3 3 5 3 2 2 5 3 4 2 4 3 2 0 1 3 2 5 5 4 2 3 5 4 1 5 3 2 1 2 4 3 3 1 3 4 2 1 4 4 3 5 3 4 2 1 4 1 1 1 4 5 4 2 2 3 3 1 1 2 2 4 5 5 2 4 1 4 4 3 4 2 4 1 3 3 2 2 4 4 2 4 5 1 1 5 5 4
1 3 3 1 3 3 1 3 4 2 3 4 1 5 4 3 0 1 4 5 1 3 3 3 4 3 3 3 2 1 3 2 3 5 1 3 1 4 3 1 5 1 3 3 5 1 4 1 3 2 4 4 1 2 1 4 5 4 3 3 1 1 1 5 4 4 3 1 2 3 1 5 3 3 1 2 2 4 3 1 4 3 2 4 4 4 2 1 5 4
3 5 4 2 2 2 2 3 4 4 5 3 5 4 1 2 5 0 3 5 1 1 2 5 3 5 3 2 2 1 4 5 4 2 3 1 5 4 1 1 1 2 4 3 5 3 3 5 1 5 1 4 3 2 1 1 1 2 4 1 3 1 5 4 2 3 3 4 1 3 5 3 5 5 1 4 1 2 2 2 5 1 2 5 2 5 5 3 5 3
1 2 2 5 4 5 4 5 1 3 4 5 3 4 1 2 2 5 0 3 2 3 3 3 5 3 4 3 1 2 1 4 3 2 1 3 3 1 4 4 4 3 4 2 2 1 2 1 3 5 3 4 2 4 4 3 3 3 4 1 4 3 4 1 2 2 1 1 2 3 1 1 5 2 1 4 3 1 2 3 1 1 2 4 3 2 3 5 5 2
5 5 3 4 1 5 5 1 2 1 4 4 4 2 3 4 4 1 2 0 5 3 5 2 1 1 2 4 4 5 2 2 1 2 2 3 2 5 5 4 4 1 5 3 3 5 2 2 1 1 5 1 4 3 5 1 4 3 1 4 1 3 4 1 4 5 1 2 3 5 2 2 5 4 4 4 2 3 5 1 5 1 2 1 2 5 2 4 2 5
3 1 2 4 3 3 3 2 4 2 5 5 1 2 4 5 2 5 3 3 0 4 2 2 3 1 4 3 5 5 5 4 5 5 4 1 4 3 4 4 2 1 2 1 5 3 5 2 1 4 2 2 3 3 5 4 1 2 3 1 4 2 2 5 1 5 1 1 5 3 2 1 1 2 1 4 2 4 3 5 5 4 4 3 3 3 5 3 5 5
4 3 1 1 2 1 4 3 3 1 2 2 1 5 3 4 1 4 1 5 4 0 2 5 3 5 1 4 2 5 2 5 3 3 4 3 3 4 2 5 1 4 2 4 1 1 4 2 2 4 4 1 2 4 1 2 2 2 1 3 3 5 5 3 3 3 3 5 4 1 5 5 2 2 5 2 1 5 2 5 5 2 4 4 1 5 1 1 5 5
5 2 4 2 3 5 4 3 4 2 5 1 5 2 1 5 4 3 2 2 4 3 0 1 1 2 3 3 4 4 3 5 1 3 4 4 4 2 1 5 2 1 2 3 4 4 2 5 1 2 3 3 4 2 3 5 2 2 2 4 1 1 5 2 5 5 1 3 3 2 3 3 2 4 3 5 1 2 2 2 5 2 5 2 2 3 3 2 1 1
5 4 5 5 1 3 4 5 1 3 1 3 1 1 1 3 2 1 5 1 2 4 3 0 5 1 5 5 2 2 2 5 1 4 3 4 1 2 5 2 3 2 5 3 2 1 2 4 1 1 3 3 2 1 4 3 1 1 1 3 2 4 4 3 5 1 1 2 1 5 1 2 1 5 4 5 3 2 1 1 1 2 3 4 5 1 4 1 4 5
5 5 5 1 4 4 2 2 2 1 2 4 5 3 3 4 5 4 5 5 5 3 3 1 0 5 2 3 5 3 1 1 2 5 1 1 2 2 2 5 2 1 4 5 2 5 1 1 5 5 5 1 1 4 1 3 5 1 5 4 3 4 4 5 1 2 4 3 3 1 3 5 5 5 3 5 5 3 5 1 1 2 3 4 2 2 5 1 1 3
1 4 5 2 3 4 3 1 1 1 1 3 5 5 1 5 4 5 3 3 1 1 5 5 2 0 2 5 5 2 5 1 4 5 1 3 5 5 2 5 5 1 4 5 4 1 4 2 3 2 3 1 5 1 1 1 5 4 4 5 1 3 1 1 1 3 1 4 5 1 1 4 5 1 1 4 1 1 3 2 4 5 4 4 5 3 4 2 5 5
2 4 5 5 1 4 1 2 3 2 1 4 3 1 1 5 3 5 1 2 4 3 2 4 1 5 0 1 3 5 5 5 4 4 1 3 2 1 5 3 2 3 1 4 3 3 1 3 5 5 3 2 5 1 1 2 3 1 4 2 3 2 3 5 4 3 3 2 1 4 5 4 5 4 1 5 5 4 4 4 5 3 2 2 2 4 4 4 4 2
2 5 3 5 5 4 3 2 1 2 5 5 3 4 4 4 3 3 5 3 3 3 4 1 1 1 1 0 1 4 1 2 1 5 5 2 3 4 1 5 4 1 4 4 3 5 1 1 3 5 2 5 1 4 4 2 1 2 3 4 1 1 3 1 4 2 4 5 2 1 5 5 5 3 3 3 1 2 1 5 2 1 5 1 5 2 2 2 2 3
5 3 5 3 4 5 3 1 2 4 5 3 2 4 2 2 3 5 3 5 1 2 1 2 4 3 2 3 0 5 1 5 1 3 1 4 2 4 2 3 3 4 2 2 1 4 3 3 5 1 4 2 1 2 4 1 1 2 5 3 1 5 2 5 5 5 2 4 2 5 1 2 3 5 4 3 2 1 5 4 5 2 5 5 4 2 3 5 1 5
4 4 3 5 5 2 5 5 5 1 1 4 5 4 2 4 3 5 4 3 3 4 3 2 2 3 1 2 3 0 4 1 3 2 5 5 4 5 2 3 3 1 3 3 1 5 1 3 4 5 5 3 4 2 4 4 1 2 3 3 1 2 5 2 1 3 4 4 1 5 5 1 3 3 4 2 2 4 2 3 4 5 5 2 3 2 4 4 3 1
4 1 2 5 5 3 3 2 1 1 5 1 3 5 3 1 2 4 4 5 4 4 2 3 1 1 3 4 1 1 0 4 5 3 2 2 2 4 1 3 4 3 5 3 4 3 5 2 1 5 3 2 3 4 1 2 4 4 3 3 3 4 4 2 3 1 5 5 1 3 2 1 3 5 5 2 5 5 4 3 5 1 1 5 1 1 4 5 2 1
2 4 1 3 4 2 3 2 5 5 2 3 2 5 4 2 4 3 5 4 1 3 2 5 5 3 3 3 4 2 5 0 3 3 1 3 1 3 1 4 5 4 2 3 5 1 5 1 2 5 2 2 5 3 3 1 3 1 5 1 4 4 3 3 2 5 2 4 5 2 1 3 5 3 1 3 3 5 1 3 1 4 5 3 1 2 5 4 4 1
5 3 3 2 2 5 3 4 1 4 2 5 5 5 1 1 4 1 3 4 3 2 2 4 5 3 4 3 1 3 5 2 0 2 4 1 2 4 5 2 4 1 5 3 3 5 3 1 2 2 2 4 1 3 2 4 1 5 3 4 2 2 3 2 2 2 4 3 2 2 3 2 4 5 5 3 1 5 2 1 2 1 2 5 4 4 4 1 4 2
5 5 4 2 4 1 3 1 5 5 4 2 4 3 1 4 1 5 2 3 4 4 5 2 4 1 4 2 2 2 4 5 3 0 4 2 4 4 3 3 4 3 1 4 3 3 2 1 2 5 2 5 2 2 3 1 1 1 5 3 5 1 5 3 2 2 5 4 1 5 1 2 4 4 2 5 1 5 4 3 3 1 4 5 2 2 5 1 1 3
4 5 4 3 3 2 4 2 2 5 3 3 4 1 1 4 1 3 3 1 1 4 2 3 5 2 1 2 5 4 4 2 3 1 0 4 4 5 3 3 5 4 5 5 1 2 2 5 5 4 5 3 3 4 4 4 5 1 4 3 2 4 2 3 1 4 1 4 2 4 5 5 5 5 5 4 1 5 2 5 1 5 3 4 2 1 3 5 1 4
3 5 2 1 3 3 4 5 4 5 1 2 5 1 3 5 3 1 2 3 2 4 1 5 5 2 2 3 2 5 2 4 5 5 1 0 4 5 3 1 5 4 5 2 4 3 5 1 2 1 3 4 3 3 3 4 3 5 3 1 5 1 2 1 4 3 5 5 3 1 2 3 3 3 1 5 2 2 5 5 1 3 5 2 5 4 4 4 4 3
1 4 3 5 1 2 1 5 3 2 2 4 3 4 3 1 4 2 1 4 3 2 4 3 3 5 2 5 2 5 1 5 4 1 1 3 0 5 1 5 1 1 4 3 5 1 3 5 4 5 5 2 2 3 4 4 2 5 2 2 3 3 2 5 2 4 1 4 3 2 1 2 1 1 1 4 5 3 2 4 4 3 3 4 5 1 1 3 5 1
5 5 4 4 4 2 3 3 2 5 5 3 1 4 3 4 2 4 2 1 1 4 5 5 5 4 5 2 5 1 5 4 4 5 1 5 5 0 4 4 5 4 4 3 3 4 2 5 1 2 5 1 4 2 1 4 5 2 4 2 2 3 2 5 4 4 1 1 3 2 1 2 1 1 5 5 4 1 2 2 5 3 1 1 2 3 4 1 5 2
4 4 1 3 5 4 5 3 3 4 4 4 5 2 2 1 1 4 1 2 5 2 2 5 1 2 3 3 3 1 4 5 3 5 1 3 3 2 0 2 3 4 4 5 4 5 3 3 1 1 5 4 2 5 1 5 4 2 2 1 3 5 3 2 4 1 2 3 1 1 1 2 5 5 1 4 5 5 2 2 3 5 1 4 3 1 2 2 4 2
2 2 4 5 3 3 5 2 2 2 4 4 1 5 4 2 3 5 5 1 5 2 1 1 1 3 3 4 4 5 1 4 5 1 1 5 1 1 5 0 3 3 5 5 5 1 1 1 1 3 4 5 1 3 3 1 4 4 3 2 2 1 1 3 1 2 5 3 3 5 3 2 1 3 2 1 5 2 1 1 4 3 5 5 2 4 2 3 2 4
3 1 3 3 1 5 5 1 2 4 1 5 1 3 3 5 3 4 5 2 2 4 2 3 3 5 1 4 1 1 5 1 5 3 5 2 1 4 3 4 0 2 4 3 2 2 4 2 4 2 1 4 1 5 4 2 5 4 4 5 3 4 1 2 2 2 4 5 2 2 2 5 5 4 4 2 1 2 4 3 1 5 3 1 2 1 2 4 1 4
4 3 1 4 1 1 3 2 2 5 5 5 5 3 5 4 1 5 4 3 3 2 2 5 2 5 1 5 1 3 4 4 1 1 5 3 4 4 2 1 5 0 1 4 1 3 4 4 1 2 4 1 3 2 2 3 5 2 2 5 2 3 4 2 1 2 4 1 1 1 3 1 2 2 1 3 5 4 1 2 4 2 1 4 1 5 1 5 5 1
4 5 2 2 1 2 1 4 4 4 5 3 3 1 1 2 5 1 2 5 3 2 2 1 2 5 1 1 2 2 4 4 2 5 3 5 5 5 2 2 1 1 0 5 4 5 3 3 2 1 4 5 1 3 3 1 2 5 3 2 5 3 4 1 3 1 2 5 3 1 4 2 1 5 2 2 5 5 2 3 2 2 3 4 1 5 3 4 3 4
3 4 5 2 2 5 1 4 1 5 4 3 1 5 5 4 4 1 3 2 1 4 5 4 2 3 5 3 2 2 1 5 2 2 3 2 5 5 3 5 3 2 4 0 1 1 2 2 2 5 4 5 4 3 5 3 5 5 5 1 5 4 5 3 4 5 1 4 2 2 2 4 3 5 3 1 2 3 1 3 2 5 5 4 4 2 4 5 5 2
4 2 2 4 1 5 1 5 5 2 5 1 3 1 4 1 3 2 2 2 5 3 2 5 4 1 1 2 2 3 1 3 4 2 4 3 4 2 4 1 4 5 2 4 0 5 5 3 3 5 2 1 5 4 3 5 4 3 3 1 2 2 2 4 4 3 5 5 4 2 1 5 5 3 1 4 2 5 1 4 2 1 5 4 4 5 1 2 3 5
1 1 1 5 4 5 4 4 4 1 5 1 5 3 3 5 2 3 5 2 1 2 1 4 1 3 4 5 5 1 5 5 5 4 2 5 4 2 1 4 1 2 4 5 5 0 2 4 4 4 3 1 1 1 1 4 5 4 3 1 5 3 1 4 5 4 5 1 4 2 4 1 3 2 3 4 4 5 4 5 5 5 2 3 3 3 1 1 3 2
4 5 3 4 5 2 2 3 5 1 5 4 3 3 3 1 3 1 2 3 5 5 2 4 2 1 3 4 5 3 3 5 1 2 2 3 5 4 3 4 5 4 3 4 3 4 0 2 3 2 3 4 3 4 2 3 2 2 2 4 1 3 2 1 2 3 5 1 2 3 2 2 3 4 3 4 4 3 5 4 3 2 2 4 2 1 5 4 1 5
1 1 1 4 2 2 3 5 2 2 4 1 4 2 1 1 4 5 1 2 1 4 3 4 1 4 2 3 2 2 1 4 5 5 4 2 5 1 2 4 2 2 2 1 5 2 5 0 4 2 4 3 2 2 2 1 3 4 5 3 1 4 2 1 2 3 1 4 4 3 2 3 1 3 3 4 5 3 1 1 1 3 5 1 5 5 2 2 2 5
5 1 1 2 5 3 4 2 5 2 2 3 5 4 2 3 4 3 4 5 2 3 4 2 1 5 5 4 5 3 3 1 2 1 5 1 2 5 3 5 2 3 4 4 1 3 3 5 0 5 3 3 3 2 4 4 1 2 3 1 5 1 1 5 2 4 2 1 2 5 4 5 2 5 2 3 3 4 1 2 3 3 3 3 4 1 3 2 2 4
3 5 3 4 3 5 3 5 2 4 5 1 1 4 5 4 1 3 5 3 1 4 3 2 3 3 3 4 3 5 1 2 5 3 4 2 1 5 5 5 2 4 4 1 1 3 5 4 1 0 5 5 4 5 5 1 2 5 3 3 5 3 3 1 5 3 3 5 2 2 2 1 2 1 1 2 5 2 2 4 5 2 3 4 5 3 3 1 3 4
2 1 4 5 2 2 4 1 5 2 3 1 4 1 3 4 3 1 4 5 3 5 5 2 5 4 1 5 5 1 3 4 3 2 2 3 3 5 1 2 5 5 2 4 2 2 2 3 4 3 0 1 1 1 4 4 2 2 4 4 1 2 3 1 3 2 2 4 2 1 2 3 1 1 2 4 1 4 1 4 3 4 2 4 3 4 2 2 1 5
2 1 4 2 5 4 3 2 1 1 5 5 3 5 4 2 3 4 5 3 5 4 1 4 1 1 4 5 1 5 1 5 2 1 5 2 3 3 1 5 4 5 3 3 2 1 3 5 5 1 4 0 4 5 1 4 4 1 1 1 3 5 4 5 3 2 5 5 5 3 3 2 4 2 5 1 1 2 5 3 3 3 2 4 2 3 4 1 5 4
4 5 3 1 5 4 1 4 4 4 2 3 2 1 5 1 2 4 4 3 5 4 1 3 4 4 1 5 2 1 3 2 4 3 5 1 2 2 4 3 3 4 1 5 4 3 1 5 3 1 2 3 0 1 2 3 1 4 5 3 1 5 1 5 3 5 2 3 4 4 4 1 1 5 4 1 1 5 4 5 4 2 4 5 1 1 3 4 5 1
2 1 5 1 5 2 4 4 2 1 2 1 1 3 1 2 2 1 3 4 5 5 5 4 4 1 4 5 4 1 3 3 4 1 1 3 1 2 3 4 3 4 1 2 1 5 5 4 2 1 4 1 1 0 2 4 1 4 3 2 5 1 1 3 4 5 3 3 2 3 4 4 1 5 3 1 3 3 3 4 4 1 3 2 4 1 3 1 5 5
1 4 2 1 3 4 2 2 2 3 5 3 1 2 3 3 1 1 4 4 2 4 3 3 3 3 5 1 1 1 1 4 2 3 1 1 5 3 5 3 4 4 4 4 5 3 1 5 2 2 2 2 2 4 0 1 4 1 5 4 2 3 2 2 3 2 5 3 5 2 3 1 2 3 2 2 2 5 1 4 3 3 5 3 1 4 5 1 2 3
4 1 3 4 2 1 5 3 2 4 4 1 1 4 5 3 3 4 4 5 5 4 1 2 2 1 5 1 4 1 2 4 5 3 2 3 1 2 3 5 5 2 2 3 4 2 5 5 5 3 2 5 2 5 5 0 4 3 5 4 2 3 2 3 3 5 3 5 1 5 3 1 1 3 2 5 1 4 5 4 5 4 4 2 3 2 4 2 1 1
1 1 3 4 1 5 1 2 1 3 2 2 3 2 4 1 5 4 4 2 4 3 1 4 3 4 5 1 3 1 2 1 3 2 1 1 4 2 4 2 4 4 1 4 2 4 3 1 3 5 5 3 3 5 1 4 0 1 3 4 3 1 2 3 2 2 5 2 4 2 3 5 2 3 3 2 3 5 4 4 5 3 1 3 4 1 1 4 4 1
4 3 3 5 1 1 4 4 1 3 2 4 5 2 3 3 1 1 1 2 3 2 5 2 1 5 4 3 4 2 5 1 4 5 5 2 2 2 3 2 1 5 5 5 3 4 5 1 1 2 2 5 1 5 4 1 5 0 5 4 2 3 4 3 2 4 3 5 4 2 2 4 3 1 1 3 3 2 5 1 2 2 1 4 5 3 2 5 3 1
4 2 3 2 2 3 4 5 5 4 1 3 2 3 4 2 5 5 1 4 2 1 1 3 5 4 1 2 2 1 3 3 2 5 2 4 3 4 1 2 2 2 4 4 4 4 5 5 5 4 1 2 4 5 5 5 2 2 0 4 3 2 2 5 4 4 2 5 4 4 1 3 5 5 1 2 2 1 5 3 1 5 2 2 5 4 1 3 4 1
1 4 3 3 3 4 3 4 5 1 5 4 3 3 5 2 4 1 1 5 3 2 2 2 5 1 2 3 3 4 1 5 1 5 1 2 3 5 4 3 3 3 4 2 3 3 4 1 5 1 5 2 4 4 1 3 3 4 4 0 1 5 1 3 1 5 3 2 4 5 5 3 5 1 5 3 1 4 5 5 1 5 4 1 2 4 5 1 1 2
4 3 4 4 4 4 2 5 2 5 2 2 2 2 1 2 3 5 3 3 5 3 2 5 3 2 2 4 4 2 1 1 1 4 1 5 4 5 2 3 4 3 5 3 1 1 3 3 5 1 4 1 4 3 3 2 3 5 5 5 0 3 2 4 4 2 4 5 5 5 3 2 1 4 1 3 1 5 2 3 4 5 4 4 5 2 3 4 1 3
1 4 5 5 4 4 4 4 3 4 1 2 3 1 5 2 1 1 4 5 2 5 5 2 3 3 3 5 2 2 1 5 3 4 4 2 2 4 3 5 4 3 1 5 2 3 1 4 1 5 5 4 5 1 2 1 3 3 5 5 5 0 4 2 5 4 1 2 4 2 4 5 1 4 1 2 1 2 5 4 2 1 1 4 3 1 5 5 3 4
3 1 3 1 1 4 4 4 5 5 2 2 1 1 5 2 2 1 1 2 4 4 4 3 3 2 4 5 5 5 5 3 4 3 5 3 4 5 5 1 2 2 1 1 5 2 1 5 2 3 4 5 1 4 4 1 1 5 2 2 1 2 0 5 2 4 5 5 5 2 3 4 3 4 5 5 1 2 3 4 3 2 4 4 4 1 5 4 4 1
1 4 1 2 5 4 4 5 2 2 5 1 1 3 4 2 1 4 5 1 4 3 5 2 4 2 3 5 5 5 1 1 3 3 2 4 1 1 1 5 2 4 2 1 2 3 5 3 4 1 2 2 5 2 3 3 5 5 2 2 2 3 3 0 2 4 1 5 1 2 5 3 5 2 4 1 4 5 5 3 3 5 5 1 5 2 4 4 4 5
2 2 1 2 3 3 1 5 5 2 3 1 3 1 5 1 5 3 4 3 2 5 4 4 2 2 2 1 4 1 5 4 4 5 4 4 4 1 1 4 4 4 2 4 3 5 5 3 3 5 3 4 3 3 4 2 5 5 2 3 4 4 1 3 0 4 3 5 3 5 2 2 2 1 2 5 3 2 4 5 5 3 3 5 3 1 3 2 2 5
1 5 1 1 3 1 1 5 3 5 1 1 1 1 3 3 1 2 5 3 5 1 3 2 2 4 2 5 5 3 1 1 2 1 4 3 3 4 2 1 1 3 3 5 1 4 3 3 5 5 1 5 1 3 1 3 5 4 1 1 5 2 1 1 3 0 1 4 3 3 5 5 4 1 1 4 5 3 5 5 1 5 3 1 5 2 3 5 5 3
3 3 5 5 3 5 1 1 1 5 3 1 4 3 5 4 1 4 3 1 1 3 2 5 1 5 4 4 4 4 4 1 5 5 3 1 1 5 1 2 3 4 1 2 3 3 3 4 1 1 2 3 2 5 3 3 1 2 3 2 2 1 1 5 2 1 0 5 2 5 5 1 5 2 5 3 2 5 1 2 2 3 5 4 5 5 3 4 2 4
2 1 2 1 3 4 5 1 5 2 2 4 2 3 4 5 5 4 5 4 1 3 4 3 4 3 3 1 2 1 4 1 3 5 5 4 3 5 4 3 4 3 4 5 2 5 2 1 2 3 5 3 3 1 1 2 4 5 2 5 1 2 3 5 2 5 5 0 1 1 2 1 4 1 4 5 3 3 1 3 2 4 5 4 1 4 4 5 4 5
2 1 3 1 5 2 5 2 1 2 3 3 2 4 4 1 5 3 1 3 2 5 4 2 2 3 1 1 1 5 5 1 4 1 4 4 4 4 2 5 1 5 5 3 4 2 5 2 4 4 2 5 1 5 2 2 3 1 2 3 4 2 3 2 3 1 2 4 0 2 3 1 3 1 2 2 5 3 3 2 5 2 5 4 3 1 5 5 2 1
1 5 2 1 3 4 4 3 4 4 3 2 5 4 3 2 5 1 2 4 2 1 5 2 5 5 2 4 4 5 2 4 3 1 2 1 2 4 5 4 4 3 4 1 3 1 5 4 2 4 3 4 3 3 4 1 2 5 5 3 2 4 5 1 3 5 3 3 5 0 3 4 4 2 3 5 5 1 2 4 1 4 4 3 3 1 2 2 3 4
4 4 3 3 1 5 1 1 1 2 2 1 5 1 4 1 2 4 2 4 2 4 5 3 1 1 5 1 3 4 1 2 3 1 2 4 3 4 1 2 4 2 3 2 1 5 5 5 3 2 5 5 2 3 5 2 5 3 5 4 4 2 3 1 4 3 3 2 1 4 0 5 4 3 4 5 4 3 3 4 2 1 4 2 3 2 4 2 5 1
1 5 4 1 4 1 2 2 1 1 3 3 2 3 5 1 3 1 4 4 5 2 1 1 2 1 4 3 1 1 5 3 1 3 3 3 3 4 1 5 1 5 4 5 1 4 4 1 4 3 1 2 1 3 5 4 1 3 3 3 3 2 4 1 3 3 1 4 3 2 3 0 1 1 4 3 4 2 1 1 2 1 1 4 1 5 4 3 1 4
5 4 4 2 4 4 2 1 2 5 2 3 1 1 5 2 5 5 5 4 4 5 3 1 5 1 2 5 2 5 3 3 2 2 3 4 2 5 3 1 4 5 4 4 1 1 1 1 5 1 3 2 2 3 4 1 5 1 5 1 1 1 3 1 3 1 2 2 2 1 2 2 0 4 3 4 5 5 5 3 2 1 3 1 3 3 2 1 4 3
5 4 1 5 4 5 2 2 4 4 5 4 2 2 2 4 1 4 4 1 4 3 5 2 1 5 1 4 3 1 4 3 4 3 3 2 3 1 5 3 5 1 3 1 3 4 5 1 1 5 1 2 2 2 3 5 1 5 1 1 3 1 3 5 3 1 1 3 5 2 5 3 1 0 2 3 3 3 4 4 1 3 2 3 1 1 3 3 5 3
1 1 1 5 3 5 5 2 2 5 3 5 5 4 5 5 1 1 1 2 2 5 3 2 4 1 4 1 3 2 4 3 5 4 5 2 5 4 1 5 4 1 4 4 4 3 5 1 4 2 2 5 2 4 2 3 4 5 4 5 1 3 4 3 4 2 1 1 3 1 1 5 4 2 0 2 3 3 2 2 5 5 5 2 4 2 2 4 4 2
2 4 1 3 2 5 4 5 4 1 3 5 4 4 2 4 3 3 2 5 4 3 3 4 3 1 5 2 1 1 2 2 1 2 5 3 5 3 3 3 4 2 5 4 4 3 3 1 3 1 3 5 5 5 2 3 4 3 3 2 5 3 5 1 5 3 3 5 2 3 4 2 5 1 5 0 3 2 3 2 4 3 3 3 1 5 1 4 3 1
3 3 1 4 5 3 3 2 1 1 4 4 1 2 5 4 5 2 1 1 3 1 5 5 3 2 3 3 4 1 2 2 4 3 2 1 2 3 2 5 2 5 2 1 4 3 5 5 4 5 4 2 4 2 2 3 2 5 5 2 2 4 4 1 4 2 4 1 3 2 3 3 3 1 4 5 0 1 4 1 5 5 5 1 2 2 3 5 4 1
5 2 1 1 1 4 1 5 1 5 1 5 3 3 4 1 2 2 1 3 2 2 1 2 3 2 4 2 3 5 1 5 3 1 4 5 1 2 5 3 2 3 4 1 5 3 2 2 1 3 5 1 5 2 5 4 4 3 2 2 3 2 4 5 5 3 2 4 2 3 5 4 4 2 1 1 1 0 1 4 3 5 1 5 5 4 4 4 5 4
4 2 1 4 5 4 5 1 1 3 1 4 5 5 1 1 2 3 4 1 2 4 3 5 3 3 4 4 1 2 3 3 2 5 5 3 4 4 5 5 5 4 5 5 3 3 4 2 2 4 5 2 3 1 1 3 2 2 3 2 5 5 1 4 3 4 2 1 3 1 3 3 5 2 2 1 4 1 0 3 1 2 4 1 4 4 3 3 3 1
5 2 1 3 1 4 1 1 1 5 5 5 4 3 1 5 5 4 2 3 1 4 2 3 5 5 4 5 3 4 3 3 2 5 4 3 4 2 1 2 4 2 2 4 2 1 3 2 1 1 5 5 5 4 4 1 5 5 5 2 5 5 2 5 5 5 3 2 1 5 2 3 4 3 3 2 5 5 4 0 5 5 1 3 1 2 4 1 5 1
5 1 1 3 4 2 1 5 1 5 3 4 2 4 1 2 5 1 4 4 4 1 3 3 4 4 4 1 2 5 5 4 2 3 1 4 4 4 5 4 4 4 1 2 3 5 5 1 2 2 2 3 4 3 1 1 1 3 2 1 5 1 1 5 4 2 2 1 1 2 3 5 4 4 4 2 1 1 2 3 0 1 1 2 3 4 5 4 1 4
5 3 5 5 4 3 5 3 4 1 5 3 4 3 4 3 1 4 3 1 3 5 3 1 4 1 3 2 1 4 2 5 5 4 3 4 1 2 2 4 2 5 2 1 5 4 1 4 2 5 5 5 3 5 4 3 5 5 3 1 3 5 2 3 2 1 1 4 5 5 3 3 3 4 5 1 1 2 5 5 4 0 3 2 1 4 3 5 1 4
1 2 2 2 1 5 1 3 1 3 1 1 1 2 4 5 1 5 5 3 5 4 2 5 5 2 4 3 3 1 4 5 3 5 4 1 4 2 4 4 5 5 1 1 3 2 2 1 1 3 2 3 3 2 4 1 3 5 2 3 5 4 2 1 1 4 1 4 4 5 4 1 3 4 1 2 3 3 5 1 2 2 0 5 3 3 2 3 3 3
3 4 4 2 4 3 3 3 2 3 2 5 5 5 1 5 1 2 1 1 2 4 5 2 3 2 4 5 1 1 3 1 4 3 2 2 1 1 2 5 1 4 1 5 3 4 5 1 5 3 2 1 5 3 5 3 5 2 5 4 3 3 2 3 3 2 4 2 3 1 2 4 3 1 5 5 3 4 3 4 3 2 1 0 5 5 2 1 5 4
1 4 5 2 4 1 5 4 5 1 2 1 1 3 4 2 2 3 3 2 5 2 5 2 4 3 2 2 2 2 1 4 4 1 2 5 4 4 2 2 4 1 5 2 1 1 3 4 5 4 5 1 4 3 4 2 3 3 4 3 5 1 2 4 4 3 5 5 4 1 5 3 1 2 5 1 3 2 3 5 2 5 4 1 0 1 5 4 4 3
4 4 1 5 2 2 4 3 5 2 3 4 4 4 5 5 2 2 1 2 4 1 1 4 2 1 4 3 1 4 1 2 4 1 1 2 5 5 3 3 1 4 1 4 4 1 4 1 3 1 4 5 4 2 1 3 2 3 5 3 2 3 3 1 4 3 2 4 1 4 2 4 2 1 5 3 2 3 1 5 1 4 5 3 3 0 2 3 5 4
4 1 3 3 4 5 4 3 5 3 3 1 3 4 2 5 5 4 3 5 3 5 3 4 1 3 5 4 1 2 4 2 1 3 3 2 3 3 2 1 3 3 4 4 1 4 5 1 4 1 1 4 5 5 3 2 4 3 2 4 3 3 3 3 4 2 3 5 1 3 1 5 3 5 2 5 5 4 2 5 3 4 5 4 1 2 0 5 1 5
2 4 4 1 1 5 5 1 1 5 1 2 1 2 5 5 4 2 2 4 2 2 2 2 2 4 2 1 2 1 5 2 1 2 1 5 2 2 5 4 3 4 2 5 3 4 3 3 2 2 4 4 2 5 3 2 4 1 5 5 2 3 4 5 5 3 4 4 4 5 2 1 2 3 5 4 3 2 5 5 4 3 4 4 2 3 1 0 2 4
4 4 5 2 5 3 4 1 5 3 3 3 1 3 3 3 3 4 3 4 3 3 4 4 5 3 5 4 4 4 1 3 1 1 3 5 5 2 3 4 1 4 5 3 1 3 4 4 3 3 3 3 2 3 3 5 2 4 1 4 3 5 1 3 3 3 2 2 4 2 1 5 3 1 2 2 1 3 3 5 1 1 2 2 5 5 1 1 0 3
2 5 4 1 2 1 1 1 4 4 5 5 5 3 5 3 4 5 1 5 2 2 3 2 5 3 5 1 5 3 1 5 4 5 3 3 5 4 5 2 1 4 3 5 4 2 2 5 3 3 4 5 2 2 5 2 1 2 3 3 1 5 4 4 5 3 1 3 4 2 4 5 1 1 3 2 5 1 5 1 5 1 5 1 2 5 1 4 2 0
60 30 38 30 21 64 40 85 5 81 90 28 19 41 58 7 68 22 9 79 2 68 20 33 22 59 40 68 3 7 62 83 8 47 45 16 85 45 78 12 67 55 11 77 36 28 28 11 19 63 31 60 15 55 25 23 62 69 34 73 78 70 69 9 69 76 78 3 77 7
27 50 25 22 44 42 14 55 48 64 76 53 38 34 68 62 12 5 4 3 37 16 21 70 1 68 78 14 61 83 67 82 26 15 51 44 7 7 77 25 43 67 72 33 52 7 73 54 40 71 1 73 5 57 70 63 81 4 57 83 3 60 62 88 66 37 32 5 15 34
46 25 58 19 58 57 43 52 43 48 80 60 27 5 10 60 14 58 88 89 1 20 57 60 25 5 43 23 86 60 78 60 65 58 37 5 6 43 85 85 88 82 59 90 56 2 78 19 85 54 77 82 17 30 7 36 4 86 37 7 49 61 3 31 5 47 67 42 19 27
24 1 39 26 18 55 76 68 15 39 47 75 37 21 15 44 86 1 7 38 81 43 27 9 88 62 14 65 51 80 42 65 15 43 42 26 21 88 39 7 28 27 10 38 3 31 23 90 61 38 50 25 40 87 18 85 72 45 53 15 17 76 28 81 70 12 16 52 75 4
90 72 53 46 87 51 25 13 9 6 63 67 57 15 36 52 79 15 45 31 10 77 76 31 12 54 66 76 9 10 63 24 53 31 62 51 69 82 33 52 32 5 46 51 44 15 47 68 33 32 79 11 69 67 54 24 11 60 28 2 8 79 34 50 41 4 35 29 76 54
44 88 34 14 45 40 34 28 40 26 49 63 29 61 11 54 77 43 15 2 30 30 36 75 43 60 80 18 36 68 38 18 62 68 12 14 50 47 11 6 61 84 32 80 13 84 7 59 57 25 20 77 74 68 21 87 66 5 38 65 73 66 72 3 10 10 33 49 13 48
82 29 47 74 50 54 50 30 71 27 32 12 24 58 67 20 19 69 26 13 13 9 28 83 39 53 34 46 22 81 45 15 84 27 1 34 60 10 82 41 74 38 89 57 66 63 57 45 28 72 51 16 70 56 38 17 8 14 70 13 43 65 45 47 3 50 42 39 55 56
84 40 6 21 52 14 19 70 22 16 64 71 46 47 7 35 72 45 71 75 74 76 89 52 13 81 87 7 81 4 87 51 28 12 31 28 38 60 54 61 80 75 76 66 34 65 37 42 84 17 90 40 30 4 42 34 44 57 84 1 12 8 11 32 32 51 61 55 3 85
61 71 89 50 62 81 4 34 12 17 74 54 25 89 8 3 56 14 54 48 77 51 69 72 30 17 2 60 56 84 12 59 2 61 17 40 12 89 84 27 41 62 83 12 27 74 8 40 24 20 25 50 19 12 56 1 24 3 36 51 84 63 43 15 29 74 87 12 1 13
80 43 45 89 7 82 13 9 47 85 7 59 8 46 33 27 75 48 18 47 73 72 7 43 89 7 49 11 66 46 10 38 85 4 79 64 82 80 13 15 71 33 79 17 81 33 36 66 16 3 60 8 24 70 76 41 51 7 77 26 47 26 76 72 58 29 2 2 52 72
8 32 87 71 43 59 36 76 31 86 87 39 73 12 87 45 40 46 32 58 71 63 78 80 75 55 7 32 72 12 15 49 17 65 44 25 89 70 46 11 83 25 4 62 9 43 12 81 74 22 53 38 26 6 30 8 23 2 49 34 14 9 73 64 80 18 47 45 31 28
65 65 76 35 71 25 45 62 29 80 27 43 70 44 41 21 52 59 72 28 51 6 13 13 74 22 82 77 10 54 39 10 38 80 33 36 27 26 10 56 47 86 58 43 78 25 79 73 13 59 81 80 54 59 52 64 79 59 83 77 77 73 84 25 46 68 30 58 45 79
32 5 19 9 49 31 41 80 52 24 45 19 78 84 30 82 49 82 69 72 75 89 5 76 7 89 60 34 27 73 22 44 18 18 82 85 16 38 86 55 24 41 70 2 14 69 69 56 70 70 76 13 14 90 85 28 21 54 87 6 70 50 32 74 6 9 64 85 34 14
74 45 42 48 28 80 85 67 68 79 3 32 81 56 3 16 26 79 76 56 33 1 79 30 52 67 36 90 90 31 53 39 86 73 34 38 68 1 81 89 36 47 84 30 32 12 51 82 42 13 3 70 45 5 26 49 41 26 90 88 25 51 71 2 45 69 90 44 68 16
51 28 70 16 41 47 46 87 1 19 21 56 35 22 12 39 47 84 59 51 41 37 59 42 35 21 27 47 78 88 55 7 88 76 70 79 84 83 36 87 2 26 8 14 70 85 66 22 20 67 62 3 61 79 62 71 33 53 64 33 54 59 4 69 65 59 9 61 35 84
67 48 54 17 19 27 32 32 34 13 30 64 47 81 2 5 90 7 56 74 53 74 18 18 86 15 84 12 87 53 37 71 79 39 29 73 22 74 49 84 37 70 77 89 51 90 1 44 31 33 68 19 89 19 28 38 31 52 25 22 75 30 59 61 79 52 14 53 85 55
49 15 33 77 82 62 60 64 57 60 34 86 79 18 66 32 46 19 41 33 11 75 42 64 90 31 42 4 65 33 75 68 32 6 49 78 17 9 28 80 3 58 16 48 67 10 90 39 82 73 5 76 88 8 34 39 80 50 48 47 90 29 81 10 48 14 4 84 43 18
71 14 79 4 38 67 8 21 33 34 85 13 87 11 42 43 48 13 74 42 40 21 1 84 53 33 67 25 71 74 69 11 29 44 18 82 8 22 72 18 90 9 54 84 28 60 89 65 37 50 80 69 27 83 72 48 1 82 50 19 16 54 55 20 86 38 85 74 51 63
70 9 84 61 31 86 66 51 78 18 2 65 63 39 69 50 64 89 68 84 7 70 81 38 5 24 74 81 15 52 3 75 74 30 72 86 62 84 69 33 55 59 41 11 17 78 45 16 71 30 19 12 2 25 55 5 65 51 82 71 40 74 74 16 59 22 81 57 79 32
50 52 8 57 70 30 47 2 59 12 4 21 59 49 89 46 62 60 34 61 44 3 80 36 31 83 45 42 41 90 30 70 31 2 66 43 61 34 62 42 34 6 68 85 74 57 63 37 4 61 2 75 82 71 50 35 58 64 62 75 23 64 30 65 43 62 46 10 5 51
29 84 86 60 57 33 74 37 42 87 42 49 28 75 27 31 10 72 17 23 31 57 17 90 9 63 63 79 35 63 74 86 7 8 77 63 63 62 17 90 22 4 55 39 65 53 24 4 38 41 61 59 58 37 53 58 3 63 17 45 82 90 24 6 73 65 1 65 46 60
9 58 24 88 86 29 2 71 88 47 55 78 18 52 18 88 29 74 27 85 86 4 2 53 60 56 81 69 31 9 79 25 12 70 2 1 72 76 23 23 68 22 43 6 55 64 80 72 62 84 18 45 64 73 48 12 20 73 56 20 30 27 56 86 36 16 73 59 27 81
86 38 50 51 5 69 17 83 90 76 78 25 5 90 90 15 8 29 79 26 55 5 58 79 65 65 35 53 55 16 13 3 67 17 57 3 64 81 31 30 44 80 18 8 20 39 60 69 52 48 70 30 13 24 33 31 12 48 1 70 9 13 61 59 51 80 39 66 84 70
34 42 74 63 69 22 7 36 46 69 50 29 21 27 86 28 1 51 70 37 9 41 9 81 44 26 86 20 57 61 72 66 87 13 61 20 71 56 35 35 39 88 67 78 46 77 13 23 22 79 42 41 32 82 2 26 46 13 33 84 66 24 41 43 25 57 72 6 71 17
4 67 4 5 56 53 51 45 63 52 81 6 65 68 40 57 35 28 50 44 65 88 24 3 57 13 10 58 32 58 83 72 48 3 8 2 46 78 53 69 56 15 3 54 77 50 82 48 64 88 32 37 83 80 51 82 27 49 19 9 58 88 67 63 57 60 8 11 86 52
64 64 15 75 17 19 49 16 82 10 33 89 30 69 21 80 58 88 86 49 66 18 43 5 58 10 71 30 1 17 11 37 3 1 25 18 80 4 44 88 89 73 45 56 18 62 84 41 27 15 23 90 35 2 10 37 49 11 89 57 28 67 68 56 16 81 45 50 87 12
16 44 23 6 74 21 72 40 75 49 24 18 9 51 85 38 59 39 67 86 58 2 37 46 29 16 12 45 68 48 41 74 49 83 53 57 43 33 29 1 76 16 81 19 4 30 17 67 46 69 69 18 33 84 84 70 78 21 63 4 7 39 80 82 84 77 24 60 11 75
17 51 18 23 55 18 38 14 73 88 56 76 14 73 9 14 50 85 28 1 59 71 68 59 81 71 76 75 88 20 20 30 16 7 5 23 23 41 47 26 46 44 85 20 39 71 35 47 1 29 84 44 87 11 5 77 42 72 42 16 33 53 16 37 4 78 55 78 41 76
41 57 10 66 76 72 22 42 19 14 86 88 84 26 52 81 17 81 48 68 64 38 75 2 78 51 52 31 83 41 50 87 56 35 23 77 19 11 59 62 25 57 42 47 82 37 3 17 26 55 10 85 50 15 13 90 15 44 85 41 88 22 50 18 40 8 80 83 49 19
54 70 7 38 15 24 9 6 20 1 12 46 75 31 34 11 60 55 87 62 12 47 50 19 50 45 77 50 4 76 17 33 58 36 90 84 37 19 18 13 48 63 7 55 31 26 4 35 88 27 34 42 52 69 1 15 34 58 15 36 13 15 60 4 56 25 62 33 20 67
5 55 80 59 25 13 57 72 66 37 66 3 11 82 4 12 34 49 47 63 19 85 46 47 68 18 50 80 7 79 77 42 50 57 84 12 77 0 60 86 12 37 66 58 47 72 40 52 58 24 12 51 11 32 36 59 55 78 41 69 74 36 46 44 60 61 54 8 42 5
89 56 17 85 78 37 0 57 16 33 37 1 26 62 76 86 69 0 63 66 0 46 29 14 24 39 30 78 0 66 19 22 41 37 88 0 49 0 0 64 65 49 2 88 43 0 86 61 2 89 86 24 0 0 19 0 57 39 78 11 41 57 58 11 2 6 17 67 62 0
38 17 66 58 60 65 0 38 37 20 31 70 64 65 1 65 3 0 49 6 0 59 54 49 0 78 28 72 0 28 58 36 73 79 56 0 52 0 0 45 0 0 0 35 61 0 43 12 49 0 7 53 0 0 77 0 90 0 4 59 39 85 37 26 42 46 0 26 63 0
73 20 31 25 0 74 0 22 79 0 75 73 58 2 31 89 43 0 35 53 0 22 0 29 0 38 55 1 0 0 31 6 40 85 30 0 58 0 0 58 0 0 0 13 71 0 6 79 54 0 71 79 0 0 45 0 0 0 12 50 67 0 9 85 31 86 0 24 14 0
0 18 64 7 0 75 0 0 25 0 25 35 13 48 62 10 38 0 10 4 0 52 0 24 0 19 15 62 0 0 84 50 9 52 19 0 34 0 0 79 0 0 0 74 73 0 55 25 89 0 0 58 0 0 75 0 0 0 51 44 32 0 90 38 8 39 0 77 0 0
0 41 5 52 0 0 0 0 86 0 58 38 17 67 75 47 41 0 61 25 0 0 0 15 0 69 11 43 0 0 86 17 0 74 21 0 79 0 0 20 0 0 0 64 79 0 0 87 76 0 0 0 0 0 24 0 0 0 0 79 0 0 0 57 0 67 0 17 0 0
0 0 68 44 0 0 0 0 80 0 0 9 44 45 60 0 74 0 37 27 0 0 0 17 0 44 29 51 0 0 71 0 0 77 0 0 87 0 0 63 0 0 0 41 0 0 0 24 39 0 0 0 0 0 0 0 0 0 0 87 0 0 0 78 0 0 0 25 0 0
0 0 0 83 0 0 0 0 64 0 0 40 2 1 81 0 36 0 0 71 0 0 0 27 0 0 48 27 0 0 26 0 0 69 0 0 0 0 0 0 0 0 0 0 0 0 0 0 8 0 0 0 0 0 0 0 0 0 0 46 0 0 0 83 0 0 0 19 0 0
0 0 0 37 0 0 0 0 0 0 0 16 61 0 0 0 4 0 0 55 0 0 0 0 0 0 47 0 0 0 0 0 0 54 0 0 0 0 0 0 0 0 0 0 0 0 0 0 60 0 0 0 0 0 0 0 0 0 0 0 0 0 0 0 0 0 0 7 0 0
0 0 0 0 0 0 0 0 0 0 0 0 1 0 0 0 0 0 0 82 0 0 0 0 0 0 37 0 0 0 0 0 0 0 0 0 0 0 0 0 0 0 0 0 0 0 0 0 0 0 0 0 0 0 0 0 0 0 0 0 0 0 0 0 0 0 0 0 0 0
0 0 0 0 0 0 0 0 0 0 0 0 0 0 0 0 0 0 0 0 0 0 0 0 0 0 0 0 0 0 0 0 0 0 0 0 0 0 0 0 0 0 0 0 0 0 0 0 0 0 0 0 0 0 0 0 0 0 0 0 0 0 0 0 0 0 0 0 0 0
0 0 0 0 0 0 0 0 0 0 0 0 0 0 0 0 0 0 0 0 0 0 0 0 0 0 0 0 0 0 0 0 0 0 0 0 0 0 0 0 0 0 0 0 0 0 0 0 0 0 0 0 0 0 0 0 0 0 0 0 0 0 0 0 0 0 0 0 0 0
0 0 0 0 0 0 0 0 0 0 0 0 0 0 0 0 0 0 0 0 0 0 0 0 0 0 0 0 0 0 0 0 0 0 0 0 0 0 0 0 0 0 0 0 0 0 0 0 0 0 0 0 0 0 0 0 0 0 0 0 0 0 0 0 0 0 0 0 0 0
0 0 0 0 0 0 0 0 0 0 0 0 0 0 0 0 0 0 0 0 0 0 0 0 0 0 0 0 0 0 0 0 0 0 0 0 0 0 0 0 0 0 0 0 0 0 0 0 0 0 0 0 0 0 0 0 0 0 0 0 0 0 0 0 0 0 0 0 0 0
0 0 0 0 0 0 0 0 0 0 0 0 0 0 0 0 0 0 0 0 0 0 0 0 0 0 0 0 0 0 0 0 0 0 0 0 0 0 0 0 0 0 0 0 0 0 0 0 0 0 0 0 0 0 0 0 0 0 0 0 0 0 0 0 0 0 0 0 0 0
0 0 0 0 0 0 0 0 0 0 0 0 0 0 0 0 0 0 0 0 0 0 0 0 0 0 0 0 0 0 0 0 0 0 0 0 0 0 0 0 0 0 0 0 0 0 0 0 0 0 0 0 0 0 0 0 0 0 0 0 0 0 0 0 0 0 0 0 0 0
0 0 0 0 0 0 0 0 0 0 0 0 0 0 0 0 0 0 0 0 0 0 0 0 0 0 0 0 0 0 0 0 0 0 0 0 0 0 0 0 0 0 0 0 0 0 0 0 0 0 0 0 0 0 0 0 0 0 0 0 0 0 0 0 0 0 0 0 0 0
0 0 0 0 0 0 0 0 0 0 0 0 0 0 0 0 0 0 0 0 0 0 0 0 0 0 0 0 0 0 0 0 0 0 0 0 0 0 0 0 0 0 0 0 0 0 0 0 0 0 0 0 0 0 0 0 0 0 0 0 0 0 0 0 0 0 0 0 0 0
0 0 0 0 0 0 0 0 0 0 0 0 0 0 0 0 0 0 0 0 0 0 0 0 0 0 0 0 0 0 0 0 0 0 0 0 0 0 0 0 0 0 0 0 0 0 0 0 0 0 0 0 0 0 0 0 0 0 0 0 0 0 0 0 0 0 0 0 0 0
0 0 0 0 0 0 0 0 0 0 0 0 0 0 0 0 0 0 0 0 0 0 0 0 0 0 0 0 0 0 0 0 0 0 0 0 0 0 0 0 0 0 0 0 0 0 0 0 0 0 0 0 0 0 0 0 0 0 0 0 0 0 0 0 0 0 0 0 0 0
0 0 0 0 0 0 0 0 0 0 0 0 0 0 0 0 0 0 0 0 0 0 0 0 0 0 0 0 0 0 0 0 0 0 0 0 0 0 0 0 0 0 0 0 0 0 0 0 0 0 0 0 0 0 0 0 0 0 0 0 0 0 0 0 0 0 0 0 0 0
0 0 0 0 0 0 0 0 0 0 0 0 0 0 0 0 0 0 0 0 0 0 0 0 0 0 0 0 0 0 0 0 0 0 0 0 0 0 0 0 0 0 0 0 0 0 0 0 0 0 0 0 0 0 0 0 0 0 0 0 0 0 0 0 0 0 0 0 0 0
0 0 0 0 0 0 0 0 0 0 0 0 0 0 0 0 0 0 0 0 0 0 0 0 0 0 0 0 0 0 0 0 0 0 0 0 0 0 0 0 0 0 0 0 0 0 0 0 0 0 0 0 0 0 0 0 0 0 0 0 0 0 0 0 0 0 0 0 0 0
0 0 0 0 0 0 0 0 0 0 0 0 0 0 0 0 0 0 0 0 0 0 0 0 0 0 0 0 0 0 0 0 0 0 0 0 0 0 0 0 0 0 0 0 0 0 0 0 0 0 0 0 0 0 0 0 0 0 0 0 0 0 0 0 0 0 0 0 0 0
0 0 0 0 0 0 0 0 0 0 0 0 0 0 0 0 0 0 0 0 0 0 0 0 0 0 0 0 0 0 0 0 0 0 0 0 0 0 0 0 0 0 0 0 0 0 0 0 0 0 0 0 0 0 0 0 0 0 0 0 0 0 0 0 0 0 0 0 0 0
0 0 0 0 0 0 0 0 0 0 0 0 0 0 0 0 0 0 0 0 0 0 0 0 0 0 0 0 0 0 0 0 0 0 0 0 0 0 0 0 0 0 0 0 0 0 0 0 0 0 0 0 0 0 0 0 0 0 0 0 0 0 0 0 0 0 0 0 0 0
0 0 0 0 0 0 0 0 0 0 0 0 0 0 0 0 0 0 0 0 0 0 0 0 0 0 0 0 0 0 0 0 0 0 0 0 0 0 0 0 0 0 0 0 0 0 0 0 0 0 0 0 0 0 0 0 0 0 0 0 0 0 0 0 0 0 0 0 0 0
0 0 0 0 0 0 0 0 0 0 0 0 0 0 0 0 0 0 0 0 0 0 0 0 0 0 0 0 0 0 0 0 0 0 0 0 0 0 0 0 0 0 0 0 0 0 0 0 0 0 0 0 0 0 0 0 0 0 0 0 0 0 0 0 0 0 0 0 0 0
0 0 0 0 0 0 0 0 0 0 0 0 0 0 0 0 0 0 0 0 0 0 0 0 0 0 0 0 0 0 0 0 0 0 0 0 0 0 0 0 0 0 0 0 0 0 0 0 0 0 0 0 0 0 0 0 0 0 0 0 0 0 0 0 0 0 0 0 0 0
0 0 0 0 0 0 0 0 0 0 0 0 0 0 0 0 0 0 0 0 0 0 0 0 0 0 0 0 0 0 0 0 0 0 0 0 0 0 0 0 0 0 0 0 0 0 0 0 0 0 0 0 0 0 0 0 0 0 0 0 0 0 0 0 0 0 0 0 0 0
