70 90 40 30 40
3
4
5
4
3
3
4
3
5
4
3
1
1
1
5
1
1
1
5
2
5
4
4
1
1
1
2
5
3
2
3
4
3
5
4
4
3
4
5
4
4
2
2
2
1
2
4
1
5
5
1
2
4
5
3
1
3
5
5
2
3
2
4
2
3
2
1
1
3
2
1
1
5
2
4
2
2
4
1
2
5
5
5
4
1
3
3
4
3
4
0 5 1 3 3 4 1 5 2 3 2 4 4 5 3 2 2 4 1 2 4 1 1 5 3 2 4 5 2 1 2 2 2 2 5 2 2 3 1 3 1 2 2 1 4 4 5 5 5 3 2 1 2 1 2 4 3 4 2 3 3 3 4 1 5 1 5 5 1 2 3 2 4 1 5 1 3 3 5 5 5 1 2 4 1 1 2 5 5 4
3 0 4 2 2 5 5 4 1 3 4 5 1 5 2 3 3 3 5 2 1 5 1 3 1 1 2 3 2 1 2 2 4 1 2 2 5 3 2 3 4 2 5 2 2 4 3 3 4 1 4 3 1 3 5 5 2 3 4 2 5 2 5 4 4 3 5 1 3 2 2 5 5 1 4 1 5 3 4 3 5 4 1 1 5 2 3 1 2 5
2 2 0 2 2 2 4 5 2 5 2 2 2 3 1 5 3 1 3 3 4 4 3 2 2 3 1 3 5 1 1 3 2 1 2 4 4 3 4 2 3 1 1 5 2 3 2 2 3 5 5 5 1 1 4 2 2 3 1 2 4 5 5 5 1 3 4 2 5 5 5 5 3 4 3 5 4 4 2 1 2 1 5 3 2 1 5 2 4 5
5 2 1 0 1 2 3 1 4 4 5 3 4 3 3 1 4 2 4 3 3 1 5 2 2 5 2 3 3 1 4 4 3 4 4 3 1 4 5 2 2 1 1 1 1 2 5 5 4 1 2 4 4 4 1 1 4 4 4 3 2 1 4 4 2 5 1 1 5 3 5 1 4 3 5 3 3 5 3 3 1 1 3 4 4 1 1 2 3 3
4 1 3 2 0 4 2 5 3 5 4 1 4 4 5 1 4 3 1 1 1 5 4 5 5 3 4 3 2 1 4 3 1 1 3 2 3 1 5 4 3 2 5 3 5 2 5 4 3 3 3 5 5 1 3 5 5 1 2 4 3 3 5 1 5 2 2 1 2 3 1 1 2 3 2 1 1 2 5 1 4 3 4 2 1 2 3 4 5 2
3 4 3 5 5 0 5 5 1 3 3 1 5 4 3 3 2 3 3 5 5 1 1 5 3 4 4 1 3 4 2 1 4 5 4 3 1 1 5 3 4 2 3 2 4 4 1 3 5 1 2 5 2 1 5 1 5 2 2 4 5 5 4 3 4 1 2 1 1 3 3 2 1 2 1 1 2 4 3 4 3 3 1 2 3 4 2 5 2 2
5 4 2 2 1 2 0 5 1 5 5 4 4 3 5 5 3 1 3 2 4 3 5 1 3 3 5 3 1 2 1 5 5 3 1 3 1 1 5 3 3 5 5 2 5 4 2 4 1 3 3 3 1 3 2 5 5 4 4 5 1 1 5 2 4 5 4 1 1 1 2 2 5 2 5 5 5 2 4 4 4 3 5 1 3 4 4 5 2 1
1 3 3 5 4 4 1 0 3 4 2 2 1 4 5 4 1 1 4 3 1 1 2 2 3 5 3 2 5 3 4 4 2 4 2 3 4 5 2 5 1 3 4 5 1 2 1 2 2 3 1 2 4 3 5 2 3 5 5 1 1 4 4 5 2 5 3 2 2 2 4 3 4 4 3 1 4 4 5 3 2 1 3 3 3 5 4 3 1 2
3 3 5 5 5 1 3 5 0 4 1 2 2 1 2 1 2 3 2 3 5 3 1 2 5 1 2 5 5 3 5 4 1 5 1 2 5 2 4 2 2 5 2 3 2 5 1 3 3 1 3 5 4 3 2 1 3 4 1 4 4 4 2 1 5 4 2 5 5 2 4 5 2 1 5 4 1 2 2 1 1 5 2 4 2 5 5 3 4 2
2 4 2 3 3 4 3 2 1 0 5 4 3 5 1 4 5 4 4 3 3 1 5 2 2 4 1 4 1 3 1 4 5 3 5 1 1 1 2 4 1 4 2 2 3 4 2 3 3 5 2 5 4 2 1 4 3 5 2 3 4 3 2 2 2 2 2 5 5 3 3 2 2 4 4 2 1 5 5 2 2 4 1 1 4 5 3 4 1 2
2 5 5 4 4 4 2 5 2 3 0 2 2 3 2 4 5 1 3 3 4 1 3 1 3 2 1 3 1 1 2 2 4 4 5 4 2 2 4 2 4 3 5 4 5 1 5 5 2 1 2 4 4 5 4 2 3 3 1 3 4 3 4 2 3 1 4 2 2 5 2 1 2 5 4 4 4 2 1 3 2 3 3 1 3 5 1 2 4 2
3 5 1 1 4 3 4 1 5 3 2 0 2 5 4 4 5 2 4 5 4 2 1 2 4 5 1 5 5 4 2 5 2 4 3 1 1 3 5 3 3 4 2 1 3 1 4 2 3 2 1 1 1 4 5 5 2 4 2 1 2 4 4 2 1 3 4 2 3 4 1 1 3 2 2 1 4 5 5 4 4 5 1 1 2 3 5 1 1 2
3 4 1 5 1 5 1 5 4 3 5 4 0 1 1 3 4 4 1 4 3 3 1 3 2 5 1 4 5 3 3 5 4 5 1 2 3 5 3 3 1 1 1 5 1 2 1 2 4 1 5 5 4 2 3 4 1 3 1 4 3 3 1 1 2 5 5 2 2 2 3 2 1 4 4 4 3 1 3 2 3 1 1 3 5 5 4 1 1 3
1 5 2 4 4 1 2 3 3 2 1 4 4 0 5 2 3 1 4 2 5 4 2 3 5 2 3 4 5 5 1 3 5 3 2 2 1 5 2 3 3 4 3 1 5 5 4 3 5 3 3 4 4 1 2 1 3 3 3 2 3 5 5 5 1 3 4 1 4 4 4 4 3 1 4 3 1 5 3 5 4 5 2 1 3 5 2 3 2 3
2 3 1 2 4 1 2 3 3 1 5 1 1 5 0 5 1 4 4 1 1 5 4 1 4 5 2 2 4 4 4 2 2 5 2 1 2 2 5 5 1 2 1 1 2 5 4 3 3 1 2 3 2 1 4 3 4 4 5 2 4 2 2 3 3 4 5 1 4 3 3 3 1 5 4 1 1 1 1 4 5 5 1 2 3 4 5 3 3 3
5 2 5 2 4 4 2 4 3 5 4 1 2 3 2 0 2 5 5 3 4 1 3 2 2 3 3 5 5 4 1 3 2 4 4 3 4 3 2 1 1 4 3 2 2 1 4 2 4 3 3 3 2 4 2 2 3 1 3 5 3 5 4 2 3 1 3 5 4 5 5 4 4 5 5 4 5 2 4 5 5 2 2 5 5 1 3 3 5 5
1 4 5 2 3 1 3 5 2 3 5 3 3 4 3 4 0 4 2 5 5 4 3 2 2 4 5 3 4 4 5 2 3 5 5 5 5 4 3 2 4 4 2 4 4 2 4 3 1 4 1 1 3 3 3 2 3 3 2 3 5 5 1 2 2 3 4 1 4 3 3 1 5 1 5 3 4 3 2 5 4 5 5 3 5 3 5 4 5 5
4 2 4 4 1 5 1 5 4 5 4 2 4 3 5 3 3 0 4 3 1 1 3 5 2 1 1 2 5 1 2 4 3 1 3 1 5 4 5 2 4 2 5 3 4 1 5 2 1 1 5 4 1 3 2 3 2 4 5 4 4 4 5 5 5 2 5 1 4 3 2 4 5 5 4 5 2 1 3 1 4 5 4 4 3 1 2 2 1 4
1 4 3 3 1 5 3 3 3 2 5 3 3 5 2 4 4 2 0 3 3 1 5 3 4 3 5 2 2 3 3 2 4 1 3 1 3 3 1 1 4 2 2 4 2 5 5 1 1 1 3 2 3 1 3 5 4 3 2 5 1 5 3 2 5 3 5 1 5 2 3 1 1 5 5 1 5 4 1 3 3 2 5 5 1 4 1 1 3 3
1 2 2 2 1 5 4 4 2 2 2 3 2 4 5 4 5 2 3 0 4 2 5 1 5 5 2 1 1 5 5 3 4 1 2 3 4 4 4 4 3 2 5 5 3 2 5 2 5 3 1 1 1 4 2 4 5 1 1 1 3 3 4 4 4 3 1 1 3 3 1 3 3 1 1 1 4 5 4 3 2 2 3 4 2 1 3 5 3 4
2 2 1 2 2 5 2 3 1 5 1 4 5 4 4 3 2 4 5 2 0 3 1 2 1 2 1 3 4 4 3 4 1 3 5 4 4 2 3 2 2 2 5 3 2 1 5 4 2 3 1 5 4 2 5 4 1 1 4 1 5 3 1 4 2 2 1 2 4 3 3 4 5 4 3 5 3 1 2 5 3 3 3 5 5 2 5 5 4 5
1 3 5 5 2 5 1 2 3 2 5 2 5 1 2 2 5 3 4 4 5 0 1 5 4 5 4 2 5 1 2 4 1 5 2 4 4 1 2 1 5 2 4 1 2 1 2 5 4 1 3 5 1 2 2 3 1 2 3 4 2 1 1 1 4 3 3 1 4 2 5 3 1 2 3 3 4 1 3 4 5 1 3 5 5 3 1 1 2 1
4 2 1 2 5 3 2 2 5 5 4 3 2 4 1 3 1 1 1 3 5 1 0 1 5 2 2 3 5 3 4 5 4 5 2 3 5 5 5 3 5 4 5 4 5 1 4 4 2 1 4 5 4 1 5 4 1 4 5 4 3 2 3 2 1 2 5 4 2 1 1 4 4 2 4 1 1 3 5 4 5 2 2 5 3 1 2 2 4 2
5 5 3 4 5 5 1 5 4 2 1 2 5 4 3 3 1 2 4 3 1 5 4 0 2 2 4 4 1 1 2 3 2 2 3 2 2 5 4 3 1 1 5 1 5 2 1 1 1 4 2 5 1 3 3 5 3 5 4 2 3 3 2 2 3 5 1 5 3 1 4 2 3 4 1 4 2 4 3 2 2 1 3 1 3 1 5 2 4 2
2 2 5 3 2 2 5 5 3 5 1 4 3 2 2 4 4 2 5 5 1 4 1 3 0 3 4 3 1 4 4 1 3 3 3 1 5 3 5 2 2 5 2 2 4 2 5 3 4 2 2 1 4 4 4 2 5 3 2 5 4 3 3 2 4 3 2 5 1 5 1 3 2 4 5 2 2 4 4 2 4 4 4 1 2 4 5 4 4 1
2 1 3 5 4 1 5 3 2 5 1 3 4 2 4 1 1 3 1 5 2 3 2 4 3 0 4 1 1 1 3 2 2 4 5 4 1 3 3 1 2 3 5 1 2 4 5 4 3 3 2 2 2 4 2 5 1 3 3 1 3 3 3 2 2 2 1 4 3 2 2 3 3 5 5 5 2 4 2 5 4 5 4 1 4 1 2 4 3 4
5 4 3 5 1 1 1 4 4 4 2 2 3 1 3 2 2 2 1 2 4 1 4 5 3 1 0 1 1 3 4 4 5 3 5 1 1 2 5 4 5 3 1 4 1 4 2 3 4 3 5 2 1 5 1 1 1 5 5 2 4 3 1 4 3 5 3 1 3 2 5 2 5 1 2 3 2 5 2 2 4 4 2 2 2 2 3 1 5 4
5 5 2 2 2 1 2 2 5 5 5 1 1 1 2 4 3 4 1 2 4 2 5 1 5 2 3 0 5 1 4 3 3 4 4 4 3 1 5 5 5 2 3 5 5 1 5 5 5 5 3 5 5 4 5 1 5 3 2 3 2 3 3 4 5 5 4 5 3 3 1 1 4 2 1 4 4 5 5 4 4 5 1 4 5 2 4 3 3 3
1 4 5 1 2 5 5 3 3 5 4 4 4 5 1 3 1 2 2 4 2 5 2 5 3 4 5 4 0 3 3 1 1 3 2 2 2 3 5 3 5 5 1 4 1 5 3 1 2 1 1 4 2 1 4 2 5 2 1 4 2 3 3 4 1 3 3 4 3 3 4 2 3 3 5 3 1 5 5 2 5 2 4 3 3 1 1 1 5 4
5 2 4 1 1 3 3 1 3 3 3 5 2 1 5 2 2 4 5 5 5 3 3 2 5 5 4 2 3 0 3 3 3 3 3 4 4 1 5 4 3 5 1 3 5 5 4 1 5 3 1 2 3 4 3 1 5 3 2 1 4 2 1 5 2 4 5 2 1 3 1 5 5 1 4 4 5 1 2 3 2 3 1 3 3 2 3 4 5 5
1 3 5 1 2 2 3 4 3 2 2 4 5 3 4 1 1 3 2 5 1 2 2 3 3 2 2 1 5 1 0 4 2 3 1 5 5 2 4 4 4 1 2 3 5 1 4 1 5 5 5 1 4 2 3 2 5 1 2 1 3 2 5 1 4 4 3 2 2 5 3 2 1 1 4 5 1 1 3 2 4 3 3 1 4 1 4 3 2 2
3 5 4 5 4 1 3 5 4 2 5 4 4 1 2 2 3 5 2 3 5 2 2 5 5 5 2 2 1 5 1 0 5 5 2 1 4 2 3 5 5 1 2 2 3 4 5 5 5 5 3 3 5 5 3 1 5 5 2 3 5 3 3 4 3 4 3 4 2 1 1 5 4 3 2 4 4 3 4 2 1 2 1 3 4 1 5 3 2 5
1 2 4 5 3 1 5 5 4 5 2 1 1 3 2 3 4 4 4 1 3 2 2 3 3 3 4 5 1 5 2 4 0 3 3 3 3 1 5 5 3 3 4 3 2 4 3 1 2 1 3 2 4 4 2 2 4 2 2 2 5 3 4 4 5 2 5 2 2 3 5 5 3 3 4 3 3 2 4 5 2 5 1 4 1 4 1 1 3 5
5 1 2 4 3 4 5 2 1 2 3 3 4 5 1 4 2 1 5 1 2 5 4 4 5 2 3 2 5 3 4 4 3 0 4 5 5 1 1 1 3 2 5 3 3 1 5 5 3 2 2 5 4 3 3 4 3 3 2 5 4 2 4 2 3 5 3 5 1 5 4 1 5 2 4 2 1 5 5 4 5 3 5 5 4 4 5 2 1 3
5 1 1 1 4 1 3 3 3 3 1 5 1 4 3 4 3 2 2 4 5 4 1 4 5 5 1 4 1 2 2 4 3 1 0 3 2 5 3 4 4 4 1 4 1 2 4 4 2 5 1 5 4 2 4 1 4 2 1 2 4 5 3 3 4 1 4 2 3 3 5 3 5 3 4 3 4 3 4 1 3 4 5 3 1 2 2 1 5 1
5 1 1 5 5 5 5 1 2 1 2 2 1 5 5 1 2 3 2 1 1 3 2 5 1 4 3 2 3 5 4 2 5 4 1 0 3 5 5 2 4 4 5 2 3 4 1 3 3 4 3 4 5 3 5 1 5 4 2 4 1 2 5 3 2 3 2 3 1 1 2 5 2 2 5 3 2 4 3 5 3 4 2 4 4 2 3 3 5 4
4 5 1 2 3 3 4 5 5 2 1 5 1 2 1 2 2 3 3 2 2 5 1 5 2 2 2 4 1 2 1 4 3 4 5 5 0 4 3 4 3 3 2 1 1 3 5 2 5 3 2 4 4 1 1 4 3 1 3 1 2 4 4 1 3 1 4 4 2 4 2 2 1 1 3 5 3 4 3 1 2 4 1 5 5 2 3 1 1 3
1 3 4 2 4 5 3 1 3 1 5 4 2 4 1 4 5 5 4 2 1 1 1 5 2 2 2 1 1 1 1 4 4 2 2 2 2 0 4 3 5 1 4 5 3 4 1 3 3 2 2 2 5 5 5 2 2 1 2 4 1 5 1 4 4 5 5 5 3 3 5 3 1 5 3 5 3 5 5 1 1 4 5 2 2 1 4 1 1 5
2 4 2 2 5 2 2 4 3 3 3 2 3 1 3 4 4 5 2 3 4 2 4 2 5 3 4 4 5 5 2 3 2 5 1 4 2 5 0 2 5 3 3 1 2 5 1 3 4 2 1 3 1 4 1 4 4 2 5 2 5 3 1 4 3 4 5 2 5 1 4 3 1 3 4 2 4 4 1 5 3 5 1 1 1 4 2 1 5 5
5 5 3 4 4 3 2 3 4 2 4 2 1 3 3 1 5 1 3 4 5 1 5 5 3 1 2 2 5 5 4 4 1 5 3 3 2 5 3 0 2 1 2 4 1 4 2 5 3 4 2 2 4 4 1 3 1 5 4 4 3 5 5 5 5 4 4 1 5 5 3 1 5 3 3 1 3 4 1 5 1 1 3 4 5 3 1 3 1 4
2 3 4 5 1 5 1 1 4 1 3 5 2 4 1 4 4 4 5 5 3 5 4 3 5 3 4 1 1 1 4 5 2 5 5 1 4 4 2 1 0 2 4 4 1 4 3 3 1 5 2 4 5 1 5 3 4 3 3 4 4 3 5 2 1 5 3 5 3 2 3 1 1 5 4 2 3 4 4 2 3 5 3 2 5 5 2 5 1 4
2 3 3 3 4 5 2 2 3 5 4 4 4 3 1 3 2 1 1 1 5 5 5 3 5 3 3 4 2 3 3 2 3 2 4 1 2 3 3 4 3 0 5 3 3 1 3 1 5 1 2 3 4 4 5 4 4 2 5 1 3 4 1 5 3 1 3 2 3 5 4 1 1 3 1 5 5 4 3 4 4 2 1 5 2 4 3 5 1 5
5 2 2 2 4 3 4 1 5 1 3 5 2 4 1 2 2 4 5 1 1 2 1 2 1 1 1 1 3 2 2 3 4 5 1 3 5 1 1 1 5 1 0 2 2 1 4 2 2 3 4 3 1 5 2 2 1 5 5 4 3 1 5 4 3 4 5 2 5 3 5 5 4 2 3 2 1 5 4 4 2 3 5 2 3 1 3 5 1 5
1 1 3 2 3 1 5 3 3 4 3 4 3 4 3 1 3 4 4 4 4 5 5 5 4 3 2 4 5 2 3 3 4 5 5 3 4 4 1 4 1 2 1 0 2 1 3 3 3 2 3 5 4 4 2 5 1 5 3 4 1 4 4 5 4 2 2 3 2 4 5 4 2 3 1 1 3 4 2 5 4 4 1 1 3 4 3 4 2 3
2 4 4 4 3 4 3 1 2 4 5 5 4 4 3 2 1 5 3 5 3 2 1 4 3 1 5 5 5 5 5 5 3 5 1 5 1 3 5 2 3 2 4 2 0 1 3 5 2 2 1 4 4 5 1 5 1 3 3 1 3 1 3 3 2 1 4 3 5 5 3 1 1 2 4 2 4 1 5 4 2 4 1 2 1 2 5 2 5 5
4 5 4 1 4 4 5 4 5 2 3 2 3 3 1 4 3 5 1 2 5 2 1 4 4 5 3 5 2 1 2 5 5 2 1 1 3 5 4 1 4 4 4 2 2 0 5 3 2 2 1 2 2 3 2 3 5 5 2 2 2 3 4 3 5 5 1 2 5 4 2 2 4 1 2 3 4 4 1 4 2 1 5 5 3 3 4 4 3 5
3 5 4 3 5 5 2 2 1 5 2 5 5 5 1 2 4 3 3 4 2 5 3 5 2 4 1 2 4 5 5 2 1 1 2 3 1 3 2 5 3 4 3 5 5 5 0 4 3 3 1 2 2 2 5 2 4 4 1 2 3 5 2 2 5 3 3 3 2 2 4 5 1 2 4 1 3 2 3 4 1 4 3 4 5 3 4 3 2 4
3 3 4 5 2 5 3 5 4 1 1 1 3 1 3 4 5 3 3 4 2 3 1 1 5 5 3 4 1 3 3 5 4 2 1 4 1 3 1 4 3 5 1 5 5 5 2 0 3 5 3 1 3 1 5 2 5 3 3 2 1 1 4 2 5 5 3 5 3 1 4 4 3 1 3 5 4 3 4 4 5 1 5 4 1 5 3 1 4 4
3 3 5 2 5 5 3 3 2 1 4 1 4 3 4 4 4 2 4 5 4 5 1 1 2 5 1 5 1 1 5 1 5 4 4 3 3 5 5 3 4 2 4 5 5 4 4 3 0 4 2 5 4 5 4 3 5 5 4 4 5 4 3 2 1 5 3 2 4 3 3 5 1 4 4 2 1 1 4 2 2 1 1 4 1 1 2 5 4 1
3 3 2 1 3 1 5 3 2 5 3 1 3 1 1 1 5 4 3 1 5 1 1 3 2 2 2 2 4 2 5 4 3 3 4 3 1 2 2 1 3 3 4 4 4 2 2 1 3 0 3 5 3 3 5 1 3 4 1 5 4 2 4 2 2 2 4 3 3 2 2 4 4 4 4 1 3 5 4 1 2 3 5 2 2 1 5 1 2 2
4 1 5 3 2 5 5 2 1 2 3 4 2 2 1 4 2 5 4 3 4 4 1 2 3 5 5 5 2 3 4 4 5 2 1 5 3 2 2 1 1 2 1 5 4 1 4 3 2 2 0 4 1 2 2 2 4 3 4 3 5 2 5 5 1 5 2 1 4 5 2 1 4 1 2 4 2 5 3 3 4 2 2 2 2 1 2 3 2 4
2 3 4 3 4 4 3 1 5 3 4 1 4 2 5 1 1 3 5 1 3 5 3 3 1 2 2 1 4 4 1 2 2 1 3 5 3 2 1 2 1 2 4 3 1 1 3 3 1 4 3 0 5 2 4 1 3 3 1 4 4 4 1 3 3 4 4 4 2 2 3 5 3 4 4 4 2 2 2 5 2 3 5 4 5 3 2 2 3 4
4 3 1 2 2 2 3 5 3 1 4 1 3 1 4 3 2 2 2 4 1 3 3 3 5 4 4 5 5 5 5 1 1 5 4 1 4 3 2 3 4 5 3 5 1 2 5 3 3 1 1 1 0 3 1 3 4 2 5 2 2 4 3 2 3 1 1 4 3 4 1 3 4 2 1 4 4 4 4 2 2 5 3 5 2 4 4 4 5 5
1 5 1 5 5 2 2 5 3 4 3 2 5 2 4 4 5 1 2 4 4 5 1 3 1 1 1 4 1 1 3 2 4 4 1 5 3 4 3 3 3 4 3 1 2 5 2 4 1 3 2 3 3 0 3 4 5 1 2 3 1 5 5 2 3 5 1 2 4 5 3 4 5 5 2 1 5 4 5 5 4 1 2 2 2 5 2 1 2 2
2 3 4 4 1 5 5 3 4 5 3 3 1 2 4 2 3 4 1 5 3 5 5 3 3 1 1 2 2 2 5 4 2 3 2 2 1 2 4 5 4 3 2 4 2 1 2 3 1 3 4 1 1 3 0 4 4 1 1 5 1 3 2 2 5 1 2 1 3 1 4 2 2 2 5 4 2 4 1 1 3 4 1 5 1 5 4 4 4 5
1 1 4 5 4 2 2 1 1 3 1 2 4 3 5 5 2 1 5 3 4 2 1 3 5 1 2 1 2 3 3 2 2 1 1 3 1 4 4 1 3 2 5 5 1 3 2 2 1 1 2 2 1 4 5 0 2 4 3 5 3 2 4 2 2 3 3 2 4 3 2 1 3 3 1 1 1 4 2 5 4 3 2 3 3 3 1 3 3 2
1 3 1 2 1 4 5 3 2 4 2 2 5 2 3 4 3 5 2 4 3 1 1 2 1 4 4 3 5 2 4 2 5 2 1 5 2 5 5 5 3 2 5 5 4 5 3 4 2 2 3 3 3 3 1 3 0 3 2 4 5 1 4 2 3 5 5 2 3 3 5 2 4 2 1 5 2 4 5 1 2 1 3 4 3 4 5 2 2 1
5 3 5 3 5 2 2 5 1 3 2 5 5 3 2 3 3 2 4 3 4 3 5 1 2 4 5 2 5 2 1 2 3 4 1 3 1 3 5 3 3 2 2 5 4 3 3 1 2 4 4 3 5 3 4 4 4 0 3 2 5 5 1 1 3 4 1 4 5 3 2 5 5 2 3 4 4 5 3 5 1 4 5 5 5 3 3 2 4 3
4 1 3 4 1 3 3 2 1 3 3 2 4 1 5 2 2 4 3 3 5 3 1 3 2 5 3 4 1 2 1 2 2 3 4 2 1 2 2 4 2 4 1 3 2 5 1 4 3 3 3 2 1 1 1 2 2 3 0 4 5 2 5 4 5 2 3 3 5 4 5 1 1 5 4 5 5 4 1 5 3 2 5 1 2 4 4 5 3 5
3 1 1 4 2 1 2 4 4 3 4 3 3 4 1 2 5 2 4 2 2 5 5 3 1 5 1 2 3 5 2 5 4 4 2 3 4 3 5 2 4 3 1 1 1 5 3 3 2 5 4 4 5 2 5 1 4 2 4 0 3 3 5 2 5 1 4 2 2 1 5 5 1 5 3 3 3 5 3 4 5 5 2 4 2 2 2 5 3 3
4 1 1 2 1 3 1 1 5 3 4 2 5 3 4 1 1 1 2 3 1 1 4 1 5 5 5 2 2 2 1 1 2 5 2 3 5 4 3 3 5 1 4 1 2 4 5 3 1 3 5 4 2 1 4 3 1 2 5 3 0 1 4 1 4 1 3 3 1 5 2 5 4 3 5 4 4 5 3 4 4 4 5 5 4 5 2 4 2 1
4 5 5 1 1 2 2 1 2 2 4 3 5 2 2 4 5 5 4 4 3 5 5 4 4 1 5 2 2 4 4 1 1 1 3 4 2 1 5 5 4 4 3 3 5 2 2 2 1 4 3 1 5 4 5 5 3 5 5 1 4 0 4 3 2 3 5 2 3 1 5 1 4 1 3 3 1 4 5 3 5 3 1 3 3 1 4 4 1 2
1 2 1 4 4 3 1 4 5 3 2 1 3 5 5 3 5 1 3 2 2 1 3 3 1 1 1 2 3 2 2 5 2 1 2 2 5 5 4 2 2 2 3 4 2 4 4 4 4 1 5 2 1 4 1 3 3 1 2 3 3 2 0 2 1 4 5 5 2 4 5 4 5 1 1 5 1 1 2 1 4 2 4 4 1 4 3 3 5 1
1 4 1 5 1 4 1 3 5 5 5 4 2 3 4 4 4 4 3 2 1 3 4 2 1 5 4 2 5 5 5 4 5 4 4 1 4 3 1 5 5 5 2 3 2 5 4 4 3 2 1 1 4 3 1 1 2 5 5 3 5 4 4 0 1 2 5 3 5 5 2 1 1 2 1 4 2 5 3 2 3 5 5 3 2 2 2 4 1 1
4 4 4 1 1 1 5 1 3 4 1 3 4 1 3 5 1 1 2 3 3 2 5 1 2 4 3 2 1 5 5 1 1 3 1 1 5 3 1 5 2 1 4 1 2 3 3 4 1 1 3 2 4 4 4 4 4 4 4 1 1 1 2 1 0 3 2 5 1 3 3 3 1 1 5 5 4 2 5 1 2 4 4 5 5 2 2 3 1 4
2 4 2 3 5 5 4 3 1 5 2 4 4 5 5 3 5 5 3 4 2 3 4 2 1 3 4 1 2 2 1 4 5 3 4 1 2 4 2 4 3 4 2 4 3 5 4 1 1 5 3 3 2 5 5 1 4 3 2 5 2 5 5 3 4 0 5 1 5 4 4 1 2 2 2 1 5 2 5 1 1 2 2 3 2 3 2 3 4 1
5 4 2 3 2 4 4 1 5 4 4 2 1 3 2 3 3 2 4 5 4 5 1 1 1 3 5 4 3 3 5 1 1 4 3 1 3 3 2 4 5 2 4 3 5 2 5 4 2 3 2 2 2 5 4 1 5 3 2 3 4 1 2 4 1 4 0 4 5 2 2 2 2 4 5 4 4 2 1 1 1 3 3 2 1 3 1 1 2 4
3 1 2 1 3 1 2 4 2 4 4 5 3 2 1 3 1 4 5 2 5 5 1 3 1 1 3 3 3 3 1 5 2 1 3 1 5 1 5 3 1 4 5 3 4 3 4 2 1 3 4 4 5 2 1 1 2 3 1 3 1 2 3 4 5 5 1 0 2 3 2 1 4 3 4 2 3 5 3 1 1 3 2 1 5 1 5 5 4 4
2 3 5 2 2 3 5 1 4 2 5 3 1 3 3 5 4 3 5 5 2 3 1 1 2 5 3 3 5 3 1 1 4 4 1 5 3 3 5 2 2 4 1 4 4 3 3 5 5 1 4 1 4 4 4 2 5 4 1 4 1 2 1 5 4 4 2 5 0 2 4 1 3 2 5 5 4 3 3 1 3 1 3 1 2 5 5 5 4 1
4 5 4 2 4 1 1 3 3 1 1 2 5 5 2 5 5 4 3 3 5 5 2 1 3 5 1 2 2 4 5 5 5 4 2 4 3 5 1 3 2 3 2 5 1 2 3 2 1 1 1 2 3 4 2 1 4 3 5 3 2 4 1 4 5 5 5 3 1 0 5 1 2 4 5 4 2 3 3 2 2 3 5 3 3 2 1 5 2 4
5 1 1 5 1 3 3 1 5 5 5 5 2 3 3 5 3 5 3 5 4 1 4 5 5 3 4 1 2 5 5 2 2 1 3 3 1 3 5 4 1 1 5 1 5 1 3 3 5 1 1 3 5 1 5 3 2 2 2 4 2 5 3 5 3 4 2 3 3 3 0 1 4 1 4 2 4 3 2 2 3 1 4 1 3 1 4 3 4 2
1 1 5 2 4 5 1 5 5 4 2 3 3 1 4 3 2 2 5 4 2 5 4 2 4 1 4 4 2 2 3 5 3 3 5 5 4 1 1 4 2 1 4 3 2 3 1 3 5 5 1 1 2 2 3 2 5 1 1 4 4 5 4 3 3 1 3 3 2 5 1 0 2 1 4 4 3 5 2 4 3 5 1 5 3 5 4 2 1 1
2 1 1 5 4 1 1 2 2 5 3 5 1 3 4 4 3 3 5 1 3 4 3 1 1 4 5 4 4 1 5 5 1 2 2 1 4 5 2 1 3 4 1 1 1 3 1 5 4 5 2 4 4 4 3 4 2 2 4 1 1 4 3 4 1 3 1 4 5 1 3 4 0 4 5 1 2 3 4 5 4 5 4 2 2 2 1 2 4 2
2 5 5 3 2 5 4 1 1 1 2 2 1 1 4 2 1 4 3 2 3 2 1 5 4 3 3 2 2 3 4 2 2 4 3 1 1 5 4 5 4 3 4 3 1 4 1 1 2 2 4 4 4 5 5 5 4 5 2 3 4 1 3 1 4 3 1 4 3 3 3 4 3 0 1 5 1 4 5 4 5 5 3 4 3 3 4 2 2 1
3 1 1 5 4 5 2 1 3 3 1 1 1 3 3 4 5 4 5 1 4 5 5 4 1 2 3 2 1 5 5 5 3 4 1 3 3 5 1 3 4 5 5 4 3 5 2 5 4 1 1 5 3 5 1 1 3 1 5 3 5 1 3 2 1 3 4 5 2 5 2 5 4 1 0 4 2 5 4 3 2 1 1 3 1 3 5 1 3 3
1 1 1 1 1 1 2 4 1 5 3 2 2 1 3 5 3 2 4 3 2 4 2 1 3 3 3 3 5 2 3 4 2 2 4 1 5 2 4 3 4 5 3 4 3 2 1 2 3 5 2 3 3 1 2 1 1 1 2 3 2 4 4 1 4 3 2 2 4 1 1 5 3 1 4 0 5 5 2 2 3 4 5 2 1 1 4 4 3 4
1 4 3 3 2 4 1 5 1 3 2 5 5 1 4 2 3 2 2 5 3 5 1 4 5 4 1 2 2 3 3 2 5 1 1 5 5 1 2 2 4 3 1 3 3 4 4 3 3 1 1 4 5 5 5 5 3 3 1 1 4 1 1 1 1 4 3 5 4 2 2 2 3 1 4 1 0 4 2 3 3 5 4 4 1 5 1 1 1 3
3 4 3 3 3 4 4 5 3 5 3 2 5 1 2 5 1 3 3 5 4 2 4 4 1 3 3 5 4 4 5 1 2 4 4 5 5 2 5 1 3 2 5 3 3 5 1 2 5 3 5 1 1 1 4 3 3 2 3 3 1 1 1 1 4 1 5 5 5 5 2 1 4 2 4 4 5 0 5 3 2 5 1 5 2 1 3 2 3 5
5 1 5 3 3 1 3 1 2 4 4 4 1 5 3 2 1 5 2 3 3 3 4 2 5 3 4 3 4 1 1 2 3 5 3 2 5 5 2 5 1 5 3 3 2 3 2 2 3 3 1 4 3 1 1 1 2 5 2 4 5 2 4 3 3 3 2 3 4 4 2 2 4 5 2 1 2 1 0 3 2 3 5 4 3 5 1 2 1 5
5 1 1 4 3 2 4 2 1 5 1 1 5 3 1 4 3 3 3 3 1 5 1 4 3 3 1 3 5 3 5 1 5 1 1 1 2 5 2 4 2 2 5 4 1 3 5 1 1 5 5 5 2 5 2 2 3 5 2 3 1 5 2 3 5 2 5 4 4 2 3 1 1 1 3 1 2 3 5 0 5 5 1 2 2 5 5 5 5 2
2 4 4 4 5 3 1 4 1 1 2 1 5 2 4 3 4 4 3 2 2 5 3 3 1 2 1 4 3 2 2 5 4 3 4 5 5 3 4 2 3 3 1 1 4 5 1 4 4 3 3 4 4 3 1 4 5 3 4 1 2 5 3 3 2 5 1 4 4 3 4 4 5 4 5 4 2 3 4 2 0 4 3 5 5 3 4 5 5 1
3 5 1 3 2 1 5 4 2 1 4 2 2 1 1 5 5 1 3 4 3 4 3 1 1 3 4 4 4 5 1 3 2 2 4 5 4 4 2 5 1 3 5 2 2 3 3 2 3 1 4 3 3 2 5 2 2 4 1 3 2 5 3 2 3 1 5 2 5 5 3 2 5 3 2 4 1 5 5 3 1 0 2 3 4 2 1 3 4 2
3 3 4 3 4 2 5 1 4 2 2 5 2 1 2 3 3 5 5 3 2 4 3 1 1 5 1 3 2 1 2 3 2 4 1 5 2 5 3 5 2 4 3 3 4 5 5 1 2 2 1 4 2 1 2 4 3 4 1 3 2 2 3 1 1 2 1 4 2 2 3 5 3 4 4 4 4 1 2 3 5 4 0 2 3 5 5 1 3 1
1 2 5 1 4 4 3 2 4 1 1 3 4 4 5 4 1 3 3 5 3 2 2 1 4 5 5 2 3 1 4 2 3 1 4 1 4 2 2 2 3 5 1 1 1 4 5 3 3 2 3 4 1 4 4 2 4 2 3 2 1 2 2 5 5 4 1 4 2 5 4 5 3 2 2 1 2 4 2 5 5 4 3 0 4 2 5 4 1 4
5 3 5 4 3 4 3 5 4 1 5 4 1 1 1 2 2 3 3 3 5 4 2 3 5 5 1 4 4 1 5 5 2 1 5 5 5 1 5 3 3 1 5 4 3 5 5 2 2 2 5 4 2 4 1 2 5 4 4 4 3 4 3 5 3 3 2 5 1 4 4 1 4 5 5 4 5 3 2 5 2 4 3 5 0 5 1 4 2 3
5 3 2 2 2 2 2 2 1 1 2 3 1 2 1 1 3 1 3 1 1 2 5 3 2 1 3 4 5 4 2 5 3 1 5 5 4 3 4 4 4 2 1 2 4 3 1 3 4 4 3 3 4 5 1 2 4 2 4 4 1 5 2 5 4 2 5 1 1 4 2 3 5 4 5 1 2 1 2 5 3 2 4 1 1 0 2 2 1 2
4 5 2 3 4 1 2 1 5 2 1 1 3 2 5 4 4 3 5 5 1 1 3 3 5 4 2 2 2 2 3 3 4 3 5 2 4 3 2 3 3 3 4 2 4 2 4 1 4 1 3 3 2 1 3 5 2 1 4 1 2 3 2 2 4 3 4 5 4 1 2 3 1 2 3 1 4 2 2 2 2 5 2 2 1 3 0 2 1 5
3 5 2 2 4 2 1 1 4 5 1 2 5 1 1 3 3 5 2 5 1 5 5 3 1 5 2 2 5 4 2 4 2 1 2 1 5 5 1 3 5 4 4 1 1 5 3 2 2 1 4 3 4 5 3 2 1 2 5 4 1 1 2 4 3 2 5 2 4 3 1 1 2 2 4 2 4 4 1 3 3 1 3 3 5 3 4 0 3 1
5 5 4 1 3 5 2 4 4 1 2 5 4 3 2 1 2 4 3 2 5 1 4 3 4 4 3 5 5 4 4 3 3 1 1 4 3 2 5 2 5 2 2 3 1 1 3 2 2 2 1 3 2 3 3 3 3 5 1 3 4 2 2 1 4 1 5 3 1 3 2 2 2 1 4 3 5 1 5 4 4 1 5 5 3 3 1 4 0 2
5 3 2 1 2 4 3 4 3 3 3 1 5 1 4 1 2 1 3 3 5 2 4 5 4 4 4 2 2 1 1 1 2 2 1 3 5 2 1 5 2 4 2 2 4 4 3 3 3 3 2 3 2 2 3 2 5 2 1 5 2 4 4 3 1 1 2 2 4 4 1 5 4 2 2 2 5 3 3 3 3 2 5 3 3 5 1 2 5 0
56 25 38 41 37 83 68 1 30 4 85 32 68 62 24 51 36 76 33 20 21 37 45 33 12 46 47 10 33 32 23 58 23 31 77 76 41 67 86 12 27 76 29 13 61 53 39 6 3 25 51 16 11 23 11 25 24 66 24 42 72 74 63 61 78 63 76 78 3 75
25 44 60 30 53 26 78 71 85 56 83 64 27 31 6 61 52 12 15 17 26 31 18 52 72 63 37 70 36 28 48 72 34 42 28 84 4 60 75 79 5 24 90 76 85 71 4 38 70 40 56 61 85 27 58 72 63 61 63 89 85 33 53 54 81 60 34 32 5 7
42 87 39 26 60 55 26 70 79 86 82 90 23 20 11 12 50 38 59 7 6 70 26 12 29 39 50 90 43 42 19 27 8 38 35 17 79 5 24 87 39 71 73 79 47 61 23 81 72 71 63 17 23 3 60 7 37 4 73 79 5 47 69 89 17 51 44 67 46 20
22 15 54 8 75 88 27 10 32 20 15 72 67 87 33 86 41 83 68 53 24 20 38 17 89 12 38 38 48 21 56 31 42 61 87 66 42 28 50 72 51 79 80 70 17 76 9 85 12 68 88 34 70 29 87 18 85 77 88 38 10 4 2 27 72 64 5 16 57 73
86 75 33 35 24 57 85 2 80 59 61 42 80 32 86 4 43 44 20 22 4 22 25 53 4 36 54 73 23 65 90 18 76 43 36 51 18 25 40 14 87 73 13 55 44 28 3 56 38 70 19 6 39 82 70 55 59 12 57 23 63 18 72 18 28 24 2 35 32 74
40 24 47 64 31 85 21 50 11 83 75 22 45 48 30 60 24 30 14 62 54 19 71 5 63 6 53 64 69 43 58 85 25 20 32 72 50 21 35 40 38 52 36 18 88 62 15 54 16 13 85 18 49 2 68 21 87 70 10 54 47 69 58 64 38 27 35 33 54 43
77 34 4 1 3 63 29 34 31 72 88 51 38 53 84 1 20 81 53 30 70 16 75 61 32 86 85 20 66 78 86 83 77 24 73 88 62 29 84 33 77 63 55 21 60 14 7 14 78 6 65 8 89 87 69 38 16 8 17 86 46 41 25 85 16 5 48 42 42 16
80 9 70 82 49 81 3 19 45 76 59 84 61 56 1 28 34 61 78 9 1 33 40 14 31 40 44 12 31 64 60 52 53 88 17 42 86 82 48 75 68 88 30 59 63 87 42 66 62 63 12 77 45 83 32 42 2 47 47 33 26 32 55 39 48 53 73 61 60 56
57 61 19 29 16 53 6 6 10 32 77 45 54 64 55 26 10 85 25 79 62 39 21 37 69 50 45 26 42 66 61 60 74 34 62 31 8 76 4 37 34 45 86 28 73 10 10 11 59 48 75 22 17 63 59 57 35 25 54 61 78 78 28 68 63 26 13 87 13 31
90 10 1 70 47 70 60 25 77 49 32 38 58 54 75 79 5 16 55 71 8 1 55 57 13 45 62 59 71 34 49 80 35 83 16 44 44 89 10 70 24 69 68 83 25 27 71 46 56 16 22 32 60 39 27 78 42 54 28 68 11 89 66 82 35 73 3 2 2 5
7 49 79 51 76 84 20 44 14 34 89 56 28 61 29 8 73 56 49 43 87 35 90 70 24 65 84 9 7 90 67 61 27 18 65 24 59 37 88 60 84 51 54 89 22 51 73 15 86 89 41 38 16 42 21 30 9 24 8 73 27 45 42 74 65 89 67 47 49 53
61 57 42 62 80 5 70 41 70 9 65 15 43 11 71 9 21 52 26 2 20 47 11 13 22 81 10 41 28 45 20 56 38 85 61 13 16 50 83 28 67 53 64 26 69 43 82 45 32 56 68 78 40 12 71 53 18 85 6 4 43 73 45 50 60 20 17 30 64 48
29 23 2 22 82 14 40 12 6 27 27 16 41 77 34 22 16 50 58 48 81 43 82 89 50 75 72 11 52 10 2 89 63 66 59 9 70 6 80 88 42 77 85 85 19 1 70 86 81 26 89 31 13 25 13 24 64 22 56 78 6 8 51 63 52 59 68 64 7 18
69 13 72 49 86 59 18 74 4 66 7 14 9 33 87 5 32 49 88 89 22 87 23 78 46 3 6 66 15 41 15 63 65 30 90 59 9 71 32 35 61 65 50 75 49 82 36 18 65 15 60 41 67 14 90 26 49 43 12 35 40 66 44 51 11 72 57 90 48 47
47 42 12 66 70 18 34 62 18 64 55 53 60 90 52 15 39 7 39 51 80 76 22 31 85 56 25 80 78 6 27 26 59 22 49 56 76 84 68 56 7 85 8 15 2 22 12 78 74 83 61 4 31 67 6 63 71 35 52 21 70 25 17 23 23 46 49 9 68 63
62 27 83 32 57 50 37 64 55 67 30 33 76 50 64 59 35 51 86 77 77 13 29 32 40 78 4 37 56 19 32 9 17 51 66 49 64 79 61 59 29 58 44 57 18 44 6 60 50 53 37 49 9 45 17 28 38 33 51 67 75 90 18 72 56 79 21 14 58 67
45 4 10 9 12 49 12 23 83 41 52 2 44 38 32 62 9 70 90 14 57 73 69 10 76 37 86 42 38 46 7 17 39 47 40 75 51 20 38 8 53 46 20 69 71 32 52 75 39 29 66 85 44 31 80 34 39 86 49 84 69 84 67 66 2 3 47 4 22 9
66 36 88 23 51 22 51 5 84 60 26 81 25 59 57 81 4 68 87 73 89 23 65 18 25 23 83 7 64 87 80 67 41 1 39 21 54 22 28 23 80 67 35 78 11 56 77 49 37 34 18 50 1 74 20 74 48 1 50 41 41 15 89 52 50 55 58 85 83 83
65 84 90 10 85 42 10 67 41 45 19 77 66 35 85 29 81 5 8 42 64 45 83 71 52 35 18 5 40 5 43 53 60 76 81 45 30 42 45 67 47 78 60 7 24 88 20 5 61 50 8 80 83 38 8 56 6 69 71 80 86 17 85 30 76 66 63 81 63 62
46 71 51 84 74 16 25 30 22 16 73 29 77 3 49 7 46 9 2 81 56 85 13 45 19 82 55 17 37 44 75 54 5 21 44 36 25 70 11 69 79 34 37 22 90 31 37 64 85 73 54 90 56 4 84 51 40 62 75 34 18 39 14 48 54 86 9 46 10 45
26 51 32 13 50 41 73 3 57 15 53 21 29 1 62 72 3 26 40 87 84 34 5 85 66 1 51 56 57 2 18 30 78 37 33 61 72 47 16 81 4 47 63 84 41 7 49 12 58 1 5 33 74 65 37 54 29 3 60 10 39 23 10 81 47 52 66 1 73 77
8 82 76 85 79 12 80 40 25 74 62 35 22 9 44 85 70 41 27 28 69 88 6 81 47 70 77 6 79 24 84 39 90 64 4 18 3 81 2 45 23 70 71 3 1 47 80 34 57 43 38 71 63 17 24 49 58 21 15 81 35 77 88 34 7 36 80 73 66 25
82 48 13 20 63 25 9 77 49 23 37 47 50 83 37 17 33 63 1 50 18 82 44 34 2 25 68 3 59 84 38 81 48 10 83 10 61 88 64 73 81 72 31 20 4 48 44 72 53 7 58 12 88 90 33 33 13 13 90 76 29 14 82 59 73 43 36 39 74 6
31 58 29 73 39 19 14 82 67 84 29 69 8 18 88 77 83 64 70 41 25 54 20 16 3 29 78 35 44 67 83 51 30 73 31 62 40 55 15 53 28 64 11 58 53 86 25 87 24 79 78 87 55 6 72 2 32 49 66 46 68 52 41 60 83 77 60 72 6 11
4 50 45 72 18 60 56 4 73 18 60 54 13 12 28 6 72 54 83 32 2 46 15 63 84 17 31 58 11 4 88 7 85 2 2 47 90 27 3 46 26 37 81 34 6 9 86 17 8 69 69 89 82 71 14 52 27 28 46 62 13 63 56 36 86 35 81 8 12 82
60 32 56 52 73 77 38 69 65 57 58 18 1 68 21 46 88 18 61 66 39 8 77 27 68 7 57 79 83 72 74 43 10 53 69 82 56 15 76 54 40 23 66 6 86 75 79 69 36 3 33 14 33 77 74 10 82 52 43 70 56 10 12 71 6 11 78 45 55 70
15 38 21 11 27 1 31 52 54 11 34 65 15 37 5 35 79 65 56 65 75 48 43 50 45 87 60 57 77 70 3 3 49 52 45 14 34 38 51 41 71 90 39 77 64 35 68 88 30 60 24 36 87 58 1 88 36 84 42 18 54 28 59 43 34 38 11 24 67 84
16 60 68 34 15 13 49 20 61 71 33 61 55 39 42 36 86 36 81 58 29 38 7 41 51 13 13 85 17 38 26 20 33 44 74 19 23 53 52 84 59 75 82 56 13 64 58 19 29 46 4 51 12 36 83 5 70 44 9 27 3 9 52 11 41 31 26 55 87 85
37 56 84 3 32 67 44 18 19 38 50 27 4 45 14 68 28 77 18 67 82 27 24 77 59 71 52 2 90 13 72 25 71 9 22 28 43 90 41 30 45 84 3 29 62 65 48 90 25 55 84 43 58 52 38 13 77 16 7 83 80 81 60 6 80 41 59 80 28 90
50 39 15 81 6 52 75 60 50 90 18 76 18 78 58 55 82 37 65 86 58 83 88 62 20 31 22 81 73 11 64 79 79 35 38 58 28 36 36 38 86 74 45 11 36 16 61 44 88 20 32 26 75 47 9 1 90 36 65 47 90 64 78 38 75 1 43 62 36 24
5 37 66 0 1 3 45 15 28 61 70 28 71 2 48 37 27 46 69 64 10 74 64 39 79 51 66 24 30 73 59 1 18 75 7 16 12 48 27 68 85 43 17 66 45 69 65 23 64 86 52 64 34 44 85 36 25 59 18 48 0 1 49 47 22 54 77 54 8 4
85 35 20 0 87 46 0 90 17 25 42 87 16 21 38 25 1 43 30 0 52 67 16 19 23 52 58 72 0 47 50 36 28 67 50 8 52 54 0 64 19 6 5 67 57 0 85 24 0 27 30 56 2 26 15 19 1 0 55 13 0 88 15 4 69 37 55 17 75 50
35 45 0 0 0 47 0 0 69 30 20 75 78 0 72 67 55 0 0 0 0 10 14 49 35 55 73 76 0 89 29 73 13 15 86 22 78 0 0 82 49 0 53 47 39 0 13 28 0 57 10 54 8 0 81 79 0 0 48 2 0 40 0 78 29 40 86 0 29 52
68 62 0 0 0 72 0 0 1 54 78 0 0 0 0 53 17 0 0 0 0 4 0 0 0 66 87 65 0 0 33 0 52 84 34 4 74 0 0 0 52 0 78 87 16 0 11 35 0 0 9 86 59 0 42 45 0 0 79 26 0 13 0 25 9 0 7 0 27 19
75 12 0 0 0 0 0 0 36 31 3 0 0 0 0 78 0 0 0 0 0 65 0 0 0 88 40 19 0 0 65 0 83 23 9 23 0 0 0 0 15 0 0 25 82 0 72 52 0 0 0 62 68 0 61 77 0 0 69 36 0 30 0 53 74 0 0 0 86 37
87 46 0 0 0 0 0 0 15 46 0 0 0 0 0 82 0 0 0 0 0 49 0 0 0 69 19 78 0 0 87 0 57 63 29 0 0 0 0 0 20 0 0 17 54 0 41 0 0 0 0 30 37 0 0 0 0 0 38 19 0 71 0 65 1 0 0 0 19 38
0 20 0 0 0 0 0 0 0 58 0 0 0 0 0 84 0 0 0 0 0 64 0 0 0 0 3 63 0 0 53 0 66 50 67 0 0 0 0 0 56 0 0 35 0 0 27 0 0 0 0 15 76 0 0 0 0 0 1 69 0 70 0 80 55 0 0 0 0 35
0 0 0 0 0 0 0 0 0 52 0 0 0 0 0 31 0 0 0 0 0 9 0 0 0 0 0 32 0 0 89 0 31 16 11 0 0 0 0 0 12 0 0 0 0 0 0 0 0 0 0 0 62 0 0 0 0 0 59 22 0 38 0 21 0 0 0 0 0 44
0 0 0 0 0 0 0 0 0 82 0 0 0 0 0 89 0 0 0 0 0 0 0 0 0 0 0 0 0 0 41 0 45 0 47 0 0 0 0 0 33 0 0 0 0 0 0 0 0 0 0 0 35 0 0 0 0 0 0 0 0 56 0 0 0 0 0 0 0 0
0 0 0 0 0 0 0 0 0 55 0 0 0 0 0 88 0 0 0 0 0 0 0 0 0 0 0 0 0 0 0 0 0 0 30 0 0 0 0 0 0 0 0 0 0 0 0 0 0 0 0 0 26 0 0 0 0 0 0 0 0 0 0 0 0 0 0 0 0 0
