70 90 40 30 40
4
1
5
3
2
2
2
3
5
1
1
3
5
3
1
2
5
5
1
5
4
3
2
5
4
2
4
2
5
3
5
5
5
2
5
1
5
3
2
5
3
2
4
2
3
2
1
3
3
1
4
5
4
1
5
3
2
5
1
5
2
2
4
3
3
2
5
5
2
5
2
5
5
2
1
5
5
2
2
5
4
2
5
2
2
5
4
3
1
3
0 5 4 3 4 2 2 3 1 3 3 4 1 3 4 3 2 3 2 3 2 1 5 4 2 4 1 5 3 2 5 5 2 1 2 2 2 2 4 5 4 1 1 4 2 1 3 4 2 5 2 2 1 4 3 1 1 1 2 4 5 1 3 5 3 4 1 4 5 5 2 1 4 3 2 2 4 5 1 1 4 2 2 3 3 5 5 1 3 2
3 0 2 4 1 3 4 2 4 5 4 2 1 5 2 1 5 4 4 2 3 2 1 3 1 2 3 2 4 4 1 2 4 4 3 2 2 3 4 3 4 1 1 5 1 4 2 2 5 4 4 4 3 2 4 5 5 1 5 5 3 3 5 2 5 2 4 4 5 3 4 4 2 1 5 3 5 2 3 2 1 3 1 4 2 5 3 5 2 4
3 5 0 4 1 1 4 5 5 3 5 3 3 3 5 3 1 4 4 4 2 5 2 3 5 2 4 5 3 3 4 3 2 3 1 2 3 5 4 4 3 4 1 1 1 3 2 3 4 2 5 3 1 2 4 2 1 5 1 1 1 2 3 1 3 5 3 2 3 3 4 1 3 2 1 3 4 4 2 5 1 4 4 5 5 3 3 4 2 1
1 5 4 0 5 5 3 3 5 5 2 4 3 3 5 4 3 2 3 5 5 4 2 5 3 5 2 3 2 5 1 3 5 3 4 3 2 3 2 5 3 5 4 4 2 2 1 1 3 2 5 5 3 4 5 1 5 5 1 4 5 3 5 2 2 4 5 2 5 3 4 1 3 1 4 4 3 1 3 5 2 1 4 2 4 3 5 2 5 2
1 2 4 2 0 3 2 2 5 4 2 5 2 1 5 5 3 1 2 2 1 2 1 4 2 3 4 1 2 1 2 5 3 5 2 5 2 2 1 4 1 1 4 2 5 3 1 3 4 2 3 3 2 4 1 4 2 5 1 5 2 2 5 5 2 3 4 4 5 5 1 2 1 1 5 5 5 3 2 3 3 3 5 3 1 5 4 5 5 2
3 4 2 4 1 0 5 5 3 5 5 1 5 5 2 2 4 2 4 4 1 1 5 3 1 1 2 1 4 5 5 5 3 1 5 4 3 4 5 4 1 3 3 2 1 5 1 3 3 2 1 2 2 4 3 4 2 1 3 3 4 2 5 5 1 1 4 4 1 2 1 4 1 4 2 1 4 2 5 1 1 3 4 4 5 2 2 5 4 2
3 4 3 2 5 3 0 3 5 5 5 2 3 1 4 2 4 5 3 2 1 5 4 1 3 4 4 5 3 1 3 2 3 3 1 3 3 3 3 3 3 4 3 3 5 5 4 3 4 2 4 4 5 2 4 1 5 4 1 1 5 5 2 2 4 4 1 4 3 2 4 1 5 2 3 3 5 1 2 4 4 5 1 3 5 3 2 3 1 5
1 4 4 2 5 5 5 0 2 1 3 1 1 1 5 4 5 1 3 1 1 4 4 4 3 5 3 3 5 3 4 1 2 4 4 1 2 5 1 1 5 5 1 2 1 4 4 4 4 2 2 1 3 4 4 2 5 1 2 1 1 3 5 4 5 4 2 3 4 5 1 1 1 4 4 1 5 2 1 4 4 2 4 3 3 4 2 4 3 1
4 5 1 2 2 2 5 4 0 1 5 4 5 3 5 1 4 5 5 4 4 4 5 1 3 4 2 1 2 5 1 5 2 1 2 1 2 5 3 4 3 4 3 2 2 2 3 3 2 4 5 2 3 1 3 3 5 3 5 1 2 3 4 3 5 3 3 4 4 3 1 1 4 3 3 4 4 1 2 4 1 2 5 2 4 4 4 4 4 2
5 1 4 2 1 1 1 5 1 0 2 4 1 1 4 2 2 3 2 2 1 3 1 2 1 4 3 5 5 1 3 4 5 5 5 4 3 2 1 2 4 3 3 5 1 4 3 4 2 2 2 2 1 1 5 3 1 5 1 1 3 1 1 5 3 3 1 5 4 4 4 2 1 2 4 5 2 1 1 4 1 1 5 4 3 5 3 1 1 5
2 1 5 3 1 2 5 2 1 4 0 1 2 2 2 1 1 3 3 2 3 2 2 5 1 1 5 3 5 2 3 1 4 3 3 5 5 3 4 3 5 3 1 1 5 4 4 5 1 4 2 2 3 4 1 3 3 3 4 3 3 2 4 2 3 1 5 2 4 4 5 2 4 4 3 2 5 3 3 4 5 2 2 5 4 5 3 2 5 5
5 3 3 3 3 4 3 3 3 2 3 0 3 4 1 2 2 5 5 5 5 5 2 2 2 3 4 1 3 3 3 3 5 4 5 2 4 2 1 5 3 1 5 5 4 3 4 3 4 4 5 2 3 5 1 5 4 4 4 1 5 1 3 1 5 1 4 5 3 3 1 4 1 5 2 4 1 3 2 5 5 2 3 2 2 1 3 4 3 5
2 3 5 4 4 3 3 5 4 1 4 5 0 4 3 5 1 5 5 5 1 4 4 3 4 3 5 1 5 1 5 2 3 4 5 2 3 1 5 2 5 2 4 5 5 2 5 3 1 4 3 2 3 4 5 3 5 3 4 3 3 2 4 4 3 3 1 3 2 4 1 2 3 3 2 4 1 3 1 3 1 5 5 4 1 4 4 2 4 4
5 3 4 5 5 3 3 4 2 5 5 5 5 0 2 2 4 2 3 1 3 5 1 3 5 4 2 3 4 2 1 5 3 3 3 2 5 3 2 3 4 5 2 4 5 1 1 4 3 2 2 5 3 2 2 2 5 4 1 5 1 4 1 2 3 5 1 3 3 1 3 2 4 1 1 4 5 3 1 5 1 3 1 3 1 3 1 3 4 4
5 5 5 5 1 3 5 3 3 1 4 5 3 5 0 2 5 4 3 4 1 3 4 2 2 1 1 4 4 3 2 5 1 4 3 4 5 2 4 2 1 2 5 5 2 2 1 3 1 2 2 3 5 2 1 2 4 4 4 2 5 4 3 4 1 1 3 1 1 3 4 2 3 3 1 4 3 2 1 3 4 3 5 3 5 3 2 3 5 4
4 5 5 4 3 5 4 5 5 4 1 3 2 5 4 0 2 4 1 2 2 5 2 3 1 3 5 4 3 2 2 1 1 4 3 2 5 2 2 4 3 1 2 3 5 3 2 2 1 1 1 4 5 4 3 4 5 1 1 2 4 5 4 4 3 5 2 5 3 3 2 2 5 2 3 4 2 1 5 5 4 1 4 1 3 5 4 1 2 5
2 3 2 4 1 1 2 5 1 4 3 4 3 3 1 5 0 4 2 1 4 5 3 1 3 3 5 4 4 2 4 3 4 3 1 2 2 1 5 5 3 4 5 5 5 1 4 1 5 4 1 1 5 5 2 2 1 4 2 5 2 3 3 3 1 1 2 4 1 5 4 1 1 4 5 2 1 2 2 5 4 2 5 5 4 5 5 1 4 2
1 5 3 5 1 4 5 3 1 4 4 1 4 4 4 2 1 0 1 4 5 5 1 2 3 3 3 2 4 3 5 5 2 3 4 2 2 4 1 2 3 5 1 3 4 4 2 3 1 5 5 3 5 3 5 2 5 1 3 5 3 2 3 2 5 2 3 4 3 1 2 2 2 1 5 1 2 4 5 4 4 3 5 4 3 2 1 2 4 4
4 2 4 3 1 1 5 3 4 1 5 5 1 1 5 1 2 4 0 2 5 1 4 4 3 5 1 4 3 4 2 1 4 1 2 1 5 3 4 3 1 5 3 4 2 2 1 3 5 4 4 5 5 4 3 5 5 4 3 3 2 1 1 2 2 4 4 4 4 2 2 4 2 4 2 5 3 1 1 1 5 3 2 4 5 1 2 5 5 3
4 3 5 4 2 5 1 2 2 3 2 5 1 2 5 1 5 5 4 0 4 2 5 4 2 2 4 5 5 2 4 2 5 3 4 1 2 1 1 1 5 2 4 1 3 1 3 2 4 2 1 3 1 3 4 4 5 3 2 1 1 1 4 2 1 5 3 3 4 1 3 3 4 5 5 5 4 1 5 1 3 2 5 1 3 2 4 2 3 2
2 3 2 5 5 5 3 2 1 2 5 4 1 2 4 1 4 2 4 2 0 5 1 3 3 3 1 5 1 4 5 5 2 4 2 1 5 1 5 5 4 4 2 5 3 4 3 1 5 5 4 4 4 1 3 3 4 5 1 4 2 1 2 4 2 4 3 5 4 4 4 5 4 5 5 4 4 2 2 2 2 1 4 2 2 5 5 2 4 2
3 2 1 2 2 2 3 3 4 4 2 1 1 2 3 5 2 5 3 5 5 0 1 5 2 5 1 3 1 1 4 2 1 4 5 3 4 2 5 1 4 3 3 4 1 2 2 2 5 5 2 5 4 1 3 3 3 3 4 2 4 4 5 2 4 1 1 3 4 5 4 3 4 1 1 1 5 4 2 1 2 2 5 5 5 3 5 5 1 5
4 2 2 1 3 5 5 4 5 4 1 3 2 2 4 5 1 2 2 5 1 3 0 3 5 4 2 4 2 3 1 1 2 4 4 5 3 4 4 5 5 5 1 2 4 3 4 1 3 5 5 3 5 3 5 5 1 1 4 4 3 4 3 2 4 2 4 5 3 1 1 3 3 3 5 2 3 2 4 1 4 5 5 5 3 2 5 2 2 1
2 2 4 4 2 2 1 2 4 4 3 1 3 5 2 4 4 2 2 5 4 3 3 0 1 3 4 3 2 4 1 4 5 1 2 5 3 2 3 1 5 4 5 4 2 1 1 2 2 4 2 4 1 2 4 2 2 1 3 4 5 2 2 4 2 5 3 5 1 4 3 4 1 4 2 1 3 2 4 2 1 2 3 5 2 1 4 2 3 3
1 5 1 5 3 3 2 3 5 5 2 1 1 5 3 4 1 4 5 5 1 3 3 2 0 1 5 4 3 3 5 5 4 5 2 3 4 4 3 5 5 1 3 1 3 1 3 5 1 1 3 3 1 2 5 4 2 4 5 5 4 4 2 5 4 5 3 1 3 3 4 1 2 4 3 1 5 3 1 3 1 2 2 3 2 1 2 1 1 4
2 2 5 2 2 1 2 4 2 1 1 4 2 5 4 5 4 3 4 2 3 3 1 5 2 0 4 2 3 3 4 2 1 4 4 4 2 3 5 3 5 3 3 3 5 2 5 5 3 3 2 5 2 5 5 1 3 1 4 5 1 5 2 5 1 2 3 3 4 2 2 3 1 1 1 4 1 2 2 4 2 2 3 3 2 3 3 3 1 2
2 3 4 2 2 2 2 2 2 3 4 2 1 2 2 4 2 4 1 2 4 3 5 3 2 4 0 3 2 2 5 3 5 3 2 4 2 2 4 5 2 1 1 2 5 4 1 1 5 3 5 3 2 4 3 3 2 2 1 3 2 2 5 2 5 5 3 3 1 5 4 5 2 2 1 4 5 4 3 5 2 2 5 4 3 5 2 5 2 5
1 3 2 4 2 2 2 1 3 4 5 3 2 1 2 2 5 2 2 1 4 2 5 2 5 4 5 0 1 1 1 4 4 1 2 5 4 1 1 5 1 4 2 1 1 4 5 2 2 5 4 1 1 2 4 3 3 5 3 1 4 1 2 5 2 4 3 1 4 1 2 1 1 3 2 2 5 4 3 4 5 5 4 3 2 5 2 4 5 2
1 3 2 1 3 2 2 3 2 5 3 3 2 2 2 1 3 4 4 3 5 3 2 5 1 4 5 5 0 3 2 4 4 2 2 3 2 1 1 2 5 3 3 4 3 2 5 2 4 5 4 1 1 1 4 2 5 2 5 2 5 5 1 1 4 5 5 4 4 5 1 1 2 3 5 1 2 3 3 1 1 5 5 5 5 2 5 2 5 4
2 4 3 3 3 3 1 2 3 4 2 1 3 3 3 1 4 5 2 1 4 3 5 1 5 3 1 5 4 0 4 3 3 2 4 3 1 1 3 4 5 5 1 3 4 3 3 2 1 4 1 1 2 2 3 5 4 1 1 4 2 1 5 4 4 2 1 4 3 1 5 2 2 1 5 2 1 2 4 3 4 1 2 4 5 5 3 5 3 5
1 2 5 1 2 4 3 2 2 3 3 1 3 5 3 5 4 5 2 5 2 5 5 5 2 3 5 2 4 3 0 2 4 2 1 3 1 3 3 1 3 2 2 1 3 3 1 2 2 1 5 4 1 2 5 2 1 4 5 4 5 3 2 5 4 5 4 5 3 1 1 2 4 1 3 2 1 1 3 3 1 1 3 1 1 3 5 3 5 4
2 4 3 3 5 5 1 3 3 5 1 1 5 3 2 4 1 2 2 4 1 3 1 4 5 5 2 5 4 1 1 0 3 5 5 3 2 5 5 4 4 2 4 2 4 3 5 5 1 2 1 3 2 2 2 2 2 3 2 1 1 4 3 1 2 1 2 2 1 5 5 5 2 2 2 5 1 1 2 3 1 1 5 1 1 3 5 2 1 3
4 5 1 1 4 1 4 2 3 4 5 5 5 1 4 4 3 1 3 4 4 5 5 3 2 5 5 5 4 2 1 4 0 3 3 4 4 4 3 1 5 5 2 2 2 1 4 5 1 5 1 4 1 3 5 1 4 3 5 1 3 3 4 5 3 3 4 2 3 2 1 4 1 3 5 1 4 5 1 4 3 5 2 4 3 5 1 5 2 3
4 4 1 2 2 1 2 3 4 3 2 3 3 5 5 4 5 5 4 1 4 5 2 1 1 1 3 3 2 2 4 4 1 0 5 2 5 3 5 3 3 5 3 1 5 5 4 1 5 5 4 3 4 4 3 2 4 3 1 5 1 4 3 4 3 2 5 2 4 1 5 1 4 1 5 1 5 4 4 1 4 3 1 2 1 5 1 1 1 3
4 4 4 3 1 3 1 3 2 1 5 5 3 1 5 4 2 3 4 1 3 1 4 1 1 5 3 1 2 3 5 2 4 3 0 2 3 4 4 4 3 1 2 1 4 3 5 4 2 4 5 3 2 5 5 4 5 1 5 5 3 1 3 3 2 5 2 1 3 2 2 5 1 1 2 2 5 2 4 4 2 5 3 5 2 4 3 5 5 4
2 5 5 4 1 4 1 2 3 4 4 2 1 1 1 3 5 1 4 4 2 2 2 2 1 2 2 4 4 5 4 4 3 2 1 0 3 3 4 1 5 5 3 1 4 3 4 1 2 5 2 1 2 5 2 2 1 4 4 4 3 1 4 2 2 4 5 3 4 4 4 3 1 2 3 5 1 5 5 5 2 4 3 1 1 5 1 5 4 1
4 3 4 2 3 2 2 2 3 1 5 4 3 3 4 2 2 3 2 5 1 1 3 4 5 2 5 3 5 2 1 3 1 4 1 1 0 4 3 2 5 2 3 4 5 2 4 1 1 3 2 1 4 3 5 1 1 1 5 1 3 5 1 4 2 3 1 2 5 1 3 5 4 2 4 5 2 3 3 3 4 5 4 1 2 5 1 5 3 1
2 3 4 3 4 4 3 4 2 5 3 5 4 1 1 4 4 3 3 4 5 4 5 3 3 4 3 5 5 4 5 1 5 3 1 5 2 0 5 1 4 1 2 2 3 4 2 1 1 1 1 5 2 2 4 4 1 3 3 5 2 4 1 1 3 1 2 4 5 5 2 4 4 3 2 3 3 3 4 2 4 2 4 5 3 4 4 2 3 5
3 3 2 3 2 3 5 2 2 5 4 4 2 2 5 4 1 5 3 4 2 1 1 2 2 3 3 1 2 3 2 1 2 3 2 1 4 4 0 2 2 1 5 4 2 3 1 3 4 1 3 4 5 3 2 3 3 4 2 3 2 2 2 1 2 4 5 4 4 3 1 3 2 3 3 3 5 1 3 1 5 2 3 4 4 2 3 3 4 2
4 5 1 5 3 4 4 2 2 3 5 3 1 1 3 5 1 4 5 2 5 1 5 3 1 4 1 5 4 5 2 3 5 1 3 2 1 3 2 0 4 1 4 1 4 2 2 3 5 2 4 5 2 5 2 4 2 5 1 1 1 5 2 1 4 4 1 3 2 3 5 2 4 4 4 3 2 1 1 3 1 3 4 5 5 3 4 1 1 2
3 2 4 5 1 3 5 2 3 1 3 4 3 1 5 3 2 1 2 4 1 5 4 5 2 1 1 1 1 2 3 1 1 5 4 5 4 5 4 5 0 1 5 5 2 4 2 4 4 2 4 1 2 2 5 2 5 1 1 3 1 1 3 5 1 5 5 1 5 1 3 3 1 4 2 4 4 2 1 4 3 4 3 1 2 5 1 2 3 5
4 2 4 3 4 3 3 5 1 4 4 5 5 2 5 1 1 1 1 3 3 2 1 3 3 3 4 2 5 4 3 2 3 2 5 4 3 4 2 1 3 0 2 5 5 1 2 5 3 4 3 1 4 2 2 5 5 4 1 5 2 2 5 5 1 3 2 4 1 5 5 5 1 5 4 1 5 5 1 1 1 5 3 3 4 5 3 5 3 3
1 3 1 3 1 2 3 2 2 3 2 3 4 2 1 4 1 1 2 3 5 1 4 2 1 4 2 4 2 2 1 1 2 3 3 5 4 1 1 4 1 3 0 5 5 3 2 2 1 3 4 5 1 2 4 5 2 4 5 5 2 1 5 3 4 2 4 4 4 1 2 5 4 3 5 2 1 5 1 2 4 2 3 5 3 1 5 5 5 4
4 3 2 3 5 5 5 4 1 1 5 1 3 5 2 1 3 4 4 2 4 4 3 5 5 3 4 1 2 1 4 1 1 4 4 1 4 4 2 1 4 4 5 0 3 2 4 3 5 5 2 5 4 3 3 3 4 2 1 4 1 4 1 3 2 4 2 3 5 5 5 5 3 1 1 4 2 1 3 2 1 2 1 4 2 3 4 3 1 3
4 5 3 1 4 2 5 1 1 1 1 5 4 3 1 2 2 2 4 4 3 4 2 1 3 5 4 4 2 5 1 1 3 1 1 2 1 1 2 4 4 5 1 3 0 4 2 1 5 4 2 1 4 3 4 3 5 2 2 1 3 2 4 5 3 3 1 3 1 2 1 5 3 3 2 5 2 1 5 2 3 3 4 5 2 1 4 2 4 5
5 3 5 5 4 5 1 3 1 5 3 4 2 1 5 1 5 1 1 2 4 2 1 3 4 1 3 1 1 1 3 1 4 3 4 2 1 4 2 5 5 4 5 3 4 0 4 1 1 2 3 2 3 4 5 2 2 3 4 4 3 3 1 1 1 3 2 3 1 3 4 5 4 3 2 4 3 4 3 4 5 3 3 3 5 3 2 3 3 2
5 1 2 2 3 3 3 5 3 5 5 5 2 5 2 5 1 1 4 3 5 4 2 5 2 3 2 2 4 5 1 2 1 5 2 1 4 5 2 5 2 3 1 3 5 2 0 2 4 4 4 2 1 3 1 2 5 4 5 2 5 3 1 5 5 5 5 3 4 2 1 5 2 3 5 4 2 1 1 1 2 4 5 2 5 2 2 5 5 3
2 2 5 4 4 4 2 4 2 4 3 3 5 4 2 3 4 1 4 3 4 1 1 3 3 5 4 4 2 1 4 4 2 3 3 1 3 2 2 2 1 2 4 2 2 3 1 0 5 1 1 3 3 5 5 1 4 5 2 3 4 5 2 1 5 3 1 1 5 1 5 2 5 3 1 5 1 5 1 5 5 4 2 4 1 2 2 1 3 5
1 3 3 2 1 5 5 2 2 1 1 4 4 2 3 1 4 2 3 5 3 3 4 3 2 4 1 3 1 5 2 1 5 4 1 4 4 3 2 5 1 5 1 5 4 2 5 2 0 2 4 3 1 2 4 5 3 3 4 1 4 1 4 5 2 4 2 3 1 3 5 4 5 1 3 2 1 1 1 3 5 1 2 1 1 2 3 1 3 3
4 4 3 3 1 4 2 2 2 5 1 2 3 5 2 5 5 3 1 4 1 5 4 4 3 4 5 3 1 2 1 5 5 1 2 4 4 3 1 1 4 3 1 2 4 1 4 3 2 0 3 5 4 1 4 3 3 2 3 1 1 3 5 2 3 1 3 1 1 4 4 1 1 1 3 3 4 4 1 4 2 2 1 1 2 5 1 3 4 5
4 1 3 4 5 1 2 4 1 2 2 1 1 1 4 3 3 5 5 1 4 3 2 2 3 1 3 2 1 4 1 3 1 2 4 3 1 5 4 3 4 4 5 4 2 3 2 2 5 2 0 4 4 4 1 2 1 4 1 5 4 2 3 3 3 1 4 2 3 1 3 3 3 3 4 5 3 5 5 3 1 3 3 2 3 2 4 4 4 2
4 5 3 3 4 4 5 3 1 3 2 1 3 5 2 5 5 5 3 2 1 2 5 2 3 3 3 2 1 4 3 2 2 1 1 5 4 4 1 3 2 1 5 4 2 4 5 5 3 4 5 0 5 5 3 4 1 5 4 2 4 3 2 3 1 4 5 1 3 1 2 5 1 5 4 5 2 1 3 4 1 3 1 3 3 4 1 1 4 1
4 1 4 2 1 2 3 3 3 4 1 1 3 1 3 4 2 3 2 4 2 2 4 3 4 5 3 1 3 3 2 3 2 1 5 3 2 2 2 5 1 3 4 2 1 1 3 3 4 3 4 5 0 1 5 4 2 2 5 1 3 4 2 4 5 4 3 4 2 3 5 2 5 2 1 3 5 3 2 2 4 2 1 3 2 4 5 1 4 4
4 2 1 4 5 1 5 1 4 3 1 2 3 1 1 1 3 1 2 2 4 4 3 3 1 2 5 5 3 2 3 3 5 2 4 3 5 3 4 2 4 2 2 5 2 1 1 5 5 3 3 1 1 0 1 5 2 3 5 4 1 2 4 2 3 3 4 3 3 1 5 4 3 3 3 3 5 2 4 2 4 5 3 2 2 5 2 3 5 4
4 1 1 4 4 4 5 4 1 1 3 2 5 3 5 4 3 3 2 2 1 4 2 2 2 3 2 1 3 3 5 1 3 5 4 4 4 2 5 2 4 3 4 1 1 2 2 3 1 3 1 2 1 3 0 3 1 3 4 5 1 1 2 3 1 4 3 3 5 1 2 5 2 2 5 3 4 1 5 2 5 3 5 5 2 4 1 3 1 5
5 5 3 2 2 5 3 5 1 2 1 3 1 1 3 5 3 3 3 4 2 5 1 3 4 4 3 2 1 3 1 3 2 3 4 2 5 4 1 4 5 4 3 4 5 3 3 2 4 1 5 5 3 1 5 0 3 1 3 5 4 3 5 1 1 3 4 2 3 3 4 4 1 1 2 4 2 4 2 2 3 1 5 4 5 3 1 4 3 5
1 2 2 1 3 1 5 5 4 2 2 5 2 2 4 1 5 2 3 5 2 3 2 4 4 1 4 4 4 1 3 5 1 5 3 4 4 4 2 4 2 3 1 1 4 4 3 5 2 2 5 3 3 2 5 1 0 5 2 2 4 5 1 4 2 5 1 3 3 1 2 3 3 4 5 3 4 1 4 3 4 5 2 1 1 3 4 1 5 4
3 5 3 2 3 4 4 2 5 3 1 1 4 3 5 2 2 2 1 3 1 2 5 4 3 5 1 4 2 4 5 5 5 2 2 4 3 3 5 1 5 2 1 2 3 2 5 2 1 1 2 3 2 5 5 2 3 0 3 4 3 3 1 3 4 4 1 2 4 4 5 4 3 5 1 3 4 5 3 1 4 4 4 3 5 1 5 1 1 3
4 2 1 4 3 4 3 1 4 2 2 5 4 4 1 2 3 3 1 2 4 1 1 1 3 5 1 2 1 2 5 2 5 3 5 3 5 4 3 5 4 5 3 3 4 4 4 5 4 4 4 4 1 2 1 4 2 5 0 3 5 2 3 2 5 2 5 2 3 5 2 3 1 1 5 4 4 5 2 2 4 4 5 2 3 5 4 2 4 2
4 2 2 1 4 1 2 5 4 3 2 1 2 2 2 4 2 2 4 3 2 1 4 1 2 4 2 4 4 5 5 2 3 1 4 4 3 4 5 5 2 5 3 4 2 4 1 4 1 2 1 2 5 4 4 5 4 1 4 0 4 5 1 3 2 3 5 4 4 2 4 2 1 1 3 2 3 5 1 1 1 3 4 4 2 3 3 5 3 3
2 1 1 1 1 4 4 4 2 5 4 5 1 2 1 2 5 5 5 5 4 5 2 5 3 4 5 4 2 5 4 2 3 3 5 1 1 2 1 4 4 2 3 4 2 1 1 4 2 3 5 4 3 3 1 3 2 2 4 5 0 5 3 4 3 2 5 5 5 3 3 3 3 4 4 4 1 5 3 5 3 2 3 4 5 4 4 3 3 2
4 2 5 1 2 2 2 2 1 5 2 1 1 1 2 4 4 5 2 3 5 4 5 2 1 4 5 1 4 3 2 2 1 3 2 5 5 3 5 1 1 4 1 3 4 4 1 2 1 1 3 1 1 4 5 3 5 1 2 5 1 0 4 4 5 1 5 2 5 5 2 1 4 1 2 3 5 2 3 1 1 3 1 3 4 2 4 1 4 2
5 2 2 5 2 4 5 1 5 3 4 4 3 3 2 4 1 1 4 3 1 5 4 4 2 1 3 4 4 1 1 4 2 3 3 5 3 5 1 3 5 1 4 3 2 5 5 2 5 2 5 1 2 4 2 1 4 5 1 4 3 4 0 2 2 5 3 2 2 3 3 3 5 2 2 3 4 5 1 1 5 1 1 2 2 3 1 4 2 5
4 1 5 4 4 3 5 3 3 5 5 1 2 4 4 3 3 4 4 2 5 5 4 5 3 4 5 3 5 3 3 2 4 5 5 2 1 1 4 5 5 1 3 5 2 1 5 4 2 4 5 2 5 5 4 2 3 1 5 2 1 1 5 0 2 3 2 4 4 3 1 2 1 2 1 5 4 1 5 5 3 1 5 5 4 4 4 2 3 3
2 5 2 4 2 3 5 4 2 3 1 1 2 2 3 1 2 2 1 4 4 2 2 3 5 1 4 3 3 2 2 5 4 1 4 4 3 5 4 2 5 2 1 3 3 1 4 1 4 4 5 4 3 2 5 3 5 4 1 2 3 3 3 2 0 2 1 3 3 2 1 4 1 2 2 1 5 2 1 2 5 5 4 2 1 4 4 5 5 4
5 4 2 3 3 1 5 5 2 1 4 3 1 3 1 3 3 2 4 5 5 2 2 5 3 4 3 1 4 1 4 4 2 4 4 1 1 5 4 5 2 1 4 2 3 3 2 4 5 5 5 5 5 1 2 2 1 2 4 1 2 2 1 4 2 0 4 2 2 4 4 3 5 2 5 2 1 4 1 4 4 4 3 3 3 3 4 3 3 5
5 3 4 4 3 5 2 5 4 5 1 3 3 1 4 4 3 5 3 2 1 1 5 5 4 3 1 1 4 2 3 1 2 3 3 3 4 4 3 3 3 4 4 1 1 5 4 3 4 4 1 3 1 1 2 5 1 3 4 3 3 4 4 5 3 3 0 3 4 1 2 2 3 1 3 3 3 5 5 2 1 1 2 2 1 1 1 4 5 2
3 5 1 5 4 4 3 2 2 5 3 4 4 5 2 4 5 5 2 2 4 5 4 3 2 5 4 4 2 4 3 3 2 5 1 5 4 4 5 4 5 4 3 3 4 5 3 2 4 2 4 5 4 1 5 4 5 1 5 1 1 5 1 1 1 1 1 0 2 2 1 5 5 4 4 5 4 2 5 2 3 2 4 4 1 4 3 4 4 1
4 1 3 4 2 2 2 3 3 5 4 3 3 2 4 3 4 5 2 5 2 3 4 2 5 5 3 5 2 4 3 5 1 5 2 1 3 1 5 3 2 2 2 2 2 3 1 2 1 2 2 2 5 5 5 5 5 4 4 5 2 5 5 1 5 2 5 4 0 3 5 2 1 2 5 1 4 3 5 5 4 2 5 2 4 5 1 4 3 2
2 4 5 1 1 3 3 4 2 4 2 4 3 4 5 2 1 3 3 4 4 5 4 2 4 5 3 4 2 2 3 2 2 2 5 3 5 2 4 1 3 2 1 1 1 4 5 4 4 4 3 4 5 1 3 3 3 5 2 3 1 4 4 3 2 5 1 2 5 0 3 5 2 1 1 1 2 3 2 4 2 1 3 3 1 4 3 4 1 3
1 4 2 3 1 5 3 2 4 5 3 3 3 2 1 5 3 3 2 3 5 2 2 4 3 1 4 4 3 1 1 1 3 1 5 4 2 4 1 4 1 3 4 1 1 1 2 2 1 2 4 3 2 2 1 4 3 1 4 2 5 5 5 3 5 5 2 3 5 5 0 1 4 1 1 4 1 1 1 3 1 5 3 2 2 1 3 2 5 5
1 5 5 4 3 5 3 3 1 3 3 5 1 4 3 4 2 4 3 5 4 4 4 3 5 5 2 1 1 4 3 4 2 5 2 4 3 1 5 4 4 1 3 1 2 3 4 2 2 1 4 1 3 2 5 3 2 3 3 5 5 2 1 5 4 3 3 3 1 1 3 0 3 1 2 4 2 3 5 3 1 3 1 2 5 3 2 2 4 4
4 2 2 1 1 1 1 4 2 1 4 4 2 3 1 5 2 4 3 2 5 3 4 3 1 2 3 5 4 1 5 1 5 4 4 1 3 5 2 2 3 3 1 4 1 4 4 1 3 1 4 3 5 1 1 4 1 4 4 4 5 5 1 5 1 4 2 2 1 2 3 4 0 4 1 5 1 4 4 4 1 4 1 4 2 3 4 2 1 4
4 5 2 4 5 3 3 2 5 2 5 1 2 2 1 4 3 3 1 3 5 4 2 5 2 4 5 5 2 3 3 2 5 2 3 2 3 1 5 5 1 5 5 2 4 3 4 5 5 4 5 2 3 4 4 4 2 4 3 4 3 3 4 1 1 2 5 3 3 1 3 1 2 0 5 2 1 4 2 2 1 1 4 4 1 4 2 5 4 1
2 1 4 1 1 2 4 2 3 4 5 1 4 1 1 3 4 1 5 5 3 3 3 2 1 5 1 3 4 2 2 4 2 4 2 4 5 5 5 3 4 4 4 4 1 5 2 2 4 5 2 1 2 2 1 2 4 2 5 1 2 5 1 3 3 5 1 3 1 1 2 4 5 4 0 4 5 2 3 1 5 1 5 4 1 1 1 1 1 1
4 2 3 4 2 2 2 1 4 3 4 1 4 4 1 4 1 1 3 2 5 3 2 5 1 3 2 3 4 5 4 1 2 2 2 4 4 4 1 1 5 4 4 4 1 3 3 5 2 2 4 2 2 3 2 3 4 5 3 3 2 2 3 5 1 1 3 5 1 3 1 2 1 4 2 0 3 3 3 5 2 4 5 2 2 2 4 2 5 1
2 2 3 5 2 1 2 5 1 4 4 5 4 5 4 2 3 5 5 4 3 4 3 4 2 3 1 4 3 1 2 3 3 1 5 1 1 1 3 2 3 1 4 5 1 4 2 3 3 5 3 4 5 1 4 1 5 3 5 2 5 5 3 2 3 4 5 3 4 2 5 2 5 1 3 3 0 5 1 4 3 4 1 5 1 1 4 1 5 2
1 2 2 3 2 2 2 3 2 1 4 5 4 5 1 5 4 4 5 2 5 5 2 2 4 5 5 2 1 2 5 4 5 3 4 4 2 3 4 5 5 5 4 2 5 3 2 1 1 1 1 1 2 2 4 3 4 3 1 1 3 1 2 3 1 5 1 5 5 2 1 3 1 2 5 3 3 0 5 2 3 1 2 5 3 4 1 3 2 3
3 4 2 4 1 1 4 4 1 5 1 1 4 4 1 2 1 2 5 4 1 5 4 5 4 4 1 4 4 1 2 1 2 5 5 1 1 4 2 2 1 4 2 1 2 2 1 3 2 1 1 5 1 2 4 5 4 2 5 1 2 2 3 4 5 2 1 3 2 3 5 4 1 5 2 5 1 3 0 3 4 2 2 3 3 5 5 1 4 4
4 4 5 5 5 5 5 2 2 4 5 5 3 1 5 1 5 4 2 1 3 5 3 2 2 4 5 3 4 2 2 3 5 1 1 2 3 4 3 1 1 1 3 4 5 4 3 1 2 1 5 1 5 2 1 1 2 2 4 4 5 2 5 2 3 2 3 5 5 2 4 3 3 4 4 3 4 3 4 0 5 2 3 4 5 2 2 2 2 2
5 5 1 3 2 2 5 4 3 4 1 1 2 5 3 1 3 3 3 3 4 1 1 4 5 4 1 3 5 2 3 2 3 2 2 3 4 3 2 5 4 4 2 2 2 1 1 3 1 1 1 5 2 1 2 5 2 3 4 2 2 1 3 4 3 5 1 3 3 2 1 2 3 2 4 1 5 4 2 2 0 1 1 2 3 1 2 2 2 5
4 2 2 5 3 5 3 4 1 3 2 3 4 2 3 4 5 4 5 5 3 5 1 3 4 5 5 3 1 5 2 5 5 2 5 3 4 4 3 5 5 4 3 4 4 1 3 1 5 5 3 1 2 2 4 5 3 5 2 1 1 1 5 3 4 5 5 5 3 5 5 3 1 2 4 2 1 3 2 5 4 0 2 4 3 4 1 2 3 5
4 3 1 5 3 1 1 1 4 2 1 3 2 4 1 2 5 1 2 5 2 1 2 4 4 4 1 3 1 2 1 2 2 2 1 3 5 1 2 4 3 3 2 5 2 5 2 5 3 4 1 1 3 2 3 5 1 2 4 1 2 1 5 3 1 4 2 1 4 2 4 2 4 1 5 1 3 3 1 2 4 3 0 5 2 4 1 3 3 4
4 5 2 3 1 2 2 5 5 4 1 4 5 2 3 3 4 5 1 2 5 4 1 4 3 3 1 1 1 1 4 3 1 1 5 5 1 2 1 4 2 5 1 3 4 3 4 4 2 2 3 4 4 1 2 4 4 4 4 2 4 1 3 1 1 3 4 2 1 5 1 3 3 2 5 1 4 5 5 4 4 4 3 0 5 2 4 4 1 1
4 4 5 5 1 3 5 2 2 4 2 2 2 1 3 4 1 4 5 5 3 5 5 2 1 2 2 4 5 2 4 3 5 5 2 5 5 3 2 2 4 4 1 3 1 1 5 4 3 3 1 3 1 1 1 3 2 4 1 5 2 3 1 2 5 1 2 5 2 5 1 2 5 5 4 1 5 1 3 3 5 2 4 5 0 1 1 4 3 2
2 2 3 4 3 1 2 5 5 4 3 2 2 3 3 3 3 5 4 5 5 1 1 2 5 5 2 3 2 1 3 5 4 5 4 1 1 5 5 1 2 1 5 5 1 5 3 1 5 4 3 5 1 5 5 4 4 4 3 1 4 5 4 3 5 1 1 2 3 4 2 3 5 2 4 3 3 2 4 1 1 5 4 1 4 0 4 1 5 1
4 2 3 2 1 1 1 4 3 5 2 2 5 5 5 1 5 2 3 3 5 1 2 3 1 2 2 5 4 4 2 1 3 1 3 3 2 3 4 1 2 2 3 2 2 3 1 4 4 5 1 2 5 3 4 5 1 4 3 1 1 4 2 2 2 1 5 4 4 1 4 3 2 1 4 2 3 4 4 5 1 4 5 1 3 3 0 3 3 5
2 1 2 1 4 1 2 3 1 1 1 2 2 1 3 4 5 1 5 2 5 5 4 5 3 5 4 5 1 5 1 4 1 2 4 1 2 2 5 2 3 3 2 4 4 1 5 5 4 2 2 1 1 3 3 2 3 4 5 1 2 4 1 1 5 4 3 5 5 3 3 3 3 4 5 4 1 3 4 4 5 1 2 2 5 5 4 0 3 2
2 4 1 5 1 4 1 1 1 4 3 1 4 1 1 2 1 5 3 1 2 1 2 4 1 4 5 3 5 2 1 5 5 2 1 5 5 5 5 1 3 4 3 4 3 4 1 3 4 1 4 5 1 3 3 3 3 2 3 2 1 4 2 5 4 3 5 1 3 5 2 4 4 4 1 4 1 4 3 4 3 3 3 2 4 1 2 2 0 4
4 2 4 1 5 1 5 1 5 3 1 5 1 2 2 5 3 1 5 5 1 5 4 5 3 5 2 3 1 2 4 4 3 1 5 1 4 1 5 3 4 2 3 5 3 5 4 3 2 5 4 2 3 2 1 1 3 4 2 2 1 5 1 4 3 1 5 2 5 2 5 2 4 1 1 4 1 4 1 2 3 5 1 4 1 1 3 2 4 0
62 35 56 50 29 70 59 10 4 79 58 32 33 54 77 32 68 53 3 31 36 58 38 12 26 53 17 53 49 4 44 35 50 2 25 76 70 71 25 33 12 27 28 89 84 69 4 24 8 52 10 16 32 3 24 19 60 45 81 54 71 54 46 80 68 76 69 1 70 3
28 56 50 36 44 84 14 48 51 64 77 58 32 35 85 74 3 61 44 14 49 33 25 73 65 42 9 1 24 65 86 48 57 29 2 19 9 29 24 41 58 54 42 13 80 3 64 5 45 57 61 83 36 61 72 50 22 83 76 66 38 78 81 84 65 37 28 20 15 17
48 30 80 42 50 75 12 63 46 25 81 66 54 39 9 19 10 24 5 35 87 16 55 29 42 56 2 38 59 20 63 2 62 27 36 42 90 52 90 15 22 35 59 24 52 23 29 82 76 63 31 30 23 63 4 31 51 77 10 21 12 58 15 74 55 47 59 51 6 78
24 21 57 15 75 44 63 60 2 51 47 84 28 47 25 23 25 13 42 19 27 41 18 35 15 43 54 56 7 72 35 5 58 55 28 5 74 32 78 70 19 64 65 68 90 18 53 83 73 84 29 77 3 85 17 67 24 82 88 46 66 2 50 27 69 12 14 25 86 32
75 24 74 39 24 73 16 74 8 43 63 74 53 11 11 71 42 84 28 33 15 38 56 4 39 61 16 61 37 24 50 57 85 8 32 89 22 28 84 40 90 32 10 76 66 50 71 48 75 3 12 46 11 48 55 47 46 29 43 85 32 60 70 39 13 4 31 48 69 29
46 46 37 26 8 68 5 14 43 8 49 69 74 24 57 84 70 41 70 17 30 52 44 64 3 60 35 31 39 58 53 22 12 68 58 7 18 85 36 5 80 45 19 25 62 38 60 2 65 81 9 56 88 72 37 69 72 36 73 38 15 49 76 4 30 10 29 54 14 81
84 34 38 67 76 57 13 9 37 32 36 21 43 61 41 9 76 5 4 4 26 30 62 32 88 8 87 66 80 44 25 3 63 17 87 59 41 73 33 49 84 24 84 54 53 35 30 40 7 33 80 9 21 71 41 13 21 28 27 40 77 89 54 34 22 50 37 12 51 55
86 45 66 10 12 72 43 27 74 33 64 79 18 75 84 54 51 18 36 74 44 83 7 31 68 45 18 58 55 81 41 70 14 56 45 77 20 74 63 55 87 1 31 73 69 22 83 29 13 64 28 8 9 12 9 2 13 20 57 59 89 47 73 65 1 51 53 43 26 30
63 33 1 18 38 27 73 76 22 17 75 59 63 72 27 18 35 9 77 28 51 21 22 70 43 50 30 87 60 76 8 37 40 52 81 86 53 20 7 18 23 80 5 85 13 8 49 88 68 72 17 52 89 89 57 29 58 85 63 78 70 25 61 56 57 74 77 5 4 46
82 3 89 79 64 85 20 24 25 83 89 65 38 44 34 2 75 7 18 34 45 54 42 13 52 64 3 75 79 9 57 71 37 10 12 50 61 70 17 24 31 56 8 65 63 32 22 59 9 53 35 7 71 32 78 83 1 33 51 71 62 56 82 67 80 29 2 58 48 51
8 48 63 24 68 35 23 49 50 84 22 4 35 60 26 61 38 21 61 67 11 23 59 24 67 70 19 77 81 77 19 10 19 87 38 23 55 75 87 9 79 62 88 88 9 9 16 76 53 21 64 67 12 25 53 8 35 32 2 74 49 36 35 62 4 18 41 15 43 49
67 62 31 45 78 2 8 42 15 78 45 48 39 52 31 45 30 86 45 61 46 27 71 22 83 6 81 15 6 66 70 42 43 31 52 78 54 45 58 50 75 14 20 29 46 72 7 73 35 67 81 40 13 35 12 15 29 70 14 52 68 39 28 53 43 68 26 3 42 87
34 74 14 71 73 32 24 25 34 41 23 45 89 58 54 36 34 47 80 90 60 67 20 50 16 81 11 17 42 83 77 49 35 20 75 37 58 83 18 2 65 78 40 70 30 34 39 49 62 85 38 23 51 73 1 51 59 37 70 56 90 44 59 22 64 9 56 62 40 80
76 50 87 41 47 78 36 82 55 13 25 22 81 59 90 72 53 68 86 2 61 1 89 46 77 59 26 89 64 19 60 16 53 90 4 57 83 56 9 90 47 70 47 74 41 1 18 37 48 25 2 47 40 19 25 74 73 3 80 84 84 38 2 7 46 69 83 29 58 27
53 47 29 34 31 33 2 86 71 77 1 62 22 7 62 53 22 11 68 84 80 88 78 88 28 5 58 34 62 35 78 82 41 86 77 8 62 55 83 62 83 69 50 4 29 79 9 74 5 61 47 74 34 88 63 56 7 52 44 13 3 80 36 57 79 59 8 87 62 39
69 8 9 65 86 36 7 78 23 27 33 19 11 82 24 57 69 80 13 13 19 9 32 40 80 49 86 60 32 43 72 84 3 66 68 80 11 41 69 10 26 79 79 31 11 47 73 71 21 41 88 19 6 16 33 90 14 55 67 67 75 16 44 51 86 52 87 57 33 5
51 54 60 11 11 39 65 73 28 30 30 71 50 15 48 41 72 27 31 38 89 22 36 78 53 1 80 52 25 32 87 25 71 16 43 10 3 65 75 85 55 89 35 48 82 90 35 78 89 62 54 38 75 11 27 79 71 34 54 16 58 57 71 71 58 14 4 21 77 37
73 19 76 17 72 47 29 3 60 19 86 12 21 70 51 37 88 25 24 83 83 28 37 25 6 16 14 8 22 37 80 77 6 84 47 11 79 42 53 57 17 29 67 14 49 89 12 90 58 65 83 6 35 27 74 39 38 86 34 31 27 88 13 79 6 38 75 67 32 57
72 37 33 69 62 54 75 50 19 61 2 16 64 28 35 20 6 76 62 80 31 11 16 52 9 90 52 40 58 16 49 30 20 3 53 46 2 39 56 42 64 4 23 5 40 12 38 43 55 36 33 51 54 79 51 5 87 68 25 50 19 71 16 15 72 22 72 68 72 52
52 12 17 29 21 64 40 53 81 20 42 72 61 13 33 25 82 83 79 10 62 31 39 19 48 22 60 24 26 36 48 40 54 42 23 41 49 86 44 32 46 76 2 55 24 28 72 85 26 13 40 90 80 29 54 34 57 11 11 79 29 12 58 9 49 62 40 6 20 77
30 58 21 37 67 88 66 70 3 23 55 6 25 40 83 65 48 40 50 47 59 29 72 67 84 62 29 70 88 49 69 54 34 71 51 75 81 24 27 73 88 13 34 15 4 56 10 8 40 9 73 63 48 82 49 24 4 89 69 28 20 8 30 75 40 65 1 36 1 4
9 57 15 5 41 3 34 32 62 39 29 54 80 14 2 39 1 81 90 62 3 78 50 47 20 75 46 45 63 67 30 56 73 50 1 69 35 64 48 38 86 42 85 78 75 36 36 53 79 88 90 81 66 39 32 46 3 72 16 24 59 87 32 48 41 16 64 61 84 11
88 64 19 43 19 40 71 40 83 85 79 43 1 18 86 35 80 52 81 69 2 39 85 2 72 86 5 20 61 90 13 78 68 36 46 36 85 44 37 65 4 60 16 52 79 31 48 54 33 15 6 70 45 18 29 11 45 24 26 6 80 83 11 86 34 80 34 40 13 2
36 18 86 2 61 10 51 17 82 50 19 3 31 25 38 80 44 58 69 21 56 89 23 3 32 77 38 49 5 75 83 85 87 58 84 14 69 9 71 68 70 55 86 19 67 66 87 57 22 12 11 15 53 30 52 27 42 42 61 61 67 35 52 5 27 57 63 81 76 83
4 2 51 82 52 6 57 46 67 75 82 37 42 9 79 70 46 45 87 87 69 40 11 87 49 87 78 74 29 55 21 75 64 60 41 64 84 68 74 16 1 5 49 32 58 24 42 69 61 74 48 41 73 24 20 22 69 50 78 70 88 48 33 35 84 60 7 52 78 44
66 77 2 25 85 50 30 59 49 68 10 29 41 79 61 73 79 90 35 63 58 17 19 69 40 58 8 12 45 13 15 7 21 59 8 29 40 51 59 27 69 85 90 41 3 84 19 52 6 68 49 89 15 74 88 64 37 25 86 14 36 10 67 42 38 81 39 86 11 84
16 73 70 81 14 59 68 77 66 55 56 40 40 76 8 28 81 23 30 73 6 37 64 45 89 26 12 82 51 50 28 61 8 51 50 87 25 13 57 37 63 19 87 47 33 13 11 58 86 8 27 18 26 70 18 30 31 58 52 80 4 50 22 82 39 77 86 69 90 1
17 22 47 78 25 26 25 89 86 26 87 24 82 66 32 30 84 54 66 58 22 35 46 51 71 67 50 14 30 40 71 65 88 65 62 52 30 14 12 56 82 88 51 35 48 71 43 27 74 5 21 24 38 75 23 55 26 41 64 25 30 45 45 78 59 78 82 22 19 79
43 43 39 46 58 9 55 8 76 52 50 85 13 8 80 46 60 17 27 60 50 3 54 60 38 29 4 16 2 17 90 43 49 48 78 32 68 46 82 43 25 37 57 17 87 67 90 75 32 44 26 69 78 40 6 60 78 84 19 87 44 51 51 28 29 8 71 49 38 60
56 63 27 73 74 42 18 4 40 86 66 44 44 65 43 40 63 67 82 32 41 57 5 20 73 23 89 51 82 70 33 39 29 53 17 62 8 79 50 71 15 61 46 46 76 41 23 11 12 27 8 44 83 81 56 73 74 31 13 2 17 64 83 55 44 25 54 80 45 6
5 83 7 86 63 46 53 6 12 89 32 51 14 85 55 58 8 8 16 15 81 13 77 81 34 13 79 59 85 89 27 46 42 22 37 27 16 62 70 59 81 3 55 82 2 81 41 33 51 80 52 65 47 45 35 75 11 30 20 51 10 42 37 76 2 61 47 42 47 34
90 61 18 72 84 81 60 38 69 3 31 15 27 5 21 64 33 79 60 78 13 44 63 23 58 36 0 9 87 74 20 66 7 49 9 22 6 0 55 77 66 0 54 27 0 4 20 18 60 59 89 82 8 23 79 86 0 47 65 32 0 13 49 16 56 6 15 60 39 33
40 49 0 56 70 0 0 20 18 24 76 9 78 3 30 0 37 33 53 85 0 84 24 0 54 65 0 5 20 60 42 90 75 24 19 0 24 0 85 82 71 0 44 49 0 53 59 67 19 11 62 20 61 83 45 72 0 66 53 26 0 46 6 21 0 46 48 76 57 66
0 0 0 58 40 0 0 12 36 38 5 78 76 89 23 0 24 0 40 12 0 56 81 0 57 82 0 62 10 88 75 29 28 9 48 0 60 0 80 3 85 0 18 43 0 74 81 60 31 22 0 42 56 21 77 40 0 8 0 0 0 15 0 49 0 86 80 0 65 12
0 0 0 7 89 0 0 31 32 9 0 82 15 62 72 0 74 0 52 30 0 80 53 0 4 0 0 84 0 80 74 20 74 72 0 0 78 0 21 0 0 0 24 33 0 29 79 14 0 35 0 62 0 80 0 82 0 39 0 0 0 68 0 0 0 39 12 0 30 54
0 0 0 20 42 0 0 65 45 21 0 33 8 31 63 0 0 0 74 9 0 75 0 0 10 0 0 57 0 46 52 53 39 54 0 0 0 0 1 0 0 0 0 1 0 39 76 26 0 90 0 66 0 44 0 33 0 54 0 0 0 73 0 0 0 67 21 0 79 72
0 0 0 27 3 0 0 44 78 0 0 0 75 57 52 0 0 0 0 0 0 36 0 0 0 0 0 0 0 0 0 0 9 37 0 0 0 0 62 0 0 0 0 81 0 0 0 79 0 55 0 75 0 64 0 20 0 2 0 0 0 74 0 0 0 0 85 0 2 42
0 0 0 80 0 0 0 69 90 0 0 0 0 84 0 0 0 0 0 0 0 74 0 0 0 0 0 0 0 0 0 0 0 18 0 0 0 0 23 0 0 0 0 37 0 0 0 31 0 40 0 33 0 62 0 35 0 38 0 0 0 90 0 0 0 0 0 0 68 48
0 0 0 59 0 0 0 47 0 0 0 0 0 34 0 0 0 0 0 0 0 0 0 0 0 0 0 0 0 0 0 0 0 0 0 0 0 0 81 0 0 0 0 0 0 0 0 72 0 0 0 0 0 0 0 1 0 48 0 0 0 22 0 0 0 0 0 0 83 82
0 0 0 0 0 0 0 0 0 0 0 0 0 0 0 0 0 0 0 0 0 0 0 0 0 0 0 0 0 0 0 0 0 0 0 0 0 0 0 0 0 0 0 0 0 0 0 0 0 0 0 0 0 0 0 32 0 79 0 0 0 0 0 0 0 0 0 0 0 15
