70 90 60 30 40
1
2
2
4
4
4
3
2
5
5
3
1
3
4
1
4
5
3
1
4
2
5
1
5
3
4
1
5
2
4
4
1
2
1
5
5
3
3
2
4
4
5
2
4
2
2
2
3
2
3
1
1
3
5
5
5
1
1
5
4
2
5
2
1
1
5
5
5
4
1
3
5
3
2
1
4
4
2
5
4
1
3
2
2
2
4
4
2
1
3
0 2 2 5 1 2 3 3 4 3 4 4 1 3 3 5 3 1 2 4 2 1 4 2 4 2 3 2 5 5 4 5 5 4 1 5 4 4 1 1 1 4 4 5 1 1 1 4 1 1 3 2 4 4 1 2 2 5 1 4 5 4 3 5 1 3 3 2 2 2 1 2 5 3 2 1 4 4 5 2 5 1 2 4 3 5 1 5 1 2
2 0 5 3 2 3 3 5 1 2 3 2 1 2 2 4 3 3 4 1 1 3 5 3 3 1 3 3 1 5 5 1 4 1 1 2 3 2 3 1 3 2 5 5 2 3 5 1 1 3 5 2 1 5 4 3 3 3 1 4 1 1 2 1 5 4 5 1 3 2 4 5 2 2 5 3 4 5 4 2 5 5 2 2 3 4 4 1 3 3
4 4 0 4 2 4 1 4 3 4 2 3 3 1 5 3 3 4 5 3 3 3 4 1 2 1 2 3 4 5 1 4 2 2 2 4 5 4 3 1 1 3 5 3 2 5 2 5 1 5 4 4 3 3 3 1 4 5 2 2 2 2 5 3 2 3 3 2 3 2 4 3 2 3 3 1 5 2 2 4 4 5 2 2 2 1 5 4 1 2
3 1 1 0 4 1 5 2 1 5 3 2 5 4 3 2 1 1 4 3 3 2 1 2 5 3 2 5 4 5 3 1 5 1 2 2 4 5 4 5 5 1 3 3 3 2 3 4 1 1 1 3 1 3 3 2 1 4 2 3 3 5 4 4 2 4 1 3 3 3 2 2 4 2 1 3 1 5 3 4 1 1 1 4 4 5 2 4 4 5
3 1 4 3 0 4 5 3 2 5 1 4 4 2 4 5 5 3 5 3 1 1 5 4 3 1 5 3 1 4 3 2 1 4 4 1 1 3 4 5 1 3 2 4 4 2 4 5 5 3 4 4 4 3 2 5 3 5 4 4 1 5 4 2 4 2 3 1 5 3 3 1 5 4 4 2 2 3 5 5 4 1 2 5 3 5 2 3 2 5
2 2 4 1 1 0 3 2 5 2 2 5 4 5 4 2 1 2 2 4 3 2 1 5 1 2 1 4 5 4 4 2 5 4 5 2 5 2 3 4 2 2 4 2 1 1 5 3 4 3 3 5 4 4 5 4 4 1 4 5 5 3 5 1 1 5 5 2 2 1 1 2 5 1 5 1 3 1 5 1 3 1 2 2 2 4 1 1 2 1
5 5 2 4 5 5 0 5 4 5 3 1 3 5 3 5 5 4 1 5 3 1 3 5 2 5 3 2 5 4 3 2 3 3 3 1 1 2 1 3 4 3 2 1 5 1 5 5 4 4 2 1 3 2 3 1 3 5 4 3 5 5 3 5 3 3 1 3 2 4 2 5 1 5 3 1 4 5 5 1 5 2 5 5 3 3 4 2 4 5
3 3 3 3 5 2 1 0 4 1 4 5 3 3 4 5 4 4 4 5 5 1 1 5 1 4 1 3 3 3 2 3 3 4 2 1 5 5 2 4 1 3 4 3 1 5 3 1 3 2 4 2 4 1 1 3 5 2 2 4 3 1 2 1 3 5 1 3 5 1 1 2 3 1 5 1 1 4 5 1 5 4 5 5 1 3 1 1 2 4
1 1 2 4 4 2 4 3 0 5 5 4 5 4 4 4 2 4 3 2 2 1 3 1 1 5 1 5 4 3 5 5 4 4 5 1 1 2 3 1 1 4 3 4 3 1 2 4 2 1 4 5 2 1 2 5 2 4 2 4 1 4 2 5 1 5 1 5 1 5 4 1 4 2 2 5 3 5 2 4 3 5 3 3 1 5 5 2 4 1
5 4 5 2 3 3 4 2 1 0 2 4 5 4 3 4 1 4 3 2 4 1 3 2 1 4 3 4 5 1 2 2 2 4 2 5 5 4 1 1 5 2 3 3 3 3 2 4 2 4 2 5 1 4 4 3 5 2 5 4 2 4 4 3 3 2 5 2 2 1 1 5 3 2 2 4 3 4 5 2 4 4 3 5 4 3 1 2 2 2
3 1 2 2 5 5 1 3 5 1 0 4 4 1 3 3 3 2 4 2 2 3 5 2 5 4 4 5 1 3 1 4 4 4 3 3 5 3 5 2 4 2 4 5 3 5 1 1 5 4 2 5 1 4 1 2 1 4 4 4 2 1 3 5 2 2 3 3 4 2 4 1 2 1 1 1 5 2 2 4 5 3 5 3 1 5 2 1 3 3
2 2 1 3 3 3 2 1 1 5 4 0 4 1 3 4 4 5 4 4 4 5 4 2 1 1 3 4 4 2 3 5 5 2 4 5 5 3 1 1 2 1 5 3 3 3 4 2 5 2 4 2 3 4 1 5 5 5 2 1 5 2 4 2 3 1 1 2 1 1 3 1 1 3 4 5 5 2 5 4 1 1 5 2 5 5 3 1 1 4
4 3 2 4 2 4 3 4 3 1 4 4 0 2 5 1 3 1 3 1 3 1 2 2 1 5 1 2 5 1 4 3 4 4 3 4 2 4 4 5 3 2 4 4 4 5 2 1 3 4 4 3 5 3 5 3 2 4 1 1 1 5 2 2 2 4 2 3 3 5 1 2 3 5 1 4 1 2 3 2 5 5 1 1 5 5 3 3 4 2
2 4 5 1 1 4 2 4 2 1 3 5 3 0 3 4 3 1 2 3 5 4 2 1 3 3 5 4 5 5 3 1 3 3 2 5 2 4 2 2 1 5 2 5 4 1 3 2 5 3 3 3 1 2 2 1 5 5 1 5 3 1 5 4 5 3 1 5 3 3 5 4 4 4 1 1 4 3 2 1 1 3 1 2 4 4 4 1 2 2
4 5 1 1 5 3 3 5 2 1 5 1 1 3 0 2 1 3 5 4 2 3 4 2 1 1 5 4 1 4 1 1 3 2 3 3 3 1 2 3 4 5 3 2 5 3 5 3 4 5 3 3 5 5 2 3 2 1 3 1 4 5 3 1 2 4 3 4 4 4 5 4 1 2 5 5 1 3 5 3 3 3 5 2 2 3 2 1 2 2
2 1 3 5 4 2 5 5 1 5 2 1 2 2 5 0 4 4 1 5 3 2 5 5 5 2 4 2 5 5 3 2 2 4 2 3 5 4 3 5 2 4 3 2 1 5 5 1 3 4 3 2 5 4 5 1 1 3 3 2 3 5 4 5 5 1 4 3 2 3 4 4 5 3 2 4 4 3 4 3 2 5 1 2 3 4 1 4 1 1
1 4 4 5 3 5 4 2 1 1 4 2 2 5 5 1 0 3 5 1 2 1 4 5 1 3 4 2 2 4 3 1 5 2 1 3 1 3 2 1 1 5 1 5 2 1 2 2 2 2 5 2 3 4 4 1 1 5 3 3 1 4 3 2 4 4 4 1 2 4 2 2 3 5 3 3 3 3 4 1 3 2 4 2 2 5 4 5 5 2
5 1 3 4 2 2 3 5 3 2 2 3 4 2 5 4 1 0 5 1 1 2 4 5 2 5 4 5 2 4 1 3 1 2 2 4 1 3 4 3 4 4 5 1 3 1 2 1 5 4 5 2 2 2 2 3 2 1 2 4 3 1 1 2 5 2 3 4 1 1 5 3 4 1 3 3 1 3 2 4 5 3 3 1 3 2 4 4 5 4
4 5 3 1 5 3 2 1 1 1 1 5 1 2 2 1 5 3 0 5 4 2 2 3 4 4 2 5 2 4 2 3 1 2 1 1 2 2 4 5 1 1 5 2 1 4 4 3 2 4 3 4 1 2 5 3 3 2 1 5 5 3 2 3 3 2 4 5 4 5 2 1 1 4 5 3 1 1 2 2 5 5 2 2 4 4 5 1 5 5
1 5 4 5 3 1 2 2 5 5 5 1 4 5 5 5 3 3 4 0 3 1 4 5 5 3 4 5 5 1 3 5 5 4 5 1 1 3 3 5 2 1 4 3 1 5 1 1 3 3 3 3 5 2 5 1 2 1 4 1 1 4 5 1 1 4 1 4 4 2 4 1 3 3 5 4 3 2 4 4 5 1 2 5 4 4 5 4 1 3
1 2 4 1 4 4 4 3 5 2 3 3 1 1 1 4 4 3 1 3 0 5 3 4 2 1 1 5 4 1 4 1 2 2 2 4 1 4 2 5 5 3 3 5 4 3 3 4 5 4 1 4 3 5 3 3 3 1 5 1 3 5 4 5 5 3 3 4 3 1 2 5 2 4 2 1 2 5 2 1 4 2 4 2 1 5 4 1 1 3
2 2 5 2 1 5 2 4 2 5 5 4 4 1 5 3 4 4 2 2 2 0 2 5 4 4 5 2 5 5 2 2 3 1 1 3 1 2 1 3 4 5 3 4 4 5 2 4 4 5 5 1 4 2 3 3 4 2 1 4 4 4 3 3 5 5 3 1 2 4 4 3 3 3 4 3 3 1 1 5 2 3 1 4 5 2 2 1 4 2
2 4 2 1 5 3 5 5 3 4 3 2 2 4 2 1 1 5 5 1 2 5 0 1 2 3 3 2 1 1 2 1 4 5 2 3 2 3 5 5 3 5 4 4 2 1 4 1 3 4 1 3 4 5 4 4 4 1 2 1 2 5 4 1 1 2 2 3 1 2 2 3 4 5 5 2 2 1 5 5 5 4 3 1 2 3 4 4 5 3
4 2 3 1 1 5 4 5 3 4 3 2 1 1 1 3 1 2 1 2 1 5 1 0 3 5 5 1 2 5 4 4 2 4 2 2 4 2 4 2 4 5 2 2 4 3 5 4 2 2 2 1 3 3 4 5 3 2 2 5 1 2 5 4 2 1 5 4 2 3 4 4 2 1 5 3 2 3 5 5 5 5 5 5 3 2 2 3 2 1
1 4 1 1 2 2 1 2 1 4 5 1 1 4 1 4 2 4 3 1 1 3 1 5 0 2 2 3 1 4 2 5 5 5 1 2 5 3 1 3 5 5 4 4 2 3 1 3 1 2 3 2 2 3 3 1 2 3 4 4 3 4 4 4 5 4 5 2 1 1 5 5 5 1 5 5 1 3 2 5 4 3 1 3 4 4 4 1 3 4
4 2 4 1 3 3 3 5 4 4 1 1 5 3 4 3 5 5 3 1 3 4 1 3 5 0 2 3 5 2 5 4 3 5 3 2 5 1 2 2 1 1 2 5 1 5 4 4 5 4 4 3 1 5 4 5 2 1 1 3 2 3 3 2 5 1 2 4 4 4 2 4 3 2 5 4 4 5 2 3 4 1 1 3 5 2 5 3 3 2
3 2 5 5 2 5 4 3 3 5 5 1 5 5 2 4 4 3 4 4 3 3 1 3 3 4 0 5 2 2 4 3 2 5 2 5 1 4 2 3 1 2 4 4 4 1 3 3 3 3 4 5 1 5 5 4 4 2 4 2 5 3 5 1 3 2 1 4 3 3 1 3 4 4 3 5 5 5 5 1 1 5 1 1 5 1 3 4 2 3
1 4 2 5 1 3 2 3 3 5 5 4 5 5 3 2 1 3 4 5 5 2 2 1 4 4 1 0 2 4 5 3 4 2 4 2 4 1 5 1 5 3 3 3 3 3 3 2 4 3 4 5 4 4 1 4 3 4 5 5 5 2 5 5 2 3 1 3 4 4 5 2 2 2 5 3 1 4 4 2 2 5 4 2 5 2 1 3 5 2
1 5 4 1 2 2 3 2 2 1 5 4 1 4 3 5 4 4 2 2 4 1 1 3 1 4 3 3 0 4 4 2 3 4 3 2 3 1 3 2 3 5 4 2 1 3 4 2 5 5 1 2 2 4 1 3 2 4 2 2 5 4 3 1 1 2 5 1 1 1 5 4 3 5 2 2 3 4 4 3 2 5 5 5 3 3 3 3 1 5
5 5 1 4 3 2 2 4 4 5 2 4 3 1 5 3 2 4 4 4 5 4 1 1 5 3 5 5 5 0 4 3 1 2 3 1 1 2 3 1 2 4 1 1 1 2 5 5 1 1 1 3 5 2 5 2 5 2 5 2 3 5 3 4 2 1 4 4 1 1 5 1 4 1 1 3 3 5 3 1 4 5 5 5 4 4 5 3 1 4
4 4 5 2 1 4 3 1 2 5 4 5 4 4 2 5 2 3 1 4 4 1 3 4 3 1 1 3 2 3 0 1 2 3 5 5 3 3 1 4 2 3 4 2 3 3 1 4 5 3 3 3 1 4 4 5 4 4 4 4 2 4 3 4 2 4 4 1 1 1 3 3 5 2 4 2 2 4 5 5 5 1 2 1 5 1 1 3 5 1
5 2 3 1 2 3 5 1 5 4 5 2 2 2 2 4 4 5 3 4 2 4 1 4 2 4 3 3 5 5 2 0 3 3 1 5 4 5 4 5 2 1 4 4 3 1 1 5 1 1 3 5 1 5 2 3 1 5 5 3 2 2 5 3 2 5 2 1 3 4 4 5 1 3 1 2 2 2 4 4 1 1 3 2 4 5 3 4 4 1
2 4 4 5 5 4 2 4 4 3 2 4 4 4 1 4 5 5 2 2 5 1 5 1 3 1 3 2 2 1 2 1 0 3 2 5 2 2 2 4 3 2 4 2 5 5 1 2 3 5 5 3 3 2 5 1 2 4 5 1 2 5 1 1 2 4 3 4 3 2 3 5 2 5 5 1 3 4 1 5 5 4 2 5 4 5 1 5 3 5
3 4 1 3 4 1 5 1 1 2 3 4 4 3 4 5 4 5 4 2 5 5 1 3 2 4 4 4 4 1 4 4 3 0 5 2 3 5 5 3 3 2 2 5 5 2 1 1 4 3 3 4 4 3 1 3 1 5 5 4 4 4 3 1 5 2 1 2 1 2 3 5 4 2 2 4 4 2 4 4 2 5 3 1 4 3 1 5 4 1
3 2 2 5 2 4 3 2 5 2 3 2 4 5 2 4 5 1 1 5 1 3 1 3 4 3 4 5 1 5 4 5 1 2 0 4 5 5 2 3 3 1 5 4 5 5 3 4 2 5 4 5 5 4 2 1 1 1 2 4 1 5 1 1 3 5 5 5 3 4 4 2 3 1 5 4 4 4 4 2 5 4 2 1 2 5 2 1 5 4
3 1 3 1 5 2 4 4 1 1 1 4 2 4 2 4 3 1 2 1 3 2 1 4 2 5 4 5 1 4 4 3 3 5 2 0 4 4 3 3 2 1 2 5 1 1 1 4 2 5 4 2 2 2 3 3 2 3 3 2 4 1 1 5 1 2 4 4 1 4 5 2 5 1 3 2 2 3 3 2 4 5 5 2 4 5 3 2 5 2
4 2 1 1 5 3 1 3 3 1 3 1 5 5 3 4 2 1 4 3 5 5 4 5 5 4 4 5 5 2 2 3 5 4 4 5 0 2 2 3 5 3 5 3 5 4 2 3 1 5 2 5 1 2 4 1 3 2 2 5 1 1 2 2 3 1 2 2 5 4 3 5 3 4 2 4 3 2 3 3 1 4 4 1 1 3 1 2 5 5
3 4 2 4 4 2 5 5 3 3 4 5 4 4 1 2 1 5 2 1 5 2 5 2 3 2 5 3 2 2 2 2 4 2 3 3 2 0 5 2 1 2 1 3 4 2 3 3 2 5 3 4 2 2 5 3 5 3 2 1 1 5 4 2 1 1 3 5 2 4 1 1 2 3 4 2 2 3 1 5 1 4 5 4 1 1 1 1 1 1
4 3 1 4 5 1 4 5 5 4 1 2 5 4 5 1 1 4 1 2 1 4 5 5 4 2 4 1 3 1 2 2 3 5 2 2 2 2 0 4 4 5 2 1 3 4 5 2 2 4 4 3 1 1 1 2 5 3 5 3 1 5 3 1 4 1 3 3 3 4 5 3 5 2 3 3 1 2 3 5 2 1 4 4 2 2 3 2 1 2
1 5 5 5 5 3 4 2 3 2 4 1 5 5 3 5 5 1 3 4 1 2 3 5 4 4 5 1 5 4 2 4 5 2 4 5 2 3 4 0 2 4 4 3 4 2 1 4 1 2 4 5 2 1 3 4 5 1 3 3 4 5 4 2 4 4 4 5 3 4 3 1 4 5 4 4 1 5 5 5 1 4 4 4 5 1 1 3 1 5
5 1 3 4 1 5 5 5 3 5 5 1 4 4 1 1 4 1 3 4 2 4 2 1 5 5 1 5 3 5 1 5 5 2 1 5 1 1 4 2 0 3 3 4 5 5 5 2 1 3 2 1 1 5 1 4 5 4 2 1 1 2 5 1 4 5 2 3 4 1 1 3 1 4 5 3 3 5 3 2 5 3 3 1 1 1 1 3 2 4
4 2 5 5 2 1 1 5 3 3 5 3 1 1 3 3 5 2 5 3 3 2 1 5 4 3 2 3 5 2 4 1 1 2 3 4 3 2 3 2 2 0 4 4 5 2 5 2 1 3 3 5 3 2 4 5 1 1 1 3 3 4 5 4 3 1 1 4 2 2 1 3 1 4 5 2 4 4 4 3 1 1 3 4 4 4 2 4 1 5
2 1 1 2 3 3 4 2 2 3 4 2 4 4 3 4 1 4 1 3 1 4 2 2 2 2 2 2 4 5 1 1 4 3 4 1 1 3 4 2 5 5 0 4 1 1 2 2 4 3 3 2 1 3 5 5 2 4 1 3 2 3 2 4 5 2 4 2 1 4 4 1 2 5 3 2 3 2 1 2 3 1 2 5 4 4 1 5 2 1
2 1 2 3 3 2 5 2 4 2 4 2 4 5 4 3 3 5 3 1 4 3 5 4 5 5 3 1 4 4 2 1 2 4 5 2 2 3 1 2 2 5 5 0 4 1 5 5 5 4 5 2 3 4 4 1 3 5 2 5 4 1 2 3 3 2 1 2 4 1 1 4 2 3 5 2 4 5 5 1 2 5 2 2 4 1 1 5 1 4
4 2 5 3 3 1 1 1 2 4 2 2 1 2 5 4 2 1 4 1 3 4 5 2 1 2 1 2 1 1 4 1 3 2 1 3 3 5 1 5 2 4 2 3 0 2 2 2 2 2 2 4 4 1 1 3 3 3 2 2 1 5 3 5 1 1 5 5 3 4 3 4 5 4 1 4 3 4 1 2 5 3 3 5 5 3 4 2 2 2
2 3 1 3 5 2 5 5 3 4 4 2 4 2 3 3 3 1 4 5 2 3 5 3 5 1 5 4 4 2 1 5 4 3 4 5 3 2 3 1 3 3 2 5 1 0 1 5 3 2 4 1 2 1 1 4 4 3 1 5 5 5 4 4 3 1 1 4 4 5 4 4 4 3 5 2 1 1 4 1 4 5 5 3 5 4 5 5 3 1
5 5 3 4 2 4 4 1 4 3 2 1 3 3 1 5 4 2 2 3 4 5 5 5 4 4 2 4 4 3 3 5 3 4 4 2 3 5 5 1 1 1 4 1 5 2 0 4 5 3 5 3 5 2 4 3 4 1 2 1 1 5 4 3 3 1 4 2 4 3 4 2 1 4 3 2 3 4 1 3 1 4 2 5 4 1 2 5 3 1
1 4 4 4 2 1 4 3 4 3 4 2 4 5 5 4 4 4 3 2 5 4 3 1 1 5 5 4 3 1 3 4 2 5 4 4 5 2 1 1 5 2 5 1 2 3 4 0 5 3 1 4 1 5 4 3 3 2 3 1 3 2 1 5 5 1 2 4 1 2 3 4 2 4 5 5 1 2 1 1 3 1 3 5 4 1 4 4 5 3
5 3 3 1 1 3 5 2 1 1 3 1 2 4 2 4 2 4 1 1 4 2 5 3 5 1 1 3 5 3 5 4 4 4 2 2 2 2 2 3 5 5 1 3 5 2 2 3 0 4 2 4 1 3 5 4 2 4 4 3 1 1 2 5 3 5 4 2 1 3 2 2 1 2 1 5 5 5 4 3 1 2 4 5 1 2 4 1 1 2
3 5 1 5 1 1 2 4 4 1 4 1 2 4 3 4 1 3 1 4 5 3 2 2 3 4 5 3 3 3 3 2 4 4 3 4 3 5 2 5 4 4 2 4 5 5 4 5 2 0 2 3 4 3 1 3 4 4 5 3 4 5 5 3 4 3 2 5 2 2 2 4 2 5 1 2 2 3 3 2 2 1 5 1 2 2 3 5 3 4
5 5 1 4 3 1 5 3 2 1 5 5 2 3 3 5 1 4 5 3 5 3 1 2 3 5 4 4 3 5 1 5 2 4 5 2 1 5 2 3 2 3 3 1 3 5 3 5 3 3 0 3 3 4 4 5 3 2 5 2 5 1 5 1 4 5 5 4 3 5 5 1 5 5 2 1 4 4 2 3 1 5 3 4 1 4 1 3 5 2
3 3 3 1 2 3 1 3 3 2 5 4 4 1 5 2 2 1 1 4 2 1 2 1 5 4 2 3 1 2 4 4 4 1 5 3 4 5 1 1 2 1 5 4 2 1 2 4 5 5 1 0 2 3 3 5 4 1 3 5 3 3 5 2 3 5 1 3 5 1 5 3 5 1 5 2 4 4 2 2 4 4 2 2 1 3 4 4 1 5
5 1 2 4 1 4 5 4 4 5 4 4 5 4 5 4 5 4 2 3 1 3 4 1 3 5 3 1 1 3 4 3 4 3 5 4 2 3 3 5 4 4 2 4 5 2 5 3 4 4 1 3 0 4 4 2 5 4 4 5 5 5 4 2 2 5 3 5 3 1 3 1 1 2 3 3 4 3 5 3 4 1 5 4 3 2 3 3 1 2
4 5 4 3 1 3 1 5 1 5 1 1 1 1 5 3 2 5 2 5 3 4 1 5 3 2 4 4 5 3 1 2 5 4 2 4 2 4 4 1 4 4 1 5 1 5 3 2 5 4 4 4 2 0 5 4 3 2 1 1 2 2 5 1 3 3 5 4 4 2 2 4 4 4 5 5 5 1 5 2 5 2 3 4 3 3 2 3 1 1
4 5 5 1 5 2 2 1 5 5 2 2 1 1 3 2 3 5 2 2 3 3 1 4 3 3 1 2 4 1 4 4 1 5 1 4 3 5 3 2 5 3 1 4 2 2 1 2 4 5 4 2 5 4 0 2 1 1 2 5 2 4 4 1 4 2 5 4 1 5 2 4 2 5 4 4 4 1 2 4 4 1 2 3 2 1 5 2 4 1
4 1 4 4 3 4 3 5 5 4 3 4 3 5 1 4 5 3 4 1 1 1 2 5 3 1 1 1 3 3 3 2 1 3 2 5 5 2 1 1 4 1 2 1 5 3 3 2 2 3 1 5 5 2 5 0 1 2 5 5 5 1 5 4 4 5 4 2 2 2 1 5 4 4 3 5 3 1 3 5 3 2 5 3 4 2 2 2 1 3
3 5 5 4 2 2 4 5 5 5 1 1 2 3 5 4 1 4 4 5 1 4 4 1 2 3 2 1 3 3 4 1 3 3 4 5 5 1 1 3 2 4 1 4 2 3 1 1 2 3 4 4 4 5 5 1 0 4 3 5 2 5 5 1 3 4 4 4 3 5 2 4 2 3 5 3 1 2 5 3 4 4 4 5 5 1 2 2 3 2
1 4 1 3 1 3 2 2 1 4 2 1 3 1 1 3 4 4 4 4 2 1 4 1 2 2 4 5 3 2 4 5 1 1 1 5 4 4 5 2 5 5 1 4 3 3 5 2 2 3 1 2 4 3 2 2 4 0 1 3 4 3 5 3 1 4 5 3 3 2 4 4 1 1 3 5 2 2 2 1 5 2 2 3 4 1 5 4 2 5
5 4 1 5 1 5 1 5 4 1 4 1 1 4 3 5 5 2 2 3 5 1 5 5 1 2 5 5 5 4 4 3 2 2 4 3 3 4 2 1 1 3 3 5 4 5 2 3 5 3 4 1 2 5 4 1 3 4 0 4 2 4 4 3 1 5 2 5 4 5 1 1 1 1 3 5 2 1 5 2 5 2 2 2 5 1 1 2 1 4
1 5 5 4 4 3 3 1 1 2 4 4 1 1 4 5 2 2 4 2 1 2 3 2 3 5 4 4 5 1 3 3 4 5 3 3 5 4 3 1 2 5 2 5 4 5 5 5 3 2 2 2 3 4 3 5 5 2 3 0 4 1 1 2 1 3 5 2 3 5 2 5 2 4 3 1 3 5 1 3 1 2 1 1 1 4 1 1 3 5
4 1 4 5 4 5 1 3 2 4 3 2 5 4 3 2 2 5 2 3 3 5 5 1 3 5 2 4 4 2 4 5 5 1 4 4 2 1 1 2 5 5 4 1 1 4 2 3 3 3 2 2 5 5 4 2 1 1 5 5 0 4 2 4 5 3 2 5 3 3 4 1 3 5 1 4 1 5 5 3 4 3 5 4 4 2 4 4 5 1
1 3 5 2 4 5 4 2 1 3 3 2 4 5 3 4 2 1 2 4 3 1 3 5 4 5 1 2 1 3 5 1 2 4 1 2 1 4 2 4 5 4 1 2 4 1 1 1 4 2 2 5 3 2 4 4 3 5 5 5 3 0 1 3 3 3 1 3 4 2 5 2 1 5 5 1 5 4 1 1 5 2 2 4 5 4 2 5 4 3
4 3 3 2 2 4 5 2 3 5 5 2 2 3 3 5 1 3 1 2 3 1 2 5 2 1 5 4 3 5 2 1 4 2 2 4 4 3 5 3 1 1 2 3 3 3 1 3 2 4 4 4 1 4 1 3 4 1 4 5 2 3 0 3 5 1 2 5 1 4 3 2 1 2 1 4 2 1 4 4 4 5 4 5 3 5 1 4 3 3
1 2 4 5 5 1 2 1 1 1 5 4 5 5 1 4 4 2 3 2 2 2 5 4 5 1 2 1 2 5 1 1 3 4 1 2 3 2 1 4 4 2 1 1 2 5 5 2 5 2 1 5 4 1 4 3 3 2 1 2 5 5 3 0 2 5 5 1 4 3 4 5 2 1 3 3 1 5 3 2 4 3 5 1 2 5 2 4 1 3
3 5 3 4 5 1 2 4 4 4 3 5 5 5 5 2 2 1 1 4 2 3 4 5 5 4 1 1 4 1 1 1 2 4 3 5 3 2 1 2 1 3 3 3 4 5 1 1 2 4 3 4 1 5 3 1 3 1 3 3 1 2 2 4 0 2 1 4 4 2 5 4 1 2 3 3 5 5 3 3 5 3 5 5 3 1 3 4 3 1
4 5 1 5 1 3 1 1 5 3 4 4 5 1 2 5 2 5 1 1 5 1 1 3 1 3 4 4 4 1 1 5 4 4 3 5 4 3 5 1 3 2 5 3 1 2 5 2 2 3 4 4 3 4 1 2 2 4 3 5 4 4 3 5 4 0 2 4 3 5 3 5 1 3 2 2 4 2 2 1 3 1 1 4 2 1 4 5 4 1
3 5 1 1 3 3 1 2 1 1 5 1 3 5 3 4 4 4 1 2 1 4 4 4 4 1 4 2 3 5 1 2 1 1 3 5 5 1 5 5 5 2 5 2 4 4 3 5 3 1 2 5 4 3 5 3 3 4 2 1 3 2 4 4 4 5 0 3 1 5 2 5 3 5 1 3 1 4 3 5 5 5 5 4 2 5 1 3 2 4
3 3 4 5 3 2 2 5 2 4 3 3 3 2 1 1 4 1 1 2 3 4 1 5 2 2 1 3 1 5 1 1 1 5 4 1 4 4 1 5 5 3 1 2 3 1 3 1 4 4 4 5 2 2 1 5 1 5 3 2 3 4 5 2 1 1 2 0 4 5 4 4 2 3 3 5 3 5 5 1 4 1 4 1 1 5 5 5 3 5
1 5 4 5 3 5 4 3 4 1 2 2 5 4 3 1 2 1 5 2 1 5 3 4 3 2 5 2 2 5 1 3 4 3 3 1 3 5 5 4 3 1 3 3 4 1 1 3 2 1 5 4 1 2 5 1 4 5 5 5 3 1 3 5 4 4 2 5 0 2 5 4 5 1 2 2 2 5 5 1 4 3 3 1 1 1 3 5 1 4
4 4 3 5 3 2 1 4 1 5 4 4 2 5 2 5 4 5 3 2 1 2 5 5 2 2 3 5 3 4 4 1 1 3 1 2 5 3 1 2 4 1 2 4 4 2 1 2 4 4 5 1 5 3 5 1 1 1 1 1 1 1 2 2 5 1 3 3 2 0 4 1 2 1 1 1 5 4 3 1 2 1 3 5 4 3 4 5 2 1
1 2 2 3 3 1 3 1 3 4 1 3 4 2 1 4 2 4 3 2 5 2 1 2 5 5 1 4 5 2 2 5 5 4 4 3 2 4 4 1 4 2 2 2 4 2 1 1 4 3 1 4 1 2 5 5 1 3 4 5 4 3 1 4 3 2 3 4 1 2 0 1 3 4 1 5 2 4 2 2 4 4 4 4 3 5 1 5 2 1
3 3 2 2 5 5 2 4 1 2 1 4 5 3 2 3 5 3 3 4 3 5 2 2 5 5 1 3 3 5 5 1 2 1 2 1 3 4 3 1 2 2 4 5 4 5 1 3 4 1 2 2 5 5 2 1 4 2 4 3 1 3 4 4 5 2 5 5 5 1 4 0 3 3 2 2 4 3 5 5 1 3 5 4 4 1 2 4 5 5
5 5 5 1 4 1 3 4 5 2 5 2 3 5 2 2 3 2 5 5 4 1 3 3 4 1 3 1 3 4 1 1 4 4 3 3 5 4 1 2 2 1 1 1 5 3 3 4 4 3 4 3 3 1 3 3 3 2 1 2 1 1 1 3 5 1 2 2 4 2 4 4 0 4 5 1 1 3 5 2 1 2 5 2 3 1 4 1 5 5
1 3 3 3 5 1 5 5 4 4 5 2 5 3 1 4 5 1 2 4 3 5 3 1 3 1 2 5 4 5 1 2 4 5 2 5 3 4 2 5 1 1 4 1 3 1 5 3 2 1 4 5 4 2 1 4 3 4 4 2 4 5 2 5 5 4 2 5 2 2 1 1 4 0 3 2 3 5 2 5 1 4 5 1 4 5 4 5 2 5
5 3 1 2 3 1 1 2 4 3 3 3 5 3 5 4 1 3 5 5 5 3 5 3 4 3 1 2 1 5 3 1 1 5 5 1 3 2 4 4 2 3 3 2 2 3 3 5 2 1 3 5 4 2 4 5 5 5 4 5 4 1 3 2 3 5 1 1 5 5 4 5 1 5 0 5 1 2 1 1 5 2 3 3 2 2 2 5 2 3
2 2 4 3 5 3 3 2 3 5 2 4 1 4 5 5 5 5 1 2 1 3 4 3 2 3 3 3 3 5 2 2 2 2 2 2 3 3 1 5 4 1 2 5 3 3 2 1 3 1 5 5 5 1 4 2 1 4 3 2 5 4 5 2 5 1 3 5 4 4 5 2 5 3 3 0 2 1 3 4 5 3 4 1 3 3 3 5 4 4
5 2 1 1 2 4 1 1 1 2 1 4 1 3 3 4 5 4 4 4 5 3 2 3 2 4 1 3 2 2 4 2 3 1 3 4 2 2 3 2 3 5 3 1 4 5 1 4 1 3 1 5 2 2 2 1 1 4 1 4 2 5 2 4 4 3 3 4 3 2 4 3 4 1 1 3 0 5 1 2 5 5 5 3 2 4 1 5 2 4
5 1 1 3 4 1 3 3 4 1 5 1 2 3 1 5 1 5 1 2 2 1 2 1 1 3 4 5 1 4 3 3 3 4 3 1 5 3 3 5 3 4 1 4 5 5 1 3 2 1 2 4 3 1 4 4 5 2 1 1 1 4 3 4 5 1 2 4 2 2 1 1 4 2 4 4 1 0 1 2 2 2 3 1 3 3 1 2 2 3
5 2 4 2 4 1 5 1 5 3 4 4 3 1 1 4 2 5 3 2 1 4 3 4 1 5 3 3 4 1 2 2 1 5 4 1 3 1 3 5 1 4 2 3 2 1 4 5 2 5 1 5 2 2 4 1 1 2 4 5 2 3 2 4 5 2 5 1 1 1 2 4 5 5 2 3 3 5 0 1 3 1 2 5 2 3 4 5 5 3
1 5 3 2 4 5 1 3 2 5 2 4 5 1 4 5 5 4 2 4 5 2 1 5 5 4 5 2 2 2 5 5 5 5 1 4 3 3 2 1 1 4 4 3 2 2 4 1 5 5 2 4 4 1 4 4 5 5 3 3 3 2 1 5 4 1 4 3 3 1 5 1 3 2 5 3 3 3 3 0 2 2 3 1 1 3 1 3 3 3
1 3 2 4 4 3 4 2 5 1 2 2 2 4 5 1 3 3 2 3 1 4 2 4 1 1 2 5 2 2 1 2 3 3 1 2 1 2 1 3 2 3 1 2 2 4 1 5 2 3 3 2 1 3 3 3 5 3 5 2 5 5 5 5 5 4 2 3 4 2 5 2 2 4 4 5 5 3 5 5 0 5 2 4 5 1 1 4 3 2
3 3 4 3 1 4 1 2 5 4 4 5 5 3 1 5 2 3 2 1 1 1 3 4 5 5 2 1 2 3 4 4 1 4 1 2 4 2 1 2 1 2 1 3 1 3 1 3 3 3 5 1 5 4 4 5 2 1 5 4 5 2 5 3 4 4 4 4 3 2 4 5 2 1 1 2 1 5 1 1 4 0 5 1 3 5 4 4 5 1
3 3 5 5 4 5 4 1 4 5 5 4 4 4 1 1 4 4 5 3 4 5 1 1 2 1 5 4 4 3 1 5 4 5 3 3 2 5 5 4 1 5 4 5 1 3 4 2 2 3 3 2 4 5 3 3 1 2 2 5 3 1 5 5 4 3 2 1 3 5 4 2 1 2 4 4 4 5 4 3 2 1 0 3 1 2 1 2 2 5
4 4 5 5 1 3 1 2 5 2 1 5 1 1 4 2 2 1 5 3 2 4 2 3 4 2 4 3 1 3 2 1 3 4 4 3 3 1 1 5 4 5 4 3 2 5 1 2 5 2 3 5 2 1 3 4 3 2 1 3 1 1 3 3 1 1 5 5 1 4 3 1 3 3 3 2 4 2 5 1 3 2 1 0 1 2 1 1 5 3
2 4 1 3 4 4 5 3 3 4 5 1 5 2 5 3 2 1 5 4 2 3 5 1 4 5 5 2 2 5 4 3 5 5 5 2 3 2 4 1 5 4 1 4 3 3 1 4 5 3 4 1 1 2 1 1 5 1 4 1 5 1 2 2 5 3 4 1 1 5 1 2 3 1 1 3 1 4 5 4 3 2 2 2 0 5 5 5 1 5
1 5 4 4 4 3 4 4 5 4 3 5 1 1 5 2 1 4 4 2 4 5 3 1 3 4 3 5 1 3 1 5 5 1 3 2 2 2 2 1 1 5 5 5 3 2 1 2 4 3 2 3 3 1 1 2 5 3 1 2 3 5 2 1 1 4 3 5 2 2 4 5 5 5 2 5 4 1 2 5 4 5 1 1 5 0 4 1 1 4
4 3 4 5 3 3 5 2 2 1 2 4 1 4 1 5 5 5 5 3 3 1 1 1 1 5 4 1 2 2 4 2 1 3 5 5 5 2 3 1 2 2 2 1 4 4 3 3 3 4 3 3 3 4 3 3 2 2 5 3 3 2 3 5 2 1 4 1 3 5 3 5 4 2 1 4 4 3 1 1 1 3 2 4 5 3 0 5 5 4
5 2 1 1 5 2 5 5 2 3 2 4 4 4 4 1 2 5 4 3 1 2 3 1 1 1 2 4 4 3 5 4 3 2 3 4 1 3 2 3 3 5 2 2 2 5 2 3 2 4 3 5 2 4 2 4 4 2 3 2 1 3 2 5 1 3 2 5 4 3 2 1 2 4 2 5 5 4 3 4 4 5 3 4 3 1 1 0 2 1
2 3 5 2 1 1 5 4 4 4 1 1 3 1 5 4 5 2 3 4 4 4 2 3 3 3 5 2 5 4 4 5 2 5 4 1 1 5 1 3 5 1 5 3 2 1 5 3 2 3 1 2 1 1 5 2 1 2 2 5 3 2 2 1 2 2 5 1 1 2 4 3 5 3 4 1 5 2 1 2 1 4 2 1 4 1 4 5 0 4
1 4 3 5 2 2 1 5 5 2 1 3 4 2 3 3 4 3 2 4 5 1 3 1 4 4 1 1 3 5 5 3 5 2 4 3 4 3 2 1 1 3 2 3 1 3 2 1 2 3 1 1 2 4 4 4 4 1 2 1 5 4 3 5 2 5 4 4 2 5 3 4 1 3 1 1 4 4 2 5 2 2 4 1 5 4 3 2 3 0
56 26 34 30 39 60 37 67 34 69 74 16 76 32 68 25 61 39 28 26 33 38 23 14 26 67 55 71 11 18 82 9 27 79 73 31 87 38 44 88 20 26 81 64 39 6 2 21 68 32 61 13 38 8 15 84 27 71 84 52 43 40 71 57 62 58 12 55 90 25
25 46 54 21 41 70 3 40 29 53 59 86 27 24 79 70 7 45 25 11 9 90 42 57 42 76 74 16 19 83 87 4 31 28 8 3 29 8 51 58 89 90 10 77 4 39 61 50 75 2 73 4 40 58 50 56 81 66 86 13 71 73 81 54 33 48 28 4 71 20
42 21 35 14 63 63 15 37 26 41 89 61 26 1 10 15 21 2 4 30 65 17 7 27 8 27 59 21 15 90 79 18 50 26 79 64 1 2 3 26 85 83 59 4 23 84 62 47 59 79 82 15 70 12 27 24 71 89 29 87 21 10 65 58 74 19 38 72 60 62
22 16 46 25 76 38 64 51 90 33 44 53 46 4 42 21 2 68 17 16 18 31 85 86 15 70 48 17 81 87 61 61 41 41 29 32 9 75 17 21 32 86 67 80 9 88 6 72 56 8 34 34 51 41 69 48 80 75 21 1 90 44 30 21 24 25 35 54 28 6
86 83 49 52 15 29 11 18 14 88 17 49 7 89 11 67 37 75 63 28 15 36 29 17 20 63 85 44 50 64 34 89 87 24 64 39 23 89 78 87 90 30 44 46 3 58 10 10 14 81 30 56 3 27 71 44 11 37 67 84 35 63 26 14 36 9 41 36 74 42
40 25 43 24 78 62 24 26 63 23 45 6 35 53 78 78 63 7 10 9 12 69 51 50 64 30 43 73 75 41 83 58 13 75 57 33 71 40 27 77 10 72 35 39 15 56 75 43 47 21 77 77 75 17 18 7 19 64 42 88 85 69 40 31 37 42 31 28 49 56
77 36 89 69 6 58 32 69 33 80 57 57 10 38 9 83 69 11 72 54 29 33 21 23 6 68 20 2 24 10 56 1 75 61 82 63 62 34 50 82 2 17 64 52 7 14 67 68 9 35 45 57 53 43 26 64 14 23 61 51 45 48 56 47 60 66 30 33 5 27
80 10 88 58 35 49 46 86 1 15 14 29 3 87 39 12 46 14 8 68 35 37 27 35 44 62 42 46 62 77 47 15 12 6 17 69 25 50 5 85 49 24 77 70 42 69 54 89 73 52 21 26 16 65 6 15 84 50 54 8 24 66 2 35 32 22 44 11 45 3
57 67 84 40 64 61 19 22 39 73 71 8 62 35 36 28 30 15 37 29 16 48 24 72 59 47 51 25 12 88 65 45 84 65 42 34 40 76 28 63 67 76 73 47 10 11 50 16 76 72 43 16 11 1 87 90 18 55 57 85 29 74 58 66 54 2 87 80 36 65
90 11 13 50 69 1 5 58 17 74 85 77 59 10 30 31 68 85 90 61 31 85 62 15 53 24 3 74 21 20 41 47 73 60 23 46 84 68 63 7 50 31 80 88 71 48 51 34 39 26 52 20 73 18 8 54 60 44 71 76 9 22 53 77 89 45 68 78 79 82
7 52 82 90 81 87 18 62 59 68 3 42 67 60 86 57 20 70 82 57 43 76 39 78 35 28 66 30 65 56 27 80 10 57 43 25 89 10 47 27 28 34 85 28 73 15 48 24 17 61 14 22 63 74 51 6 23 1 66 11 36 24 19 53 45 14 47 47 73 77
61 61 71 54 74 31 14 55 46 83 6 25 78 79 16 23 29 52 22 52 39 15 82 36 56 48 9 90 18 86 30 27 55 44 19 55 81 58 53 76 65 65 65 20 82 47 87 87 33 83 80 83 6 49 78 35 36 11 44 56 73 53 14 18 70 73 25 42 24 89
29 24 27 13 45 80 79 79 22 42 12 50 33 7 12 68 82 40 53 83 80 22 70 21 11 64 7 38 47 37 26 88 21 66 26 20 39 24 39 73 80 35 37 23 70 89 85 36 26 78 29 12 67 7 29 28 40 62 50 17 22 82 48 65 6 75 67 63 21 4
69 14 38 20 27 24 38 82 48 67 28 71 15 76 8 52 48 64 41 12 70 88 6 68 78 40 25 15 58 61 54 37 40 25 20 77 18 18 36 17 57 51 13 29 36 18 80 82 6 70 70 86 54 60 57 55 30 70 72 19 66 38 42 70 16 77 69 27 38 14
47 44 65 17 25 65 84 36 70 4 69 85 75 36 1 35 39 21 30 78 67 62 8 47 84 75 80 31 78 60 57 48 33 38 58 51 70 12 19 64 66 19 83 35 12 81 57 52 74 3 59 50 42 76 83 65 12 38 34 25 84 83 62 81 46 61 51 57 51 7
62 28 29 1 12 23 9 1 7 79 10 24 48 90 77 29 65 60 74 33 88 14 3 60 70 19 18 13 84 66 74 63 64 85 55 15 86 71 59 81 76 11 45 63 6 63 88 12 49 63 6 75 80 37 37 8 85 59 10 40 88 64 70 49 51 28 7 32 70 61
45 4 74 71 73 86 43 23 72 50 78 89 18 43 49 40 77 67 68 89 86 57 4 37 83 54 50 79 89 81 76 78 28 23 48 43 60 62 16 62 44 89 11 33 52 78 4 29 35 69 18 74 50 14 20 12 29 47 88 62 82 16 13 60 25 53 52 70 42 29
66 38 6 73 20 5 30 27 89 16 30 81 90 57 80 10 67 76 88 72 45 77 63 41 31 25 47 54 69 6 24 10 8 29 72 90 14 11 10 29 21 73 42 84 77 51 44 71 71 82 76 79 90 35 23 18 89 29 37 30 77 52 27 75 80 52 74 85 43 44
65 48 79 72 68 33 53 54 28 11 61 63 13 69 71 47 74 65 5 74 78 11 9 52 29 8 65 5 44 25 32 71 53 31 32 30 24 1 70 89 63 33 69 72 20 5 35 56 13 20 40 1 86 22 45 63 62 21 5 72 33 30 66 40 65 3 46 82 6 30
46 79 81 61 38 40 57 65 57 28 87 39 54 15 40 61 43 90 84 7 30 4 78 8 48 26 90 48 79 76 88 54 36 87 16 57 45 86 89 28 26 85 1 60 37 67 27 83 77 13 17 67 64 88 16 72 33 9 53 82 39 45 47 37 48 17 20 64 76 59
26 54 19 60 48 46 34 30 76 90 75 5 2 88 90 39 28 27 51 86 81 13 40 7 90 77 64 57 77 32 59 14 61 45 86 87 64 31 85 11 14 82 32 50 49 12 72 27 42 11 75 48 78 64 28 26 10 61 80 39 38 27 75 25 43 16 62 69 40 2
8 89 20 77 61 68 62 16 32 64 36 75 16 63 73 53 72 43 52 63 4 18 2 24 50 31 67 75 64 34 1 40 42 70 60 11 63 51 7 47 48 75 36 43 80 34 33 37 38 62 60 80 39 73 3 53 44 13 63 10 31 46 77 69 66 35 66 76 77 51
82 51 11 22 51 73 72 7 3 57 58 62 50 44 34 75 57 73 58 18 50 58 54 90 12 71 82 41 7 82 46 64 11 13 12 82 65 63 65 86 9 41 23 6 44 75 16 73 8 71 48 11 52 3 66 9 9 22 14 43 32 5 33 87 64 76 53 17 72 26
31 63 69 2 3 81 35 42 65 44 81 32 17 67 23 17 41 13 77 81 6 71 17 85 25 16 15 69 4 47 37 31 80 76 21 89 74 69 1 78 72 6 18 89 25 90 32 62 36 33 19 27 21 42 30 75 20 88 15 77 58 60 78 6 4 36 14 50 23 69
4 53 30 11 89 34 1 20 18 29 47 74 73 11 20 69 71 16 61 25 44 65 47 1 17 73 40 52 61 69 15 32 25 33 13 4 73 47 81 68 18 38 16 76 86 17 26 31 87 4 44 68 17 31 56 30 83 68 68 83 54 86 69 79 47 29 43 81 9 85
60 34 15 68 62 11 10 46 53 14 11 45 19 50 3 11 86 51 39 67 34 7 35 40 30 60 41 81 86 30 25 68 20 22 61 7 21 66 79 69 75 7 5 66 79 72 79 38 27 19 53 30 74 66 62 2 5 74 8 48 47 29 85 34 23 27 72 23 27 58
15 40 41 83 58 4 47 85 54 76 23 56 53 77 62 33 75 8 60 41 19 83 69 18 45 15 58 3 23 74 90 7 32 7 77 40 82 5 30 23 83 2 74 61 68 35 13 75 31 24 90 28 68 39 76 62 22 45 23 66 46 55 8 29 82 60 36 15 26 83
16 66 50 41 75 42 45 8 67 12 4 59 47 54 47 34 54 31 15 24 76 8 52 54 66 22 89 10 46 21 35 26 78 27 4 44 2 30 58 34 78 3 38 49 58 19 46 4 83 43 23 72 56 9 79 76 55 56 35 58 6 75 67 48 2 70 45 65 54 33
37 60 21 4 19 75 61 24 82 78 26 35 24 21 48 66 62 33 76 6 68 16 22 13 19 35 26 11 88 49 11 17 56 90 37 49 52 83 73 48 1 14 20 21 48 54 23 8 90 87 47 42 83 20 46 88 15 77 78 49 65 9 44 20 68 43 58 25 84 70
50 41 61 38 88 28 7 3 71 17 39 40 6 16 87 60 5 28 75 10 27 6 73 79 49 7 62 33 38 12 7 3 72 21 24 41 66 85 76 79 45 28 19 87 61 46 29 49 64 51 85 43 12 40 75 43 17 10 33 47 62 43 7 32 63 72 84 53 65 16
5 39 75 0 71 55 90 53 85 40 64 12 52 62 7 48 26 88 0 27 5 9 31 16 60 79 2 84 20 72 71 79 5 32 50 76 10 21 23 20 58 74 56 34 65 23 53 48 37 6 24 9 66 38 38 68 38 17 39 73 87 26 39 46 71 83 81 30 46 90
85 37 2 0 37 36 40 47 12 31 37 76 36 48 0 0 18 38 0 79 23 19 43 55 76 65 70 9 22 65 0 22 52 68 25 10 54 72 22 2 24 49 3 73 85 24 74 9 60 54 69 60 0 0 10 66 6 57 11 0 25 31 46 30 55 85 83 77 33 13
35 47 1 0 4 39 51 68 0 10 70 26 64 37 0 0 33 63 0 14 60 0 86 74 72 53 22 53 39 28 0 41 89 39 18 22 8 70 48 70 52 39 25 38 13 28 56 69 55 89 41 23 0 0 86 38 13 46 49 0 40 39 73 45 9 64 13 43 75 48
68 68 59 0 0 7 22 74 0 18 13 3 68 30 0 0 4 77 0 55 42 0 0 39 34 10 86 0 40 50 0 62 24 0 11 61 48 36 43 65 43 43 87 79 11 0 34 41 29 1 55 52 0 0 31 17 58 87 9 0 49 7 74 83 53 81 5 24 48 74
75 13 4 0 0 78 42 50 0 24 31 21 8 39 0 0 84 87 0 2 59 0 0 31 69 42 0 0 41 38 0 0 63 0 46 73 19 90 64 84 35 0 61 69 72 0 22 59 66 0 79 87 0 0 32 37 75 53 62 0 0 0 20 0 38 78 61 5 31 11
87 0 63 0 0 51 69 90 0 21 63 19 83 40 0 0 85 3 0 56 75 0 0 62 16 89 0 0 2 31 0 0 6 0 88 17 51 81 52 83 0 0 30 8 41 0 76 64 41 0 9 81 0 0 0 41 0 16 0 0 0 0 0 0 12 0 39 18 11 63
0 0 14 0 0 30 44 14 0 8 0 51 70 0 0 0 32 0 0 85 62 0 0 71 65 33 0 0 83 71 0 0 71 0 69 59 36 82 8 8 0 0 0 57 27 0 69 0 0 0 0 38 0 0 0 32 0 82 0 0 0 0 0 0 0 0 16 62 89 1
0 0 3 0 0 3 0 0 0 75 0 46 14 0 0 0 73 0 0 77 41 0 0 67 88 0 0 0 55 0 0 0 14 0 44 48 79 37 67 55 0 0 0 16 0 0 49 0 0 0 0 45 0 0 0 23 0 8 0 0 0 0 0 0 0 0 0 0 0 23
0 0 0 0 0 10 0 0 0 0 0 15 0 0 0 0 0 0 0 0 85 0 0 0 86 0 0 0 0 0 0 0 39 0 1 86 0 0 14 0 0 0 0 58 0 0 73 0 0 0 0 0 0 0 0 0 0 0 0 0 0 0 0 0 0 0 0 0 0 10
0 0 0 0 0 71 0 0 0 0 0 0 0 0 0 0 0 0 0 0 0 0 0 0 0 0 0 0 0 0 0 0 0 0 0 85 0 0 0 0 0 0 0 0 0 0 64 0 0 0 0 0 0 0 0 0 0 0 0 0 0 0 0 0 0 0 0 0 0 0
0 0 0 0 0 0 0 0 0 0 0 0 0 0 0 0 0 0 0 0 0 0 0 0 0 0 0 0 0 0 0 0 0 0 0 0 0 0 0 0 0 0 0 0 0 0 0 0 0 0 0 0 0 0 0 0 0 0 0 0 0 0 0 0 0 0 0 0 0 0
0 0 0 0 0 0 0 0 0 0 0 0 0 0 0 0 0 0 0 0 0 0 0 0 0 0 0 0 0 0 0 0 0 0 0 0 0 0 0 0 0 0 0 0 0 0 0 0 0 0 0 0 0 0 0 0 0 0 0 0 0 0 0 0 0 0 0 0 0 0
0 0 0 0 0 0 0 0 0 0 0 0 0 0 0 0 0 0 0 0 0 0 0 0 0 0 0 0 0 0 0 0 0 0 0 0 0 0 0 0 0 0 0 0 0 0 0 0 0 0 0 0 0 0 0 0 0 0 0 0 0 0 0 0 0 0 0 0 0 0
0 0 0 0 0 0 0 0 0 0 0 0 0 0 0 0 0 0 0 0 0 0 0 0 0 0 0 0 0 0 0 0 0 0 0 0 0 0 0 0 0 0 0 0 0 0 0 0 0 0 0 0 0 0 0 0 0 0 0 0 0 0 0 0 0 0 0 0 0 0
0 0 0 0 0 0 0 0 0 0 0 0 0 0 0 0 0 0 0 0 0 0 0 0 0 0 0 0 0 0 0 0 0 0 0 0 0 0 0 0 0 0 0 0 0 0 0 0 0 0 0 0 0 0 0 0 0 0 0 0 0 0 0 0 0 0 0 0 0 0
0 0 0 0 0 0 0 0 0 0 0 0 0 0 0 0 0 0 0 0 0 0 0 0 0 0 0 0 0 0 0 0 0 0 0 0 0 0 0 0 0 0 0 0 0 0 0 0 0 0 0 0 0 0 0 0 0 0 0 0 0 0 0 0 0 0 0 0 0 0
0 0 0 0 0 0 0 0 0 0 0 0 0 0 0 0 0 0 0 0 0 0 0 0 0 0 0 0 0 0 0 0 0 0 0 0 0 0 0 0 0 0 0 0 0 0 0 0 0 0 0 0 0 0 0 0 0 0 0 0 0 0 0 0 0 0 0 0 0 0
0 0 0 0 0 0 0 0 0 0 0 0 0 0 0 0 0 0 0 0 0 0 0 0 0 0 0 0 0 0 0 0 0 0 0 0 0 0 0 0 0 0 0 0 0 0 0 0 0 0 0 0 0 0 0 0 0 0 0 0 0 0 0 0 0 0 0 0 0 0
0 0 0 0 0 0 0 0 0 0 0 0 0 0 0 0 0 0 0 0 0 0 0 0 0 0 0 0 0 0 0 0 0 0 0 0 0 0 0 0 0 0 0 0 0 0 0 0 0 0 0 0 0 0 0 0 0 0 0 0 0 0 0 0 0 0 0 0 0 0
0 0 0 0 0 0 0 0 0 0 0 0 0 0 0 0 0 0 0 0 0 0 0 0 0 0 0 0 0 0 0 0 0 0 0 0 0 0 0 0 0 0 0 0 0 0 0 0 0 0 0 0 0 0 0 0 0 0 0 0 0 0 0 0 0 0 0 0 0 0
0 0 0 0 0 0 0 0 0 0 0 0 0 0 0 0 0 0 0 0 0 0 0 0 0 0 0 0 0 0 0 0 0 0 0 0 0 0 0 0 0 0 0 0 0 0 0 0 0 0 0 0 0 0 0 0 0 0 0 0 0 0 0 0 0 0 0 0 0 0
0 0 0 0 0 0 0 0 0 0 0 0 0 0 0 0 0 0 0 0 0 0 0 0 0 0 0 0 0 0 0 0 0 0 0 0 0 0 0 0 0 0 0 0 0 0 0 0 0 0 0 0 0 0 0 0 0 0 0 0 0 0 0 0 0 0 0 0 0 0
0 0 0 0 0 0 0 0 0 0 0 0 0 0 0 0 0 0 0 0 0 0 0 0 0 0 0 0 0 0 0 0 0 0 0 0 0 0 0 0 0 0 0 0 0 0 0 0 0 0 0 0 0 0 0 0 0 0 0 0 0 0 0 0 0 0 0 0 0 0
0 0 0 0 0 0 0 0 0 0 0 0 0 0 0 0 0 0 0 0 0 0 0 0 0 0 0 0 0 0 0 0 0 0 0 0 0 0 0 0 0 0 0 0 0 0 0 0 0 0 0 0 0 0 0 0 0 0 0 0 0 0 0 0 0 0 0 0 0 0
0 0 0 0 0 0 0 0 0 0 0 0 0 0 0 0 0 0 0 0 0 0 0 0 0 0 0 0 0 0 0 0 0 0 0 0 0 0 0 0 0 0 0 0 0 0 0 0 0 0 0 0 0 0 0 0 0 0 0 0 0 0 0 0 0 0 0 0 0 0
0 0 0 0 0 0 0 0 0 0 0 0 0 0 0 0 0 0 0 0 0 0 0 0 0 0 0 0 0 0 0 0 0 0 0 0 0 0 0 0 0 0 0 0 0 0 0 0 0 0 0 0 0 0 0 0 0 0 0 0 0 0 0 0 0 0 0 0 0 0
0 0 0 0 0 0 0 0 0 0 0 0 0 0 0 0 0 0 0 0 0 0 0 0 0 0 0 0 0 0 0 0 0 0 0 0 0 0 0 0 0 0 0 0 0 0 0 0 0 0 0 0 0 0 0 0 0 0 0 0 0 0 0 0 0 0 0 0 0 0
0 0 0 0 0 0 0 0 0 0 0 0 0 0 0 0 0 0 0 0 0 0 0 0 0 0 0 0 0 0 0 0 0 0 0 0 0 0 0 0 0 0 0 0 0 0 0 0 0 0 0 0 0 0 0 0 0 0 0 0 0 0 0 0 0 0 0 0 0 0
0 0 0 0 0 0 0 0 0 0 0 0 0 0 0 0 0 0 0 0 0 0 0 0 0 0 0 0 0 0 0 0 0 0 0 0 0 0 0 0 0 0 0 0 0 0 0 0 0 0 0 0 0 0 0 0 0 0 0 0 0 0 0 0 0 0 0 0 0 0
0 0 0 0 0 0 0 0 0 0 0 0 0 0 0 0 0 0 0 0 0 0 0 0 0 0 0 0 0 0 0 0 0 0 0 0 0 0 0 0 0 0 0 0 0 0 0 0 0 0 0 0 0 0 0 0 0 0 0 0 0 0 0 0 0 0 0 0 0 0
