70 90 50 30 40
3
5
1
5
3
4
3
4
1
1
5
1
1
5
4
1
5
5
1
4
2
5
3
2
4
5
3
5
2
2
3
5
5
2
4
5
3
5
1
2
1
4
3
5
3
2
3
3
1
4
1
1
2
5
3
2
1
3
1
3
2
2
4
2
3
2
5
3
4
4
4
3
1
2
2
4
4
4
4
3
2
4
5
5
5
4
5
5
3
3
0 3 1 2 4 2 3 2 5 1 5 3 1 5 2 3 4 5 4 1 4 4 5 4 5 1 3 4 4 3 3 3 2 5 2 4 5 4 3 4 1 5 4 5 2 3 5 5 2 1 3 3 4 1 4 2 3 2 5 2 5 3 1 3 1 2 5 5 1 4 2 1 1 1 2 1 1 3 1 5 5 5 1 4 3 1 4 5 3 3
5 0 4 5 4 2 1 5 1 2 2 3 1 2 1 1 5 5 4 5 4 2 3 3 5 3 2 2 2 5 2 4 5 1 5 1 1 1 1 2 1 3 4 1 4 4 5 1 3 5 2 2 1 2 4 5 5 2 1 2 1 1 2 5 5 5 3 5 5 5 2 4 4 2 5 2 5 1 4 3 3 2 2 4 3 1 5 4 3 5
2 2 0 4 5 5 3 2 2 4 2 3 1 3 2 1 4 5 1 3 4 1 2 5 4 5 1 5 3 4 3 4 1 1 2 2 1 4 5 4 3 1 3 1 5 5 3 4 2 2 4 5 3 1 3 5 3 2 4 4 2 4 5 1 5 4 2 4 5 5 3 5 2 2 5 3 5 3 4 4 3 5 5 3 4 1 2 3 5 3
4 1 3 0 5 5 2 1 4 5 3 5 5 3 5 3 2 2 4 4 3 4 5 5 4 1 5 2 4 3 3 5 1 2 2 4 1 2 1 5 5 5 2 2 4 1 1 2 3 2 4 3 5 1 4 1 3 4 2 5 5 1 3 3 3 3 3 2 1 1 5 3 1 1 2 4 5 5 1 5 2 5 3 5 5 3 4 2 5 4
3 3 2 3 0 4 1 1 3 5 1 5 2 1 1 2 4 5 3 2 5 3 1 4 2 1 1 4 3 2 1 5 3 1 5 2 1 5 5 3 2 4 5 2 1 4 2 3 2 3 2 3 4 3 5 1 1 2 5 2 2 1 1 5 2 5 5 2 2 4 5 3 1 3 4 4 2 3 1 1 4 2 5 2 1 4 3 5 2 4
5 4 3 5 4 0 1 5 2 3 5 5 2 3 4 2 3 1 2 2 2 2 4 2 2 2 5 2 3 4 4 1 4 1 1 3 1 4 4 3 2 5 2 2 3 4 3 4 2 1 1 5 2 2 3 2 4 1 2 4 2 3 3 3 4 1 3 2 2 2 1 2 5 3 2 1 4 4 5 3 1 2 3 3 3 1 2 2 5 4
5 3 3 3 3 2 0 2 5 4 3 3 4 5 4 3 2 4 5 2 4 4 5 2 3 3 3 5 2 4 3 5 1 1 3 3 2 4 2 2 5 3 5 1 3 4 4 5 5 3 5 4 4 2 1 5 4 4 2 2 4 5 4 5 2 1 1 1 4 3 2 2 3 5 5 5 1 1 1 3 3 5 1 3 3 4 2 2 1 3
3 4 2 5 5 1 2 0 4 5 1 4 5 5 3 3 4 4 2 1 5 3 1 2 5 2 4 5 4 1 2 5 1 4 2 3 1 5 5 4 3 2 1 4 3 3 5 5 2 4 4 4 2 4 3 2 1 5 2 2 2 1 3 1 5 4 3 3 1 5 3 3 4 3 4 2 2 2 5 2 1 1 2 3 1 2 5 1 4 2
3 1 5 2 3 4 3 3 0 1 5 1 1 4 4 4 5 3 4 3 4 1 1 2 2 4 4 1 1 1 2 4 3 2 5 2 5 2 4 3 2 5 2 3 2 4 1 3 1 2 4 3 1 5 5 1 1 1 2 3 3 4 2 4 2 4 5 1 1 3 4 1 1 3 4 2 2 5 3 1 1 5 1 3 1 2 1 1 5 3
4 3 4 3 3 4 5 4 5 0 2 4 4 5 4 3 4 4 1 5 5 2 4 3 3 2 3 2 3 1 3 2 2 5 3 1 2 3 3 3 1 1 2 4 5 3 1 5 4 4 2 5 4 4 1 4 5 1 4 4 4 1 3 3 3 2 5 2 2 5 2 2 4 4 5 5 2 3 4 1 3 2 4 4 1 4 1 4 1 5
1 1 1 5 3 3 4 3 1 5 0 5 5 5 3 4 2 2 5 3 1 3 1 3 2 5 5 3 3 1 5 1 1 3 1 5 3 2 5 5 4 2 5 5 3 2 1 3 5 5 3 1 5 2 5 4 3 3 2 1 1 4 2 1 2 4 1 2 5 2 4 1 4 5 4 3 2 1 3 4 4 2 1 3 5 3 1 2 3 1
2 3 2 3 2 4 4 2 4 2 1 0 3 3 4 4 5 3 4 4 3 2 2 2 1 2 4 2 5 3 1 4 5 2 1 1 2 5 3 1 2 2 4 5 4 3 4 5 5 1 3 1 2 4 5 4 5 3 2 1 3 2 4 4 2 2 5 2 4 2 1 5 3 2 5 2 1 4 1 1 2 4 2 2 1 5 4 4 4 3
4 5 5 1 2 1 1 5 4 3 1 4 0 5 3 4 3 1 3 5 3 4 4 5 2 3 2 3 5 2 5 4 5 4 1 1 5 5 1 2 5 2 2 4 1 4 1 5 3 4 2 4 2 3 4 2 2 3 1 4 1 2 2 3 4 2 3 5 2 5 2 1 1 4 5 1 5 1 1 5 2 4 4 3 1 4 2 5 2 5
3 3 4 5 4 4 2 1 2 4 1 1 1 0 4 2 5 2 3 1 3 3 5 1 3 3 1 5 2 4 1 4 4 1 3 5 4 1 3 1 2 2 1 1 5 1 4 3 3 1 4 4 4 2 2 4 1 2 5 5 5 5 3 1 5 3 4 3 4 5 1 3 2 5 3 1 1 3 2 1 3 2 3 2 3 4 5 4 5 2
2 1 2 3 4 4 3 2 3 5 2 2 4 4 0 5 2 2 5 1 5 2 2 5 2 3 1 1 4 4 4 1 5 1 4 4 1 4 5 4 5 4 4 1 4 3 2 1 5 5 1 3 4 4 2 1 1 2 5 1 2 4 5 5 3 5 1 3 1 3 1 1 2 1 5 5 5 5 1 4 2 1 1 5 2 1 3 3 1 5
4 2 1 4 5 1 1 4 2 4 1 3 1 3 4 0 2 3 5 4 2 3 5 1 2 4 5 1 4 5 3 2 1 4 5 1 1 4 5 2 2 5 5 4 2 5 5 4 5 5 5 1 2 1 2 2 3 4 4 1 3 4 5 3 4 3 5 2 5 2 1 5 2 5 1 1 2 1 1 2 3 2 4 2 5 3 1 5 2 4
5 5 3 1 5 4 2 1 5 5 3 3 5 1 4 1 0 3 2 2 3 2 5 4 4 3 2 2 1 1 2 1 2 2 1 5 2 5 2 2 2 1 5 2 5 2 2 2 5 3 2 3 2 4 4 1 4 2 2 5 3 1 4 4 1 4 2 2 5 4 1 1 3 2 5 2 5 1 4 2 4 4 5 3 3 4 1 2 1 2
3 1 4 4 3 3 4 4 2 1 4 1 1 1 4 1 5 0 4 3 2 4 5 5 3 4 1 3 2 4 5 4 5 5 5 3 2 5 1 4 1 5 2 1 2 3 5 3 4 5 3 4 5 1 3 5 4 2 5 1 5 2 5 1 4 2 3 3 2 5 1 2 2 5 1 5 2 3 3 3 2 1 4 1 3 4 4 3 3 3
3 3 3 2 5 1 5 2 4 4 1 4 5 3 3 3 4 3 0 4 4 4 2 4 3 1 1 3 5 5 2 2 3 5 2 3 4 5 5 3 5 2 4 3 3 4 1 1 3 1 4 3 1 4 5 5 5 4 5 5 1 5 2 4 3 2 4 4 5 3 1 2 2 4 3 4 1 4 2 4 4 3 3 4 5 5 2 4 1 2
1 2 1 3 5 4 5 3 4 5 1 3 4 2 2 4 1 3 4 0 5 1 3 2 3 3 2 5 1 1 3 3 5 5 4 1 5 3 4 3 3 2 1 4 1 2 3 5 2 3 3 3 1 3 1 5 3 5 4 5 2 3 1 1 1 3 1 2 5 5 3 3 1 3 4 4 5 2 2 3 2 1 2 1 2 4 2 1 2 4
4 1 4 3 1 4 1 1 1 4 2 4 3 3 3 2 5 1 3 2 0 2 4 2 2 2 3 5 5 1 1 3 3 5 3 3 3 3 2 5 4 4 3 3 4 5 4 5 1 1 4 4 2 4 5 5 2 2 3 3 2 2 2 4 3 4 2 1 4 5 3 3 2 1 3 5 2 5 2 5 4 5 1 4 5 4 2 3 3 1
4 2 4 3 4 3 5 2 2 1 4 5 3 4 1 3 2 1 1 5 3 0 5 4 2 4 3 2 1 4 5 4 1 2 4 5 2 1 5 3 3 1 2 3 2 3 2 5 2 2 3 1 5 1 3 2 4 3 1 3 4 2 1 3 1 2 2 5 4 2 3 1 5 3 3 1 4 2 5 5 3 3 3 2 2 4 1 4 4 4
2 3 4 4 5 5 5 2 5 4 2 3 5 4 1 3 5 4 5 2 1 1 0 2 3 3 4 4 1 4 1 5 5 1 1 3 2 4 3 4 5 5 4 2 2 3 2 2 1 2 5 1 3 1 2 5 2 4 1 5 5 3 4 3 3 2 4 2 4 5 4 5 2 1 5 4 2 3 4 2 3 3 5 1 3 4 1 1 4 3
3 3 3 3 3 3 4 5 1 5 3 3 1 3 4 5 5 3 1 5 3 2 3 0 1 4 2 2 3 3 3 2 2 2 2 1 5 4 3 5 5 5 1 5 2 3 5 5 3 5 1 4 1 5 4 5 2 2 3 3 3 4 3 3 2 2 4 3 3 4 2 3 1 1 2 2 5 2 2 2 5 1 4 1 4 5 2 2 3 2
5 5 5 1 1 3 5 5 3 5 2 3 5 1 5 4 4 3 5 2 2 5 2 1 0 3 1 4 5 4 1 1 1 1 5 2 1 3 4 4 1 1 5 4 2 3 1 5 2 2 5 2 3 3 2 2 3 2 3 2 5 3 5 2 1 2 2 5 3 3 4 4 1 2 4 1 4 1 4 4 3 1 3 5 5 3 2 4 5 2
1 1 5 3 2 4 1 4 3 4 3 5 1 2 4 5 4 3 2 5 5 2 1 5 3 0 3 5 2 1 3 4 2 1 4 5 2 5 2 5 4 1 2 3 3 2 5 1 1 4 2 3 2 2 4 3 2 1 3 4 4 2 1 4 1 3 3 5 3 5 1 2 3 3 3 3 2 1 2 3 1 2 3 5 5 3 1 3 4 2
2 5 3 5 3 4 5 2 4 1 5 3 2 2 5 4 3 3 5 3 5 3 1 3 4 2 0 4 2 5 2 1 3 4 4 1 1 4 1 2 5 2 4 4 3 2 1 2 4 4 4 3 4 5 3 5 3 4 1 2 4 2 1 5 5 4 2 5 5 1 1 1 1 4 1 1 4 1 5 4 3 4 3 4 2 5 3 5 5 1
1 2 4 4 3 1 2 5 4 3 5 4 1 1 4 4 5 2 4 1 3 2 1 5 3 2 4 0 2 2 1 3 5 4 3 4 2 3 2 4 4 2 5 4 4 4 5 4 3 3 3 4 4 5 3 2 2 5 1 1 3 5 5 2 4 1 3 2 2 5 1 2 4 1 4 5 4 4 3 4 2 2 5 4 4 5 5 1 5 5
3 2 3 3 4 2 2 1 5 1 2 1 2 3 3 4 3 3 5 4 5 2 2 5 4 1 1 2 0 2 2 3 3 1 1 1 2 2 4 1 4 3 5 5 1 1 1 5 4 3 5 5 3 2 3 3 3 5 4 2 3 4 4 3 2 5 3 4 3 3 2 2 3 3 1 4 5 4 1 5 3 2 1 5 3 2 5 5 1 4
2 2 5 1 4 4 3 4 3 1 3 2 2 2 4 3 5 2 4 2 4 4 5 3 3 5 4 4 5 0 3 4 4 2 5 5 3 3 2 3 5 3 3 2 2 1 5 1 1 3 5 1 1 1 2 3 3 4 3 3 2 5 2 4 1 5 4 2 3 2 1 5 2 1 2 3 4 1 5 2 5 5 4 1 4 5 5 2 1 4
5 1 5 3 2 5 1 4 5 1 1 4 5 3 1 4 2 5 3 2 5 4 3 2 3 5 4 3 1 3 0 1 3 4 3 2 3 1 5 4 3 3 1 3 2 1 1 5 4 2 5 3 3 4 3 5 5 5 5 5 3 4 2 4 5 1 2 1 3 5 3 4 5 5 3 3 4 5 1 5 1 2 2 2 3 2 3 2 3 3
5 3 2 1 1 2 2 4 2 3 2 3 2 3 1 2 4 5 4 4 2 3 1 5 4 2 2 2 5 1 2 0 1 5 1 1 3 1 4 3 1 1 5 2 3 2 5 5 3 4 3 1 1 4 2 5 2 3 3 1 2 4 3 4 3 5 4 2 2 4 5 4 3 5 4 3 5 1 3 5 2 5 1 5 4 1 5 4 2 4
5 5 2 5 4 4 4 5 3 2 3 3 5 5 5 1 2 3 5 1 3 5 2 4 1 5 1 4 1 2 3 5 0 3 3 5 5 3 3 4 1 5 3 2 5 3 2 2 4 3 3 5 5 3 1 4 3 1 5 4 3 1 1 5 4 4 4 1 1 4 5 1 4 1 2 5 5 4 5 1 3 1 1 5 5 4 3 2 3 1
1 4 2 3 5 4 2 3 2 3 1 5 3 5 2 2 2 1 5 4 4 1 5 3 4 2 2 5 3 1 3 3 2 0 4 1 4 2 5 3 1 5 3 4 5 3 2 5 4 3 4 4 1 3 3 1 4 3 4 3 2 2 3 3 1 2 1 4 2 3 2 1 2 2 4 1 3 1 1 3 3 4 3 2 2 4 4 3 2 3
3 3 2 2 4 4 3 3 1 3 4 5 3 1 4 3 2 2 3 1 1 3 4 4 5 2 1 5 5 2 1 2 4 3 0 1 4 4 5 4 2 2 5 1 4 3 1 4 3 3 3 3 5 1 2 1 1 4 3 3 2 1 4 4 5 2 1 1 2 4 4 4 1 5 2 5 3 3 4 2 5 4 3 3 1 2 3 4 4 5
3 1 4 3 3 2 5 1 3 4 1 1 1 2 3 4 2 4 1 5 2 3 5 1 4 3 4 4 3 1 3 1 4 5 5 0 4 3 1 1 3 4 5 4 4 4 1 5 5 3 2 2 3 4 5 1 1 2 4 5 2 4 5 3 5 4 5 3 4 2 4 1 2 5 2 3 1 2 4 3 1 3 4 2 2 1 3 4 3 5
2 3 3 5 5 2 4 4 5 4 4 1 3 4 4 3 2 2 3 2 4 5 4 5 2 1 3 4 1 5 1 3 4 5 4 3 0 4 4 5 1 1 3 2 4 4 4 1 3 4 2 3 1 2 5 5 3 2 5 4 2 1 5 5 2 3 1 1 3 4 2 1 1 5 3 2 1 2 1 4 2 1 5 2 2 2 5 5 3 5
1 4 2 4 1 4 2 2 3 5 2 5 5 5 1 4 1 4 5 4 2 3 4 5 2 5 1 1 1 2 5 3 5 2 5 2 1 0 2 5 1 1 2 5 4 3 2 5 4 2 1 2 3 2 2 5 3 2 1 1 5 5 4 2 1 4 5 1 4 3 4 5 3 2 2 5 5 2 3 3 3 2 1 3 4 4 1 1 1 4
1 5 1 4 4 5 2 5 1 3 5 2 4 1 5 3 3 1 4 1 1 2 4 3 1 1 5 3 2 2 4 5 1 4 1 2 5 2 0 2 1 2 1 2 2 1 3 1 1 2 2 2 2 5 3 2 2 5 3 4 2 1 1 1 1 5 2 1 3 2 1 3 2 3 4 4 2 1 1 1 2 4 4 1 2 4 3 3 1 4
1 4 1 3 3 3 1 3 3 5 3 3 2 1 3 3 2 4 2 4 4 1 1 2 5 5 3 1 3 4 1 4 5 3 2 5 1 1 2 0 2 3 4 3 4 3 3 3 4 4 3 3 1 1 2 1 3 1 3 2 2 2 5 2 2 3 4 4 1 3 3 4 2 1 3 1 3 1 2 4 1 3 2 4 1 3 1 3 5 2
2 3 4 1 4 5 1 2 1 5 5 2 1 3 2 2 5 4 3 4 4 4 4 5 4 4 1 4 5 1 1 5 4 5 5 2 5 2 3 2 0 4 2 2 4 2 4 2 3 1 1 1 4 1 5 4 3 4 3 2 4 4 5 4 2 2 1 3 3 5 5 5 5 1 5 3 2 5 1 5 1 2 2 3 4 2 5 4 1 4
4 3 1 4 5 1 2 3 1 2 2 4 4 2 3 1 5 2 1 5 5 2 5 3 3 3 1 5 2 2 2 5 4 5 1 4 2 2 1 4 2 0 3 5 4 5 5 1 4 2 4 3 2 2 5 3 5 5 4 5 2 3 1 3 3 3 3 2 2 1 1 4 3 3 1 3 4 1 5 4 4 2 1 5 4 5 5 5 3 2
3 4 2 3 2 2 4 4 1 1 3 5 1 2 3 1 5 3 2 4 2 5 1 5 2 2 5 5 3 3 3 3 3 4 5 1 3 3 1 2 4 4 0 4 4 5 3 1 4 3 2 5 4 3 1 3 1 2 4 2 1 4 5 2 2 1 4 3 2 4 1 1 5 4 1 3 4 4 5 3 4 4 1 3 3 5 3 1 4 3
4 3 5 4 5 4 2 1 4 2 4 3 2 3 3 3 4 2 4 1 3 4 3 2 4 4 3 1 2 1 2 1 5 4 2 3 2 4 5 3 1 4 4 0 5 2 5 5 2 5 3 3 4 5 3 2 5 5 3 5 3 4 3 5 3 2 3 3 2 5 3 5 3 4 5 4 2 2 3 1 2 1 5 5 4 2 2 3 5 1
5 4 2 4 1 1 2 5 4 2 1 4 3 3 2 5 4 1 1 5 3 2 1 1 5 1 5 1 1 5 4 5 1 1 2 4 5 1 4 4 1 5 5 1 0 5 2 4 3 3 5 1 1 2 3 1 5 2 4 2 4 3 5 5 2 2 4 1 3 4 4 2 4 3 5 5 1 4 3 4 3 2 1 5 3 2 1 1 5 2
2 3 1 3 4 2 2 4 3 4 4 4 2 3 2 2 4 2 5 5 1 5 3 3 4 4 2 4 1 3 5 3 5 4 3 2 3 5 4 2 1 5 4 3 2 0 2 1 3 5 3 2 5 3 4 3 3 2 5 5 5 3 5 4 3 1 4 2 4 5 4 4 1 1 5 3 1 2 5 1 2 5 4 4 1 3 5 2 3 5
5 4 4 3 1 3 1 4 2 2 2 1 4 4 1 3 5 5 5 1 1 1 4 2 5 1 5 1 1 3 3 1 2 2 1 2 4 2 3 4 3 3 3 5 3 2 0 5 3 5 3 4 3 3 3 2 4 5 2 5 1 2 5 4 4 3 2 3 2 4 2 1 5 3 4 5 1 4 2 2 5 5 5 3 3 3 3 2 1 1
4 3 5 2 1 2 5 4 1 2 2 3 5 5 5 2 1 4 2 1 5 2 1 5 2 2 4 3 3 4 3 2 1 4 5 5 1 3 4 5 2 4 5 2 5 5 3 0 1 3 5 4 2 1 4 1 3 3 3 4 1 1 5 4 2 2 4 5 3 5 4 3 3 4 2 4 1 3 1 4 1 2 2 3 5 1 5 5 4 1
2 3 4 1 4 4 3 3 1 1 5 3 3 1 1 2 4 5 3 4 2 1 3 4 5 2 4 3 3 1 4 2 1 1 4 3 5 4 4 3 3 2 2 4 2 3 1 2 0 5 1 1 2 3 4 4 1 5 1 5 2 1 2 4 1 5 2 5 4 2 5 1 5 2 2 2 2 4 3 4 4 4 2 5 4 2 3 4 1 4
5 5 2 4 4 2 5 4 3 1 3 4 4 3 3 5 5 2 4 5 3 4 4 3 5 4 1 2 3 1 2 4 5 4 2 2 5 5 1 2 2 1 4 1 4 2 1 2 2 0 4 4 4 1 1 2 1 1 5 3 3 3 3 1 1 1 2 1 2 5 5 1 3 1 1 4 4 2 1 5 3 1 1 5 5 1 2 4 2 5
5 3 5 4 2 4 4 1 4 3 2 1 1 3 1 3 4 4 2 5 4 5 5 4 1 5 3 2 2 3 3 4 2 1 5 2 4 3 5 5 5 3 4 2 4 2 3 1 4 3 0 4 4 5 5 4 1 5 1 1 5 5 3 5 4 1 1 2 5 3 3 3 5 4 1 3 4 3 3 3 1 4 3 2 2 2 4 5 3 5
3 3 4 1 2 1 4 2 1 2 4 3 4 4 5 1 2 5 1 4 1 3 1 1 4 1 5 2 4 3 5 5 4 1 3 5 3 2 4 4 4 3 2 3 1 5 1 4 1 2 1 0 1 1 3 2 3 1 5 3 1 3 3 5 5 3 5 3 4 2 2 3 4 4 5 4 4 1 4 5 2 5 5 4 4 4 4 2 2 1
5 5 3 3 5 1 5 4 2 4 5 5 2 5 2 1 2 5 3 3 1 1 3 4 1 1 3 3 3 3 2 4 1 1 1 1 3 2 5 3 3 5 1 2 4 4 4 4 2 1 5 1 0 4 1 4 3 3 4 2 4 5 5 5 1 2 5 5 4 5 1 2 2 4 2 3 1 4 1 1 2 4 4 1 4 2 4 4 2 1
5 2 2 3 1 4 1 1 5 1 1 5 2 3 1 5 1 5 1 3 3 5 2 1 1 1 1 2 2 5 4 5 1 1 5 2 3 4 1 4 5 5 2 5 3 5 3 2 5 4 2 2 1 0 5 5 1 2 2 5 5 4 4 1 4 4 1 1 4 1 5 5 1 4 3 1 3 3 4 2 3 5 2 4 1 2 3 1 2 1
5 5 1 2 5 4 5 1 2 5 2 4 2 3 5 5 3 2 4 4 5 5 1 1 4 2 2 1 5 3 3 3 4 4 3 1 5 3 1 1 1 3 1 5 5 4 5 1 2 1 1 1 3 2 0 4 5 2 2 4 5 1 2 3 4 3 5 2 2 2 5 5 1 2 2 4 3 2 5 2 2 2 1 3 3 5 5 4 1 2
2 1 4 1 2 3 3 3 3 1 4 5 5 1 1 5 5 4 2 5 3 5 5 1 4 4 4 1 3 1 4 2 3 2 1 1 2 2 1 2 1 1 5 2 2 1 1 4 1 4 1 3 4 2 2 0 4 1 2 4 5 3 1 2 3 4 1 3 4 2 2 5 2 1 3 4 1 1 4 4 3 1 2 5 3 1 5 1 2 1
3 5 5 2 1 5 2 2 3 1 3 2 2 3 2 1 5 4 5 5 2 1 1 4 1 3 5 3 1 1 4 2 4 1 4 1 2 1 2 1 2 2 3 2 4 3 2 1 1 1 5 2 4 4 5 2 0 3 4 1 4 2 5 4 2 3 5 4 2 4 1 3 1 1 1 3 2 3 4 1 4 3 3 5 3 1 5 1 2 5
4 4 3 3 3 5 5 2 5 4 5 5 5 5 2 1 5 2 4 5 5 3 5 4 1 3 1 4 5 4 1 4 1 3 5 4 1 1 2 2 5 4 3 4 2 4 3 2 4 5 1 5 5 2 3 4 5 0 4 3 4 2 2 3 5 3 1 5 3 5 3 1 5 5 1 1 4 3 2 3 4 1 3 2 4 1 4 2 4 5
5 3 4 3 4 5 2 3 1 3 1 2 2 3 2 3 1 4 4 3 3 3 4 2 5 5 1 5 2 1 3 1 4 2 5 3 2 2 2 4 5 4 3 2 3 2 4 5 2 3 2 3 3 1 5 4 2 3 0 2 4 5 3 5 2 4 1 2 3 1 1 5 1 4 3 1 5 1 2 3 5 5 4 2 2 2 5 1 2 3
4 1 2 2 2 2 1 1 1 4 1 2 2 3 1 4 1 4 1 3 3 3 3 1 3 3 4 5 3 5 2 5 1 2 5 5 2 1 5 2 1 4 2 2 1 5 1 1 2 1 5 4 2 3 2 1 5 5 5 0 5 1 2 1 2 4 3 3 5 1 2 3 5 2 2 5 3 5 2 2 5 4 5 4 3 4 5 2 1 1
3 5 1 3 5 4 2 4 5 5 4 4 3 3 4 5 4 2 5 5 4 4 4 5 1 2 3 2 1 1 2 4 3 2 4 1 1 2 1 1 1 3 5 1 5 2 3 1 3 3 2 5 4 3 4 3 5 3 2 5 0 5 4 2 1 3 3 4 4 2 2 2 4 1 5 1 1 3 1 1 2 2 1 4 1 5 5 4 3 4
1 4 3 5 3 4 3 3 4 4 2 1 2 2 2 4 1 2 5 1 3 5 2 3 2 5 4 5 2 4 1 4 2 4 5 4 5 1 4 5 3 3 1 3 2 1 4 3 2 1 1 1 5 5 1 4 4 3 4 1 4 0 1 5 1 4 4 3 4 1 2 5 2 3 2 1 5 5 4 2 2 4 1 2 3 4 5 4 5 1
1 1 2 1 5 1 1 5 2 4 1 1 2 3 4 2 5 4 1 4 4 1 2 2 2 1 4 1 4 3 4 4 4 2 5 3 4 4 2 5 4 5 2 5 4 2 2 5 4 4 2 4 2 4 4 1 2 2 2 1 4 3 0 1 5 1 5 1 3 5 3 2 3 3 5 5 4 5 1 1 1 1 1 4 5 4 2 5 5 4
5 3 2 5 5 1 1 2 4 3 2 1 4 4 5 2 4 3 3 4 1 1 2 2 3 2 2 3 1 5 3 3 1 3 2 2 4 3 2 1 5 3 1 4 3 4 5 3 4 2 1 4 4 2 2 1 4 4 2 5 3 1 4 0 5 3 3 4 4 3 3 1 5 4 1 3 3 3 5 3 4 2 1 1 5 5 5 5 3 3
4 3 1 2 5 2 2 2 4 3 4 3 1 2 2 4 1 3 3 2 5 5 3 1 3 3 5 3 5 1 3 4 5 3 2 3 2 1 1 3 2 2 3 2 1 4 4 5 3 2 1 1 4 5 5 5 2 3 2 5 5 3 4 3 0 2 1 1 4 2 3 5 1 3 1 5 2 2 1 4 1 3 5 3 2 2 1 2 4 2
3 4 1 1 2 5 2 1 3 5 2 2 4 1 3 3 1 5 5 3 5 4 1 1 4 2 5 3 3 4 2 3 1 3 4 5 4 1 2 1 4 4 1 1 4 1 4 2 5 4 2 2 4 1 1 2 2 1 2 3 2 5 2 4 5 0 4 1 3 1 1 3 3 5 3 5 1 3 5 5 1 5 4 4 1 5 1 4 1 4
4 3 1 2 4 1 1 5 1 3 3 4 1 3 5 3 4 5 4 4 1 2 3 4 1 3 4 3 5 1 2 3 2 2 5 2 5 5 2 3 5 3 1 4 2 1 5 5 3 4 3 2 1 1 2 5 4 5 4 3 4 4 3 3 4 2 0 3 1 2 2 5 5 3 3 3 5 3 5 1 1 4 5 4 5 1 4 1 1 1
4 4 5 3 4 1 1 5 4 2 1 1 1 2 3 4 3 3 3 3 2 2 3 4 1 2 5 1 3 4 4 4 1 1 2 4 4 2 3 2 4 2 1 2 4 3 3 4 3 4 2 5 4 2 3 5 5 2 5 4 4 1 1 1 3 3 4 0 2 1 4 2 4 1 4 2 2 2 5 2 5 5 3 3 3 4 2 2 5 2
4 5 1 4 1 2 2 2 5 2 2 3 4 3 1 4 5 2 5 2 4 2 2 5 2 1 2 2 1 3 5 4 3 3 5 2 5 3 3 2 4 1 5 4 2 5 3 3 4 4 1 4 4 2 4 3 2 1 5 2 2 1 4 1 5 5 1 3 0 1 3 5 3 2 1 3 3 2 2 3 5 5 1 2 4 4 4 2 1 3
2 3 2 2 4 3 1 4 2 2 1 5 5 4 1 3 5 1 3 5 1 3 1 4 4 5 3 2 4 5 3 3 1 4 3 1 3 5 2 5 2 5 4 3 4 5 2 3 4 3 2 4 2 1 5 1 3 1 4 3 2 4 4 1 5 3 2 2 2 0 5 2 4 3 3 2 1 5 2 1 2 4 4 1 1 4 1 4 3 1
4 2 3 2 2 5 5 2 1 5 2 1 3 2 4 1 3 3 2 3 3 4 1 5 5 3 2 1 1 4 2 5 4 4 2 3 1 4 4 5 1 3 5 3 2 3 3 3 5 3 1 4 2 1 3 3 1 3 1 2 3 3 3 3 5 2 1 4 3 4 0 1 4 3 3 1 1 1 5 3 5 5 4 3 3 3 2 1 3 3
4 2 2 4 1 4 5 2 2 2 4 4 3 4 1 3 2 4 1 4 5 1 5 5 2 3 4 5 3 4 2 2 2 5 5 5 2 4 4 5 3 5 5 3 3 4 1 4 5 3 4 2 1 3 3 4 2 3 3 5 4 3 5 5 5 4 2 2 3 3 5 0 4 5 3 3 1 1 3 2 2 1 2 1 2 5 5 1 3 2
1 2 4 4 1 3 3 1 3 2 2 2 2 3 2 4 3 1 5 3 2 2 4 3 4 5 4 3 4 3 5 2 3 2 4 5 4 1 5 1 2 4 2 2 1 3 2 1 4 2 4 4 3 4 4 5 2 4 3 5 4 1 4 4 2 2 4 3 4 5 1 3 0 5 4 5 4 3 3 2 3 2 5 3 5 4 4 2 4 3
3 3 5 3 4 2 4 2 3 5 1 5 3 2 2 2 5 3 2 2 2 5 4 2 3 3 4 3 4 1 2 4 1 1 2 3 5 5 5 3 3 3 5 4 1 5 5 1 4 3 2 3 4 3 2 3 2 2 3 4 1 5 1 2 1 3 2 3 2 5 1 3 5 0 4 4 4 4 2 5 1 5 3 4 4 5 2 2 5 5
4 3 1 2 4 4 1 2 3 5 1 2 2 3 2 5 5 3 4 1 1 4 3 2 1 3 1 5 1 4 1 1 5 2 5 4 4 1 2 2 3 5 2 4 2 4 1 5 3 3 3 1 1 2 1 2 1 1 1 1 2 1 1 5 4 5 2 5 4 5 2 5 1 1 0 3 1 1 2 3 5 5 5 2 4 1 5 5 3 3
1 5 2 2 5 4 3 4 3 3 2 5 4 3 5 3 5 2 3 5 1 2 1 4 5 4 3 5 4 2 5 4 5 1 1 5 2 5 3 1 3 3 5 3 1 1 5 3 1 2 2 2 3 2 5 2 4 4 5 4 1 2 1 4 1 2 1 3 1 2 4 1 1 5 5 0 3 3 5 2 4 2 1 2 3 3 5 3 2 2
2 2 5 4 3 5 5 5 2 5 4 3 4 3 3 4 5 5 3 3 3 4 2 2 4 1 5 2 2 3 3 3 2 2 3 4 2 3 4 1 4 2 1 4 1 5 5 3 1 3 2 2 5 3 2 1 2 2 5 3 5 5 1 3 1 2 5 5 3 3 5 5 1 2 1 2 0 5 5 5 2 4 1 1 2 5 5 4 2 5
2 2 5 4 1 5 1 1 2 1 3 3 5 3 3 2 5 2 3 4 1 1 3 5 3 5 2 4 4 1 3 5 3 2 4 3 2 1 4 4 4 4 2 2 4 4 5 5 5 1 1 5 1 4 1 4 3 4 4 4 4 1 4 1 1 5 4 4 3 5 2 2 1 1 1 4 2 0 5 4 4 5 2 1 3 1 5 5 1 2
2 3 5 2 2 2 1 3 3 1 5 5 3 2 4 5 3 4 2 5 3 2 4 5 3 3 3 4 2 2 4 4 5 1 3 3 5 3 3 3 2 2 3 2 2 5 1 3 1 5 4 4 4 5 2 1 1 2 1 4 5 2 5 1 5 1 1 3 3 2 1 1 2 5 1 2 3 4 0 5 1 2 2 5 5 4 2 5 5 5
4 2 5 1 2 2 4 5 5 3 2 1 5 3 4 4 5 5 3 2 5 3 1 4 3 1 4 3 4 1 1 4 4 4 2 3 1 3 1 4 4 4 3 4 1 3 4 1 1 5 5 3 5 3 5 5 5 4 3 5 4 3 5 5 3 1 5 1 5 5 4 5 1 4 3 5 4 4 5 0 1 5 5 4 3 2 2 5 5 5
5 5 2 4 2 1 4 1 1 5 2 1 4 4 4 3 4 4 3 5 3 3 2 4 1 4 4 1 3 4 3 3 1 5 4 4 3 3 1 2 1 2 2 5 5 5 3 5 1 5 4 5 5 5 4 2 2 2 1 2 2 2 2 1 3 2 3 1 2 3 4 1 5 4 3 3 5 3 3 3 0 5 3 2 1 4 3 3 4 3
3 5 4 5 3 1 3 5 5 2 1 3 5 2 1 4 1 4 2 4 1 4 3 4 5 1 5 3 4 3 2 4 1 4 5 4 1 2 4 2 2 5 1 1 4 3 3 1 5 5 5 4 4 5 1 3 4 2 5 3 3 2 4 4 1 3 4 4 1 3 3 3 5 3 2 4 1 2 4 3 5 0 3 3 4 2 1 5 2 5
5 1 1 2 2 2 4 2 5 2 3 5 2 1 4 5 5 2 2 3 4 4 1 2 1 1 4 5 1 3 2 2 3 2 3 2 5 5 1 5 4 4 4 4 1 1 3 3 1 3 1 2 4 4 3 3 5 5 2 2 1 4 3 5 5 5 2 1 3 4 3 4 4 4 5 4 5 5 1 4 1 5 0 4 5 4 3 2 1 5
5 2 1 4 1 3 5 2 3 5 3 2 4 4 2 4 5 4 4 2 2 5 1 2 5 1 4 4 2 1 3 5 2 5 3 5 4 2 3 2 2 5 4 3 5 1 2 4 4 1 5 5 2 5 2 3 3 1 5 1 2 5 3 5 3 4 4 5 5 2 4 1 3 3 2 4 1 2 2 2 4 4 4 0 5 1 4 1 1 4
3 5 5 5 3 2 2 2 5 4 1 3 1 5 3 5 2 3 2 4 5 3 1 1 1 4 5 1 5 2 1 5 2 2 3 5 4 2 2 1 4 5 1 3 2 4 5 2 2 2 3 5 5 3 2 3 1 1 2 5 1 2 3 3 1 1 2 4 2 5 4 3 4 4 3 3 2 2 4 4 4 5 2 2 0 3 3 5 5 5
1 1 1 5 2 4 4 4 3 5 5 4 3 3 2 2 1 2 5 4 5 2 4 4 1 4 4 5 3 2 3 2 1 2 2 3 4 3 4 1 2 1 5 5 2 4 2 4 3 4 5 3 5 5 5 1 1 3 3 2 3 3 1 1 2 5 4 2 3 1 5 2 4 2 5 5 4 2 1 3 2 3 5 2 3 0 1 5 4 5
5 3 1 2 1 5 4 5 1 1 3 4 2 4 3 5 1 1 2 4 3 3 4 5 2 5 2 5 1 2 2 1 5 4 4 4 5 3 4 2 1 4 4 2 4 2 3 2 3 3 3 2 3 4 1 3 5 4 2 5 2 5 2 4 1 4 1 5 3 4 1 5 2 1 3 1 4 5 1 1 2 1 2 1 5 5 0 1 3 3
1 5 1 3 1 4 3 2 5 2 5 5 1 2 2 5 1 5 4 5 5 3 2 4 4 2 5 5 1 4 1 5 3 4 2 5 1 2 4 4 2 5 2 1 4 2 5 3 1 4 3 1 5 1 1 5 2 2 1 4 3 5 2 5 4 4 4 5 2 2 1 4 4 2 5 3 3 1 3 1 2 1 4 2 1 3 2 0 3 2
3 5 1 4 5 1 4 2 1 3 2 5 5 5 4 1 2 2 1 1 4 5 3 3 3 1 2 4 3 4 2 1 4 5 4 5 3 5 3 3 4 5 2 1 3 1 2 5 3 3 2 5 1 5 2 3 3 2 4 1 5 5 3 5 1 5 4 5 4 4 5 1 4 3 4 4 4 3 4 5 5 2 2 4 1 1 2 3 0 2
5 3 3 4 2 3 4 4 1 4 2 1 1 2 4 1 1 5 4 3 1 1 1 3 4 2 4 5 4 2 5 3 2 2 2 3 4 3 3 5 2 4 2 4 1 5 4 3 5 2 1 1 3 5 4 2 5 1 2 1 2 4 3 2 5 5 1 1 4 5 2 3 1 5 4 1 3 2 5 2 3 5 5 5 5 4 1 1 4 0
51 17 31 23 15 56 23 53 24 67 79 20 23 57 79 32 84 33 11 13 29 33 14 2 18 80 3 68 20 29 85 11 19 80 83 45 69 70 15 9 88 27 20 69 55 45 4 10 9 58 18 26 21 13 6 10 49 34 37 89 90 86 80 21 88 88 90 2 74 14
23 37 50 88 40 38 26 34 86 48 65 56 48 38 87 67 13 1 5 16 14 77 33 45 39 34 58 15 16 40 56 3 24 23 8 13 63 62 69 23 29 82 86 89 71 25 50 80 51 63 69 77 50 71 36 86 84 73 62 64 53 75 72 50 51 9 24 9 5 31
40 86 32 19 54 50 45 5 4 23 69 71 32 12 75 83 12 16 43 11 62 16 70 87 11 39 75 20 42 16 89 19 47 30 1 85 48 20 90 37 74 77 89 48 62 1 90 82 85 6 19 19 54 34 2 52 11 86 40 9 33 76 73 16 82 61 42 17 21 55
20 59 46 41 86 49 18 37 77 90 51 73 47 50 28 81 32 62 8 44 7 27 40 38 17 38 61 16 89 86 82 56 3 42 32 56 23 41 9 79 62 84 80 56 75 7 56 26 81 69 39 40 30 73 3 57 35 1 58 14 69 19 17 43 69 73 82 61 38 22
81 73 27 18 56 45 87 56 51 4 38 59 74 8 26 25 54 4 52 60 1 31 89 3 67 83 52 42 55 52 68 84 15 27 73 46 35 32 27 6 67 34 65 34 39 15 46 15 83 90 1 89 41 56 73 49 31 48 31 19 61 45 27 89 47 24 32 72 22 49
38 15 40 70 46 36 31 89 9 81 12 8 35 27 60 72 60 2 19 29 25 56 82 22 26 75 85 70 83 80 67 31 11 76 64 54 32 28 55 66 53 56 8 53 63 9 29 17 72 14 6 56 7 60 14 81 64 66 41 30 36 1 13 61 52 31 7 33 43 21
71 30 85 89 48 48 20 47 88 72 52 69 29 11 58 55 25 21 32 52 31 86 37 90 41 81 25 2 25 7 86 53 78 26 79 27 9 69 35 5 84 33 5 88 19 48 68 51 8 88 20 67 56 81 28 26 24 16 77 86 89 81 83 28 41 8 17 69 66 73
74 58 80 46 58 12 21 15 16 73 63 55 60 78 86 74 21 50 80 19 4 32 49 62 60 47 47 44 69 55 46 2 89 62 18 84 36 39 49 29 60 54 69 11 85 21 7 87 16 70 87 9 80 36 52 29 25 25 90 5 37 3 48 5 17 29 16 6 6 29
52 31 16 84 13 71 71 68 47 66 76 36 30 75 12 6 59 71 61 14 27 40 67 23 52 74 30 24 22 22 64 42 75 16 47 7 82 4 30 55 39 72 28 68 22 4 26 72 75 17 29 8 6 80 57 12 28 9 39 16 28 80 4 59 8 13 52 75 25 68
90 52 78 67 39 72 54 72 35 85 9 2 10 28 30 28 89 9 23 78 39 84 83 88 10 59 11 71 24 32 47 44 53 66 25 12 89 9 70 75 27 55 35 81 18 84 78 68 11 79 36 63 71 37 79 45 66 27 84 72 63 40 58 2 9 76 15 36 81 75
6 16 67 43 68 52 35 38 18 65 88 27 75 47 37 5 72 51 38 71 11 61 26 18 56 6 54 29 72 31 42 71 35 25 49 48 53 72 17 48 55 67 57 54 3 87 22 43 59 9 34 48 75 14 22 33 5 63 54 71 52 33 2 44 71 77 59 24 11 70
56 35 35 14 45 22 48 1 37 44 23 51 81 63 11 57 28 31 82 70 56 80 88 57 8 13 5 89 51 44 71 26 26 58 21 63 28 68 75 1 72 89 43 21 53 83 11 69 40 59 72 78 88 72 61 4 38 28 89 43 29 77 20 82 39 40 76 26 34 53
27 19 2 2 33 28 57 51 58 80 20 61 21 43 57 44 53 47 78 84 80 21 50 49 85 27 67 37 65 72 17 79 4 45 28 44 55 66 44 39 68 6 11 5 37 42 58 62 68 22 88 16 5 5 45 55 73 52 4 52 45 14 84 74 53 45 47 27 52 40
89 12 61 9 22 70 37 3 43 3 26 85 2 61 34 36 56 54 87 54 65 73 30 14 90 76 4 14 21 65 27 38 64 67 22 74 15 82 47 32 81 14 33 77 46 11 23 74 54 73 35 50 33 45 70 62 34 38 56 81 59 89 9 84 57 51 70 79 77 89
44 29 11 73 41 42 40 28 80 31 74 6 44 62 65 65 68 83 67 89 88 51 63 40 47 72 15 30 86 37 8 45 1 35 65 38 73 56 40 70 57 17 85 32 80 3 17 52 5 46 46 57 44 29 11 15 46 65 70 38 67 54 46 23 13 35 62 16 71 71
57 39 70 55 80 24 9 32 71 2 31 62 61 84 24 50 37 28 63 81 86 13 59 24 89 52 44 12 23 77 52 58 50 28 62 81 84 50 62 69 38 45 66 29 28 50 57 89 25 30 17 76 69 82 10 87 20 11 27 66 3 10 63 56 6 72 18 42 20 13
42 83 86 57 25 54 24 39 76 75 19 30 57 34 51 87 65 38 48 59 41 47 73 11 46 65 80 76 76 51 15 69 25 39 54 68 79 31 76 16 73 62 22 58 10 62 34 84 36 67 55 86 53 38 31 36 56 55 53 13 32 44 1 79 80 3 6 63 70 37
60 69 75 56 67 59 66 8 55 32 82 9 1 60 54 41 10 85 85 75 78 62 12 8 2 54 27 52 48 76 19 22 61 85 82 16 34 79 8 24 46 35 79 13 90 12 88 49 64 47 60 34 58 43 37 22 55 61 55 51 87 31 82 27 4 1 63 85 4 8
59 6 77 47 53 74 16 83 63 53 39 76 80 73 29 37 48 82 76 12 35 10 20 56 69 66 2 5 87 82 16 35 36 11 36 55 43 87 3 72 14 66 88 23 32 43 35 64 61 68 90 30 31 74 9 71 53 4 88 35 19 57 32 71 12 86 27 51 89 35
43 81 43 83 85 27 63 21 23 10 67 31 76 31 38 12 63 19 40 15 81 82 55 82 30 45 46 46 85 87 63 64 20 31 17 58 14 10 6 90 65 75 68 79 66 58 72 11 31 71 14 43 52 25 19 21 63 60 68 68 10 66 21 66 60 18 79 73 61 50
24 54 26 59 37 30 30 26 85 33 90 47 33 42 3 20 22 27 21 47 46 83 22 28 29 22 9 55 71 1 79 50 85 87 50 8 72 14 45 59 64 69 18 7 86 8 86 50 45 29 25 62 17 24 40 14 45 58 18 36 74 74 70 14 54 78 8 21 37 39
7 44 65 10 66 26 43 16 22 76 80 16 22 14 85 60 62 89 33 88 38 17 15 29 24 20 66 72 3 90 80 12 2 4 67 29 5 2 65 46 19 28 13 27 36 47 30 13 66 2 37 54 18 88 75 58 77 83 61 28 85 47 85 18 73 26 35 13 60 84
76 25 12 71 52 60 78 55 8 21 44 89 6 17 88 39 80 39 41 2 40 48 18 10 6 40 90 39 12 3 30 18 37 46 13 76 52 53 34 26 31 85 1 28 33 28 8 71 38 20 82 25 72 7 46 59 18 64 1 54 23 67 44 75 34 12 56 78 88 24
29 32 24 48 19 19 82 62 59 78 75 74 25 18 66 35 78 26 79 73 30 78 41 42 42 43 71 66 68 45 49 87 63 71 23 32 88 13 88 17 87 29 29 62 50 31 76 66 26 43 8 74 63 2 71 56 88 8 36 22 50 4 67 32 74 63 1 19 57 5
3 57 38 62 71 47 62 85 53 62 85 39 83 21 41 70 30 55 57 42 37 53 34 35 70 84 63 50 50 9 90 25 82 29 14 65 27 3 85 78 70 9 25 26 58 56 25 30 67 61 70 81 65 57 29 70 80 69 20 65 34 69 71 49 10 87 34 22 67 81
55 51 47 15 51 17 28 82 68 36 54 87 36 82 81 63 34 74 13 9 57 6 71 69 48 36 82 78 19 47 9 30 74 77 68 34 59 63 63 76 80 86 27 4 84 81 28 38 7 18 56 29 85 40 65 47 71 17 13 90 20 78 56 87 1 33 4 81 76 12
13 43 18 53 73 86 44 43 60 1 36 48 11 79 64 66 24 76 75 48 76 67 42 27 22 19 60 3 61 81 37 62 33 33 89 78 57 88 78 10 36 3 41 9 11 70 45 67 22 35 16 17 29 17 68 60 68 76 69 60 16 48 25 69 63 64 77 41 36 36
14 3 57 16 12 16 84 76 45 18 21 68 17 68 55 59 18 57 34 80 13 7 31 64 61 87 45 9 90 64 11 89 49 24 4 60 42 43 52 35 30 44 67 45 74 78 84 45 82 81 41 18 26 52 42 38 27 56 46 12 60 42 51 8 42 20 21 43 44 23
35 28 71 80 9 63 3 19 6 8 64 64 78 69 35 21 45 64 55 67 22 15 56 1 82 60 53 10 41 85 24 15 12 40 41 20 44 83 5 38 89 38 87 61 23 74 64 8 37 74 43 87 89 9 69 80 6 20 85 25 1 68 68 73 70 22 12 20 19 28
46 45 13 7 75 21 11 78 42 17 34 42 16 37 82 45 58 52 69 65 18 5 13 4 77 3 31 32 45 42 57 16 16 90 26 22 77 29 60 85 71 51 32 90 65 85 61 37 15 40 48 28 24 32 16 20 44 22 16 79 27 8 55 90 24 84 71 57 14 42
4 27 55 29 11 11 32 0 29 11 47 19 14 55 46 22 74 88 54 46 66 8 8 51 7 31 65 81 10 88 44 6 54 61 56 47 90 22 28 89 54 0 36 72 51 0 10 75 57 21 10 33 66 83 49 44 15 53 44 18 15 26 78 30 56 0 22 82 15 79
79 42 17 31 0 76 50 0 12 0 13 32 31 88 36 77 39 60 71 0 26 18 0 61 74 42 89 8 6 62 65 70 30 2 27 4 81 23 51 42 0 0 24 50 16 0 81 22 0 50 57 80 27 53 35 16 79 19 0 31 8 72 79 67 3 0 61 64 27 87
33 38 1 54 0 57 27 0 84 0 45 11 0 6 5 64 75 86 56 0 68 57 0 76 75 28 28 51 44 20 39 37 73 34 20 66 29 26 0 22 0 0 76 35 70 0 66 42 0 42 62 52 39 84 0 0 43 57 0 1 84 82 69 12 15 0 87 46 68 41
62 4 59 78 0 65 4 0 19 0 15 24 0 64 33 51 64 80 0 0 74 14 0 77 0 37 12 87 0 0 2 85 0 69 12 2 58 33 0 11 0 0 77 70 47 0 16 0 0 87 0 73 0 48 0 0 0 75 0 0 78 27 42 37 0 0 50 70 0 74
69 0 4 39 0 79 29 0 83 0 22 0 0 65 44 30 66 63 0 0 59 79 0 68 0 77 68 0 0 0 76 57 0 10 52 0 0 36 0 56 0 0 0 12 0 0 6 0 0 65 0 10 0 90 0 0 0 18 0 0 43 0 59 6 0 0 86 3 0 16
82 0 88 12 0 33 6 0 0 0 70 0 0 10 27 24 76 15 0 0 10 4 0 43 0 0 17 0 0 0 38 80 0 0 0 0 0 89 0 8 0 0 0 71 0 0 39 0 0 23 0 51 0 89 0 0 0 68 0 0 5 0 39 55 0 0 49 0 0 0
85 0 9 32 0 82 80 0 0 0 0 0 0 4 14 40 52 3 0 0 85 12 0 0 0 0 51 0 0 0 20 5 0 0 0 0 0 90 0 0 0 0 0 65 0 0 0 0 0 12 0 0 0 31 0 0 0 59 0 0 48 0 0 38 0 0 28 0 0 0
63 0 84 0 0 66 7 0 0 0 0 0 0 16 0 54 85 0 0 0 0 69 0 0 0 0 22 0 0 0 40 59 0 0 0 0 0 42 0 0 0 0 0 15 0 0 0 0 0 33 0 0 0 79 0 0 0 80 0 0 0 0 0 15 0 0 20 0 0 0
87 0 0 0 0 18 86 0 0 0 0 0 0 86 0 0 20 0 0 0 0 29 0 0 0 0 86 0 0 0 0 9 0 0 0 0 0 0 0 0 0 0 0 17 0 0 0 0 0 0 0 0 0 42 0 0 0 10 0 0 0 0 0 22 0 0 14 0 0 0
0 0 0 0 0 83 72 0 0 0 0 0 0 0 0 0 0 0 0 0 0 0 0 0 0 0 0 0 0 0 0 0 0 0 0 0 0 0 0 0 0 0 0 0 0 0 0 0 0 0 0 0 0 0 0 0 0 0 0 0 0 0 0 0 0 0 0 0 0 0
0 0 0 0 0 0 0 0 0 0 0 0 0 0 0 0 0 0 0 0 0 0 0 0 0 0 0 0 0 0 0 0 0 0 0 0 0 0 0 0 0 0 0 0 0 0 0 0 0 0 0 0 0 0 0 0 0 0 0 0 0 0 0 0 0 0 0 0 0 0
0 0 0 0 0 0 0 0 0 0 0 0 0 0 0 0 0 0 0 0 0 0 0 0 0 0 0 0 0 0 0 0 0 0 0 0 0 0 0 0 0 0 0 0 0 0 0 0 0 0 0 0 0 0 0 0 0 0 0 0 0 0 0 0 0 0 0 0 0 0
0 0 0 0 0 0 0 0 0 0 0 0 0 0 0 0 0 0 0 0 0 0 0 0 0 0 0 0 0 0 0 0 0 0 0 0 0 0 0 0 0 0 0 0 0 0 0 0 0 0 0 0 0 0 0 0 0 0 0 0 0 0 0 0 0 0 0 0 0 0
0 0 0 0 0 0 0 0 0 0 0 0 0 0 0 0 0 0 0 0 0 0 0 0 0 0 0 0 0 0 0 0 0 0 0 0 0 0 0 0 0 0 0 0 0 0 0 0 0 0 0 0 0 0 0 0 0 0 0 0 0 0 0 0 0 0 0 0 0 0
0 0 0 0 0 0 0 0 0 0 0 0 0 0 0 0 0 0 0 0 0 0 0 0 0 0 0 0 0 0 0 0 0 0 0 0 0 0 0 0 0 0 0 0 0 0 0 0 0 0 0 0 0 0 0 0 0 0 0 0 0 0 0 0 0 0 0 0 0 0
0 0 0 0 0 0 0 0 0 0 0 0 0 0 0 0 0 0 0 0 0 0 0 0 0 0 0 0 0 0 0 0 0 0 0 0 0 0 0 0 0 0 0 0 0 0 0 0 0 0 0 0 0 0 0 0 0 0 0 0 0 0 0 0 0 0 0 0 0 0
0 0 0 0 0 0 0 0 0 0 0 0 0 0 0 0 0 0 0 0 0 0 0 0 0 0 0 0 0 0 0 0 0 0 0 0 0 0 0 0 0 0 0 0 0 0 0 0 0 0 0 0 0 0 0 0 0 0 0 0 0 0 0 0 0 0 0 0 0 0
0 0 0 0 0 0 0 0 0 0 0 0 0 0 0 0 0 0 0 0 0 0 0 0 0 0 0 0 0 0 0 0 0 0 0 0 0 0 0 0 0 0 0 0 0 0 0 0 0 0 0 0 0 0 0 0 0 0 0 0 0 0 0 0 0 0 0 0 0 0
0 0 0 0 0 0 0 0 0 0 0 0 0 0 0 0 0 0 0 0 0 0 0 0 0 0 0 0 0 0 0 0 0 0 0 0 0 0 0 0 0 0 0 0 0 0 0 0 0 0 0 0 0 0 0 0 0 0 0 0 0 0 0 0 0 0 0 0 0 0
0 0 0 0 0 0 0 0 0 0 0 0 0 0 0 0 0 0 0 0 0 0 0 0 0 0 0 0 0 0 0 0 0 0 0 0 0 0 0 0 0 0 0 0 0 0 0 0 0 0 0 0 0 0 0 0 0 0 0 0 0 0 0 0 0 0 0 0 0 0
