70 90 40 30 40
1
5
5
4
4
1
4
3
2
3
3
4
3
3
1
3
4
2
5
1
4
2
1
1
3
2
4
3
1
4
1
2
3
3
1
2
3
5
4
4
1
2
4
3
2
1
1
5
1
2
5
2
1
2
5
5
2
1
3
4
3
5
5
4
4
2
1
4
1
2
1
5
4
1
1
4
3
1
3
5
3
5
5
5
3
5
2
2
3
3
0 4 4 4 1 4 5 2 2 2 4 1 4 4 4 5 1 2 1 2 2 1 1 5 5 4 1 4 4 1 2 2 4 3 3 5 4 5 3 5 2 4 4 5 1 2 1 4 5 4 3 1 3 1 3 3 1 1 2 2 4 4 5 1 1 2 2 5 4 3 5 3 5 5 4 4 5 3 1 5 3 5 5 2 3 5 2 4 5 5
5 0 4 1 1 5 1 4 4 1 5 5 1 2 4 5 3 3 4 4 3 1 1 3 4 5 2 2 5 2 4 1 2 5 3 5 5 1 5 4 1 4 1 5 3 4 2 5 5 3 3 5 2 2 4 2 4 3 4 1 5 5 5 2 1 1 4 5 1 3 2 1 5 5 1 1 4 5 2 1 2 2 2 2 4 1 1 2 3 3
5 2 0 4 3 3 3 5 3 2 5 5 2 4 4 4 2 2 3 5 5 3 2 1 5 2 4 1 3 4 1 5 4 1 3 3 5 1 4 3 1 5 3 4 2 2 4 1 4 1 2 4 1 5 5 4 3 3 4 3 4 2 5 3 3 2 2 1 5 3 2 5 2 5 2 3 2 2 1 4 5 3 4 4 4 2 2 2 2 2
3 2 2 0 4 4 5 4 5 4 4 3 2 5 3 5 2 4 5 4 3 3 3 2 2 4 2 5 5 5 2 5 4 5 2 1 1 5 3 5 4 4 4 2 2 1 3 2 3 5 3 2 5 1 1 5 3 2 1 3 1 3 3 2 4 3 4 2 3 4 2 5 1 5 1 3 2 2 1 2 1 5 1 4 1 4 4 3 3 2
4 5 4 1 0 2 4 1 1 4 1 2 3 2 4 1 2 4 3 5 3 5 5 5 2 2 2 2 5 5 3 5 4 2 5 4 1 3 3 3 1 4 4 2 4 5 1 5 5 4 4 4 2 3 1 4 2 1 3 4 2 1 4 5 1 1 2 2 3 2 2 5 2 2 1 5 1 5 5 4 4 3 4 3 4 4 5 3 5 5
2 1 2 4 4 0 3 5 5 4 5 4 2 5 1 5 2 1 4 3 4 5 3 4 5 5 2 2 5 2 5 5 3 5 5 3 5 3 4 2 4 4 5 4 4 5 1 4 1 2 3 1 3 1 1 4 3 2 5 1 4 2 2 2 5 1 4 1 2 3 2 3 4 4 2 2 1 3 5 1 2 3 3 5 3 4 1 4 2 5
4 1 4 2 2 3 0 2 1 4 1 2 1 1 4 2 3 3 5 2 3 1 4 4 2 2 2 5 3 4 1 3 1 4 2 3 5 5 2 5 5 5 5 3 4 5 5 3 5 1 3 3 3 5 5 2 5 5 3 1 4 3 1 2 5 2 3 5 5 3 2 4 1 2 2 2 5 5 4 5 2 2 4 5 5 1 1 5 5 2
1 2 1 2 5 1 1 0 5 2 2 2 5 1 4 1 1 2 4 3 2 3 1 2 3 1 4 2 5 4 3 5 5 1 1 3 1 5 3 4 2 4 1 5 2 4 4 5 3 3 4 1 1 3 5 1 3 1 2 5 1 1 5 3 3 5 4 3 3 3 5 3 2 2 2 4 4 3 2 2 5 4 2 3 5 3 2 5 1 5
2 1 1 2 5 3 4 3 0 4 3 2 2 5 1 4 1 5 1 2 3 2 2 5 4 1 1 5 3 5 3 3 1 3 5 2 1 5 5 4 4 5 1 4 2 2 5 4 4 3 4 5 1 1 5 5 5 1 5 2 3 1 3 1 4 3 5 4 2 3 4 4 1 2 4 2 3 1 5 2 4 5 1 1 2 4 5 3 5 4
3 4 2 5 2 2 1 1 5 0 4 2 3 3 1 5 4 5 2 2 4 5 2 3 4 4 5 3 3 2 3 4 5 1 2 2 5 5 2 1 3 4 4 4 3 4 5 3 5 3 3 4 2 2 1 4 1 1 4 3 4 4 2 2 2 1 1 2 3 1 3 4 1 1 5 4 4 5 2 2 2 1 5 1 4 3 2 2 2 5
2 3 4 5 4 5 3 4 2 4 0 1 1 2 5 4 2 2 3 4 4 1 5 4 1 5 5 5 1 3 3 3 4 1 1 5 3 5 5 5 3 4 1 1 5 4 4 5 4 3 4 5 4 1 3 1 2 1 2 4 1 4 2 4 4 5 5 4 1 5 4 5 5 2 5 3 1 4 3 2 4 3 2 1 1 1 2 2 4 2
3 3 5 2 1 3 3 3 3 5 3 0 2 3 5 5 2 2 4 3 3 3 4 3 3 5 3 1 5 2 1 5 2 5 5 3 5 5 3 5 1 1 4 3 5 2 4 3 2 4 5 5 3 5 3 1 5 1 1 2 5 5 2 2 4 3 1 4 3 3 1 1 2 5 3 3 3 5 5 5 4 4 2 2 3 2 4 5 4 3
4 1 4 4 4 3 5 4 3 5 2 1 0 2 3 5 4 3 4 5 2 4 5 4 1 2 2 5 1 2 2 2 2 1 3 2 2 4 2 1 4 3 1 1 1 1 4 5 5 2 2 3 2 1 2 1 3 2 3 3 5 2 1 5 1 4 1 4 5 3 2 2 4 2 5 2 4 1 4 4 4 4 5 4 5 1 4 2 2 1
1 2 5 3 1 4 4 1 1 1 5 2 2 0 4 1 5 3 1 4 3 3 2 3 2 2 3 2 2 3 4 1 5 1 3 4 2 1 1 4 2 4 3 5 1 4 2 1 4 2 5 2 5 4 2 4 4 4 2 3 5 5 4 5 2 3 2 5 4 3 5 5 4 5 2 2 3 5 5 2 3 5 4 1 5 2 3 5 5 2
2 3 5 1 4 2 5 3 2 4 2 2 3 2 0 1 2 4 5 4 5 1 3 4 4 4 3 3 1 2 2 3 4 2 3 4 1 1 1 1 5 2 2 1 4 2 4 3 1 1 3 3 2 4 1 4 5 4 5 5 5 1 3 3 2 2 4 4 5 1 4 3 5 5 4 4 1 1 4 1 2 2 3 5 3 1 2 2 3 2
3 3 1 5 3 1 1 1 2 2 2 5 3 4 3 0 2 2 2 2 2 1 1 2 5 4 3 4 3 1 4 4 3 2 3 5 2 3 3 1 2 3 3 1 2 2 2 4 3 5 3 3 5 2 5 5 3 5 5 1 4 4 3 1 5 4 1 5 4 3 2 1 5 3 4 1 3 1 2 4 1 2 4 5 2 1 3 1 1 5
5 5 3 5 3 4 4 5 1 2 1 2 4 2 5 4 0 3 1 1 4 3 5 4 5 1 3 5 5 5 5 4 3 5 2 5 5 1 2 4 3 4 5 4 1 2 5 4 3 5 2 1 2 3 2 4 4 2 4 4 4 4 4 1 3 1 1 4 5 4 3 4 5 1 5 5 1 5 1 4 3 2 3 3 5 2 1 5 1 5
3 4 3 4 2 2 1 4 5 1 1 2 5 2 1 2 3 0 4 3 4 4 5 2 4 2 2 1 1 1 5 1 2 2 1 1 4 2 1 4 5 5 4 1 2 3 1 4 5 2 4 1 1 5 3 4 1 1 2 1 3 3 3 1 4 4 4 4 4 5 4 2 3 2 3 4 3 3 5 1 1 4 5 2 2 1 3 3 4 3
4 4 4 2 1 4 4 5 4 3 5 4 3 1 1 2 2 4 0 2 4 2 4 2 1 3 3 3 1 5 5 1 3 5 5 4 3 5 3 4 5 3 5 5 3 3 1 5 5 5 2 1 1 2 1 5 3 2 5 4 1 1 5 2 5 2 1 5 4 1 4 2 1 3 4 2 1 1 5 5 5 1 4 4 4 4 5 1 5 3
2 2 2 2 5 3 2 1 3 1 1 4 4 2 2 4 2 2 3 0 5 4 4 4 3 4 4 5 1 5 1 4 4 2 5 2 2 4 4 3 4 3 2 5 4 3 4 4 1 1 4 2 2 4 4 4 3 3 3 3 5 1 3 1 5 4 4 1 1 1 1 4 2 1 4 3 2 1 2 3 4 4 4 3 3 3 4 4 2 1
3 3 3 2 4 2 4 4 3 4 3 5 5 2 1 2 3 5 1 1 0 5 4 1 2 4 1 1 3 4 2 1 5 3 5 1 2 5 4 4 1 4 1 3 3 2 5 1 2 5 1 4 4 1 2 2 1 4 2 4 5 4 3 2 2 5 4 4 4 4 1 1 1 2 3 5 5 1 1 1 5 4 5 2 4 2 5 3 4 5
1 3 2 1 1 5 5 1 4 2 1 4 4 3 5 5 1 3 3 3 1 0 4 4 4 4 4 5 1 3 3 1 5 4 4 1 5 1 1 5 5 1 2 4 3 2 3 5 5 4 1 4 5 2 1 1 3 3 4 3 1 4 4 1 2 1 4 5 2 3 1 2 2 4 4 3 1 5 3 1 2 4 1 4 4 4 2 3 3 3
1 2 2 1 5 3 5 5 2 5 3 5 5 2 3 1 5 3 2 3 5 5 0 5 5 1 4 4 4 3 2 5 5 1 4 5 4 2 4 4 2 3 3 2 2 5 5 4 2 1 4 3 1 3 3 3 5 3 3 3 3 4 1 5 4 5 2 5 2 4 2 2 2 1 2 1 3 5 4 1 5 1 4 1 4 4 1 5 3 5
2 4 1 2 5 4 4 1 5 4 3 1 4 1 4 5 2 3 5 5 1 4 2 0 1 1 2 2 3 1 1 1 3 4 3 4 2 1 3 1 4 5 5 2 3 2 3 4 2 2 4 4 5 2 4 1 3 4 4 2 5 5 5 1 2 3 1 1 4 5 2 1 1 4 3 1 1 2 5 2 4 1 3 3 2 3 4 5 2 5
2 5 1 3 4 1 5 2 2 4 5 2 5 1 4 2 5 4 1 4 5 1 1 2 0 3 3 5 1 2 4 2 4 4 5 3 5 4 4 4 5 3 4 2 4 1 4 4 3 5 1 5 1 5 3 2 4 4 5 3 4 1 3 5 2 5 2 3 4 2 5 4 1 5 4 5 3 3 2 2 1 4 3 2 2 2 2 2 4 4
1 2 4 2 5 4 5 1 5 4 2 4 1 5 5 3 3 1 1 3 2 3 2 5 2 0 1 2 4 1 5 2 2 2 5 4 5 5 3 5 3 1 5 1 4 3 3 3 5 3 1 4 5 4 1 4 2 5 1 2 2 2 5 5 5 1 1 3 4 2 3 2 4 3 5 3 2 3 1 5 1 2 5 4 5 4 3 3 2 3
2 1 2 1 3 4 2 2 2 3 1 3 5 2 2 2 2 1 3 1 4 5 1 2 4 5 0 5 2 2 5 5 2 5 5 5 2 1 4 4 5 1 5 5 4 1 1 4 5 4 4 4 2 3 3 3 3 2 2 3 4 5 3 2 1 1 5 3 3 1 5 4 2 5 2 1 4 4 4 5 4 2 2 4 1 4 3 1 3 2
2 4 4 3 3 2 5 2 5 4 1 2 5 3 1 1 1 2 2 4 5 5 2 2 4 1 3 0 5 4 1 3 3 1 2 1 5 4 4 1 3 1 1 2 1 1 3 2 1 2 3 1 5 4 1 2 5 2 4 3 3 1 2 2 4 5 4 5 2 3 4 4 3 2 5 2 4 1 1 3 3 4 2 1 5 2 4 4 4 5
1 1 4 3 3 5 5 2 5 5 1 4 1 1 4 5 2 4 2 4 2 3 1 1 2 4 2 1 0 4 1 3 5 2 2 2 4 2 5 4 3 3 2 5 1 1 1 1 2 4 3 3 1 5 4 4 3 3 4 5 1 4 3 5 3 3 4 5 1 2 1 1 2 1 3 1 2 2 2 2 5 2 3 2 2 2 2 1 5 4
4 1 3 1 2 1 3 4 5 3 5 2 3 4 3 4 5 2 4 4 2 3 2 5 4 1 2 2 2 0 1 5 2 3 1 5 1 3 4 4 4 4 2 3 2 5 2 3 5 2 4 2 2 1 2 5 1 1 5 2 2 1 2 4 2 2 3 4 5 5 5 2 5 4 2 1 3 5 2 2 5 3 1 1 2 1 4 3 2 1
1 4 3 1 1 4 2 3 5 5 5 4 4 4 4 1 1 3 4 3 1 3 5 3 2 4 5 3 2 4 0 3 1 4 5 5 3 2 5 1 2 3 5 2 1 5 4 2 5 5 1 4 4 2 2 3 2 1 5 4 3 3 2 5 3 5 2 2 1 3 4 3 5 2 2 5 2 3 2 4 3 3 5 5 5 2 2 4 2 5
3 2 4 5 2 3 3 4 5 3 5 1 5 2 2 2 2 4 1 5 3 4 4 3 1 1 2 5 4 4 3 0 4 5 2 5 5 3 2 1 4 3 1 3 1 4 2 2 5 2 4 3 2 4 2 5 5 5 1 4 5 5 4 1 1 4 5 1 3 4 5 1 4 3 3 5 4 3 4 4 4 2 1 4 3 1 3 4 1 4
1 2 5 3 1 1 5 2 2 2 2 1 5 2 2 3 4 4 4 2 5 1 3 3 3 4 2 5 2 4 3 4 0 5 3 4 5 4 3 2 1 4 5 3 2 3 3 3 1 1 1 2 3 1 2 4 2 2 5 3 5 3 5 3 3 5 5 2 4 1 2 5 2 5 1 2 2 4 2 1 3 2 4 2 5 5 3 4 2 5
3 3 1 1 5 2 1 1 3 2 5 4 1 5 4 5 1 4 1 2 4 5 4 3 1 5 1 5 1 1 2 1 5 0 2 1 1 3 5 1 2 4 4 5 4 1 2 5 3 3 2 1 4 4 3 3 2 1 3 3 1 3 4 3 3 2 3 1 2 3 5 5 5 5 4 2 1 4 1 5 1 1 1 3 1 3 1 2 1 4
4 1 4 4 2 1 5 2 5 4 1 3 5 1 5 3 2 1 2 1 4 5 3 2 5 5 2 4 4 3 1 1 2 4 0 4 2 2 4 4 5 3 3 3 5 2 1 2 2 4 5 4 3 5 5 5 1 2 5 1 3 5 5 4 3 1 4 3 2 3 5 4 2 3 4 4 2 5 5 4 5 2 4 1 4 5 4 3 5 5
5 2 2 4 2 1 5 5 2 2 1 3 3 4 3 1 4 5 1 4 1 1 5 3 3 3 4 3 2 3 4 4 1 2 3 0 2 4 2 1 3 3 3 2 4 3 5 5 1 5 3 2 2 4 4 3 3 1 5 1 5 1 5 2 2 4 4 2 2 5 3 4 5 4 4 4 3 5 3 5 1 4 2 1 4 4 5 4 5 5
2 4 2 5 3 5 3 1 3 3 5 3 1 4 3 2 1 4 3 2 2 5 4 5 4 2 1 5 1 3 1 2 1 4 4 1 0 5 1 1 5 5 3 4 1 5 3 5 3 4 2 4 1 2 4 4 1 3 1 3 3 4 2 1 3 2 5 5 4 2 1 3 4 4 1 3 3 1 4 4 2 3 4 4 3 1 2 5 5 3
5 2 1 1 5 3 2 5 1 4 1 4 1 2 2 2 5 1 3 5 1 4 5 1 3 2 4 5 3 1 4 4 3 5 2 4 3 0 1 2 4 5 2 5 3 4 1 1 5 4 2 2 3 2 5 2 4 2 2 5 2 3 2 1 4 1 1 4 5 2 2 1 2 1 4 5 3 3 3 2 1 5 3 3 2 3 1 3 3 5
3 5 4 5 1 2 2 4 1 4 3 3 2 1 4 2 1 3 1 5 1 1 5 1 1 4 1 2 4 2 1 1 2 1 1 4 1 4 0 3 3 5 1 5 3 1 3 5 3 4 1 3 4 2 4 1 4 2 1 2 3 3 2 3 2 5 3 3 3 5 1 4 4 4 2 1 3 4 1 4 2 5 4 4 1 5 5 4 3 2
2 2 2 5 5 1 1 3 2 5 5 2 5 1 5 5 5 4 1 3 1 5 5 2 5 5 1 3 5 2 5 4 2 4 5 4 1 4 2 0 5 1 3 4 3 4 4 3 1 5 3 5 5 1 3 1 3 4 5 1 4 3 2 3 1 4 1 2 3 4 1 4 4 1 1 4 3 3 2 5 3 2 4 1 2 4 5 3 2 2
4 3 5 3 1 5 1 1 3 5 5 3 1 2 4 2 1 2 3 5 2 4 5 1 3 3 1 4 5 5 5 5 2 2 1 3 3 3 1 5 0 5 3 2 1 2 2 3 2 4 2 4 4 4 3 5 5 2 5 1 3 3 4 5 1 4 4 4 5 3 2 3 5 5 5 5 5 4 4 1 3 3 1 5 2 4 4 5 1 5
2 3 5 2 2 2 5 3 3 5 5 3 4 1 4 3 2 2 3 2 3 5 1 1 4 3 2 2 4 3 3 1 4 2 4 1 3 4 2 2 3 0 1 3 1 4 1 4 1 5 3 2 4 1 5 3 4 3 3 1 2 3 1 4 4 5 4 3 2 2 3 3 4 2 1 3 4 2 3 4 5 5 2 3 4 1 4 1 3 5
4 5 4 3 1 4 4 3 3 2 1 3 4 4 5 5 5 5 2 2 4 1 3 4 3 1 4 5 4 5 2 2 4 3 1 2 5 1 5 2 1 4 0 2 4 1 4 5 3 4 5 2 2 5 3 2 4 4 4 2 5 2 5 3 3 2 3 4 4 1 2 1 2 1 3 2 4 4 1 2 2 3 1 2 2 4 2 1 5 5
3 1 3 2 2 4 3 2 4 4 5 5 3 2 4 5 1 5 1 3 4 1 1 3 5 3 4 5 5 2 2 2 5 2 2 5 4 4 3 3 2 5 1 0 1 2 4 5 4 5 3 4 2 2 4 5 5 3 4 2 5 1 2 1 2 3 2 2 3 1 2 3 5 2 1 2 4 4 4 2 4 3 3 5 2 3 1 1 1 4
1 2 4 4 4 3 1 4 1 2 1 1 3 5 5 1 5 5 3 5 5 4 5 5 2 4 3 5 4 5 1 4 1 5 4 4 4 2 2 3 1 2 1 4 0 3 4 3 1 3 1 3 3 2 2 5 2 1 5 5 4 3 1 3 2 3 2 5 2 4 3 4 3 2 5 3 3 4 3 1 3 1 5 4 5 3 2 5 3 3
3 3 3 2 3 5 2 1 3 3 1 2 3 2 2 1 3 4 3 4 5 4 2 5 4 4 1 3 5 3 3 2 3 3 3 3 3 3 4 2 2 5 3 4 3 0 3 3 3 4 5 2 2 5 3 2 3 1 2 5 4 5 4 4 2 5 5 1 3 4 5 2 4 2 5 3 5 5 2 4 5 5 3 1 5 2 3 5 3 2
2 1 1 1 1 3 1 3 4 2 1 4 4 4 5 1 3 4 4 5 4 3 2 2 5 5 4 3 3 3 4 1 4 2 1 2 3 1 4 4 3 5 5 2 2 2 0 5 1 2 2 3 5 4 3 3 2 5 2 4 1 3 5 2 4 3 1 4 3 1 1 3 4 3 2 5 1 2 4 3 4 3 5 3 1 5 4 1 5 2
1 4 5 4 2 5 2 4 3 4 4 1 2 2 1 5 3 4 1 3 2 5 5 4 4 4 2 3 2 2 3 3 5 5 2 1 3 4 3 3 5 2 4 4 5 3 4 0 1 5 4 1 3 4 1 4 3 5 4 5 4 4 3 4 4 4 1 1 1 4 3 2 2 5 1 2 2 1 3 4 1 2 2 3 2 4 5 4 5 5
1 4 2 3 1 5 2 5 2 4 5 1 3 4 2 1 1 5 1 4 2 2 2 5 5 5 1 4 2 5 5 5 4 5 1 3 1 2 2 4 2 4 4 1 4 4 4 3 0 5 5 5 1 1 3 4 1 3 4 1 1 1 4 3 3 5 5 5 5 2 4 5 4 2 1 4 3 4 4 5 4 2 4 2 3 1 4 4 1 1
2 3 5 3 3 4 3 5 2 1 5 2 2 2 2 5 2 5 4 3 5 2 5 2 3 1 5 4 4 3 4 3 2 1 1 5 4 1 3 4 4 2 1 5 5 2 3 1 2 0 4 2 5 1 5 2 1 4 1 2 3 1 2 1 5 4 5 3 1 3 4 4 3 1 3 5 4 2 1 2 5 5 4 1 1 5 2 1 3 4
4 3 3 2 1 5 5 5 3 1 3 2 1 3 5 5 3 5 1 4 1 5 1 1 2 4 3 4 2 1 5 5 3 4 1 2 4 1 1 1 4 5 1 5 1 1 3 1 1 3 0 4 4 5 5 1 1 4 1 2 3 1 1 3 1 3 3 4 1 2 5 3 4 1 4 2 1 2 5 4 2 5 4 2 2 3 2 4 2 2
2 4 1 5 5 3 2 2 1 4 3 4 1 5 2 5 3 3 5 2 3 1 2 2 4 2 1 1 5 1 1 3 5 1 2 5 5 3 2 5 4 1 2 2 3 5 2 1 5 2 2 0 3 4 4 4 2 2 3 4 3 3 3 4 4 5 2 3 1 4 2 2 2 2 1 3 1 1 2 5 2 1 2 2 1 2 2 2 5 5
3 4 5 1 2 2 2 1 5 4 3 2 4 2 4 2 5 2 1 1 4 5 3 2 1 1 2 5 4 5 4 3 2 5 1 2 3 5 2 3 4 4 1 4 5 3 1 1 3 1 3 4 0 4 4 2 1 2 2 5 1 3 4 3 5 1 5 2 2 5 2 5 2 4 1 1 5 3 2 1 4 5 5 1 3 1 1 4 3 3
5 3 2 1 1 3 4 1 1 3 5 3 5 4 2 3 5 1 1 2 1 3 5 5 1 5 3 1 2 5 4 5 5 1 2 2 2 2 2 5 4 1 1 2 3 3 4 1 4 5 2 3 1 0 3 4 1 5 4 4 5 1 1 3 2 3 2 2 3 5 3 5 2 3 1 1 5 5 3 1 2 1 1 2 3 4 3 5 3 5
5 2 2 4 4 5 1 2 5 1 4 5 5 1 3 2 4 5 3 5 4 5 2 2 5 5 5 1 4 3 1 5 4 2 2 1 3 5 1 5 1 4 5 2 4 1 1 4 5 5 2 4 1 5 0 5 2 4 5 4 2 2 3 5 2 3 2 2 3 5 2 5 2 5 2 4 4 2 4 2 5 5 5 1 4 5 2 2 5 5
3 2 2 1 1 5 1 3 5 1 1 3 1 4 1 5 5 3 3 2 4 2 5 2 4 4 1 2 4 4 4 5 2 3 3 1 5 4 3 2 4 2 5 1 2 1 5 1 3 5 2 3 3 4 2 0 4 2 3 3 2 2 1 2 1 1 1 2 1 2 4 3 2 2 3 4 3 3 4 5 1 3 2 3 3 2 2 3 2 4
5 5 5 5 1 2 5 5 2 4 5 4 2 5 2 2 2 4 4 1 5 1 1 2 1 1 3 3 5 5 5 4 1 1 1 1 4 4 5 4 2 1 2 4 4 3 4 1 3 3 1 4 3 1 1 5 0 2 1 1 4 5 1 3 4 1 4 4 5 3 3 5 5 5 5 4 2 1 2 4 2 5 5 4 2 2 3 4 2 5
2 4 1 5 2 1 4 3 1 3 2 5 4 1 3 1 2 1 4 3 1 3 2 4 4 4 2 1 2 3 3 1 4 4 4 4 4 5 5 1 1 1 3 5 5 3 2 1 2 4 1 2 4 5 1 2 3 0 4 3 3 5 5 1 4 4 3 4 2 2 4 1 5 1 2 1 1 2 4 2 3 3 1 2 5 2 2 4 4 3
4 4 4 4 2 3 5 1 4 3 4 2 1 4 5 4 3 3 4 3 3 2 5 4 5 2 1 1 4 3 4 1 5 4 5 4 3 4 5 5 3 5 3 1 3 5 5 4 4 3 4 4 4 4 5 2 3 1 0 1 2 5 1 4 5 4 4 5 4 5 2 1 4 1 2 5 5 5 1 4 3 1 4 5 4 5 4 1 2 2
1 1 3 4 1 2 2 5 5 1 1 3 2 1 2 4 1 4 4 3 2 5 1 2 5 3 1 2 3 3 4 1 4 4 1 5 1 1 4 2 1 5 4 2 5 5 3 4 3 1 5 4 3 3 5 2 1 4 3 0 3 1 5 1 5 3 3 2 3 4 2 4 4 1 3 3 2 3 1 5 3 2 1 1 4 4 1 2 5 5
5 5 2 4 1 1 4 2 3 2 1 3 2 5 5 2 1 4 4 1 4 1 4 3 3 3 4 3 5 3 1 2 2 1 2 1 1 5 5 4 4 4 5 5 2 4 5 5 3 4 5 5 4 1 4 3 3 1 3 4 0 4 1 1 5 3 4 2 5 5 4 1 3 5 2 2 1 5 1 4 1 2 5 2 5 2 3 3 4 3
5 2 2 1 5 1 1 2 4 1 1 2 3 5 2 2 5 2 1 3 2 4 2 1 4 4 3 3 5 1 2 1 5 2 4 4 2 3 5 4 2 4 1 2 4 1 2 2 5 5 2 2 4 2 3 3 2 4 2 3 1 0 3 4 1 3 5 2 5 1 5 2 1 4 4 3 2 5 2 4 2 5 1 5 1 1 1 2 3 2
4 3 1 2 3 5 1 1 5 1 5 1 4 5 3 1 1 5 5 5 2 5 4 1 3 2 4 1 1 3 2 4 2 1 2 3 4 3 5 4 2 1 3 1 2 3 5 1 1 3 3 2 4 5 4 2 1 4 2 5 5 4 0 3 3 2 3 4 2 4 5 5 5 1 5 4 3 2 4 2 5 3 5 1 3 5 5 3 4 5
3 3 3 2 1 5 4 4 3 5 1 5 5 2 2 5 3 4 1 4 4 5 1 1 2 2 2 2 3 1 3 1 2 3 5 1 2 2 4 2 3 3 5 4 3 3 3 3 4 1 3 1 5 2 4 5 4 3 4 2 3 4 2 0 4 4 4 3 1 5 5 5 1 4 1 1 3 2 4 3 1 1 4 1 4 4 1 3 3 2
3 1 3 4 1 4 4 2 5 4 2 2 5 4 1 1 5 1 2 5 5 2 4 4 5 3 3 5 2 5 5 5 3 5 3 5 1 1 1 4 2 4 1 4 1 4 3 5 3 3 4 2 2 5 4 5 4 3 3 3 3 5 1 3 0 2 4 2 5 2 3 4 5 1 5 2 3 1 5 3 2 2 3 1 5 2 3 4 4 2
2 4 4 3 1 2 3 3 1 2 3 1 3 3 1 3 1 5 4 3 4 1 4 4 5 4 5 2 3 2 3 1 3 3 3 3 5 2 5 2 3 5 2 4 2 5 2 5 1 2 5 3 4 3 4 4 3 3 4 4 4 5 3 5 1 0 2 4 3 1 4 5 5 2 4 1 4 2 4 4 5 3 5 4 4 4 3 4 3 1
2 3 3 5 3 5 3 1 2 4 3 5 1 4 2 2 3 4 4 1 2 4 4 2 1 4 4 2 5 2 5 4 2 4 3 4 3 1 1 5 2 4 5 2 4 2 5 5 3 5 5 2 4 2 1 3 2 4 2 5 3 1 4 2 1 3 0 4 1 4 1 3 1 1 4 4 2 3 1 2 5 1 1 2 1 2 1 4 1 1
1 1 5 4 3 5 5 1 1 3 3 3 4 3 5 1 5 5 1 5 4 4 3 4 4 2 4 2 1 4 1 1 5 5 2 5 1 4 3 1 3 4 5 4 3 2 2 4 3 2 2 1 3 4 5 1 5 2 2 4 4 5 2 2 4 3 1 0 5 2 2 4 3 5 5 5 3 5 5 2 2 4 3 1 5 2 5 2 3 2
1 2 1 1 5 1 5 3 1 3 1 1 2 4 3 1 3 5 2 4 3 4 1 3 5 3 2 2 1 2 2 4 1 4 2 3 2 1 5 1 5 4 5 3 4 2 4 2 5 3 3 1 1 3 2 4 4 5 3 3 3 1 2 2 2 4 1 2 0 1 2 4 1 4 1 1 3 3 5 5 3 4 4 2 3 4 1 4 1 1
3 3 2 4 1 2 4 1 4 5 3 4 2 3 3 5 1 3 1 3 2 2 1 1 4 1 5 1 3 2 3 3 5 5 3 3 1 2 3 2 1 3 1 4 2 3 1 3 4 3 3 2 1 4 1 2 2 5 1 4 3 5 1 2 1 1 5 5 5 0 2 5 2 5 3 1 1 4 5 1 2 2 3 2 1 5 4 4 5 4
5 1 5 4 1 3 5 3 1 4 2 4 5 5 4 5 1 4 3 5 5 4 4 5 5 4 1 4 4 3 2 4 1 1 3 2 2 4 3 1 4 3 2 5 3 3 5 3 3 4 4 4 2 1 3 3 5 1 4 5 2 1 1 3 1 4 2 3 5 4 0 3 1 1 1 5 4 5 1 3 1 3 3 3 4 2 3 2 1 3
1 3 5 2 1 4 5 1 3 5 1 3 2 1 2 5 2 5 2 2 2 1 4 3 5 3 2 4 1 3 3 5 2 2 2 1 4 1 1 4 5 3 2 5 3 5 1 5 4 2 2 2 2 2 3 5 2 3 5 3 4 2 2 2 3 5 1 4 3 5 2 0 4 2 1 5 3 4 4 4 3 3 5 3 3 3 4 2 5 5
5 1 4 1 5 2 4 2 1 2 5 1 4 4 1 1 3 1 4 4 2 5 3 5 4 3 2 5 1 3 3 3 3 1 5 3 3 5 3 3 2 2 5 5 2 5 5 2 2 5 2 1 3 1 1 5 3 5 2 1 5 3 3 2 5 3 5 5 4 2 2 4 0 2 5 3 5 5 3 1 5 1 3 2 2 1 3 3 3 1
1 3 2 3 5 1 5 1 1 3 3 5 5 3 5 4 4 5 1 2 2 1 5 1 5 5 4 5 2 1 2 5 3 5 1 4 4 3 3 2 3 3 1 1 4 2 4 3 4 5 2 3 3 2 3 3 5 5 4 4 1 4 1 4 4 3 2 3 5 1 2 4 1 0 5 5 1 4 2 2 4 5 2 1 3 3 3 2 1 1
2 5 2 4 1 4 1 1 3 1 2 1 2 5 3 3 1 4 1 4 1 1 3 1 4 4 1 2 1 2 3 5 4 1 3 5 5 2 4 5 2 5 4 4 5 2 2 1 5 5 2 4 2 2 5 5 4 3 1 1 5 1 4 3 1 2 1 1 3 2 1 3 1 1 0 1 2 2 4 3 3 2 3 4 3 2 4 4 3 3
3 1 4 1 4 4 4 5 4 4 3 3 5 2 3 2 1 2 4 1 2 2 4 3 3 3 4 2 2 4 3 3 4 1 2 2 1 4 5 3 4 4 2 1 2 4 1 1 2 4 3 3 2 5 3 1 1 2 3 4 1 3 2 2 2 3 2 2 4 2 2 1 3 3 2 0 3 4 5 5 3 5 4 5 1 3 1 2 5 2
4 2 5 3 5 1 4 2 2 4 5 5 1 5 1 1 3 3 1 5 3 4 2 5 3 2 3 2 1 2 5 4 1 5 2 1 2 2 4 1 1 4 1 4 5 5 1 1 2 5 2 1 5 1 2 3 4 4 3 4 3 4 5 3 2 1 4 2 4 5 5 2 4 2 3 3 0 5 5 5 3 2 5 3 4 1 5 4 5 1
1 5 4 5 4 1 4 5 4 5 2 4 2 4 1 5 1 4 1 1 3 5 4 3 5 4 3 4 4 2 2 5 2 2 1 4 1 3 5 5 4 3 1 3 1 5 1 5 1 1 3 3 1 2 2 4 5 4 1 4 3 5 2 2 1 2 1 4 5 1 1 1 2 2 5 4 3 0 1 3 5 5 1 2 2 1 1 4 5 2
5 2 5 1 1 3 3 5 1 4 3 4 2 4 5 1 1 3 4 2 4 4 1 2 3 4 5 4 4 5 3 2 4 1 5 3 4 5 1 1 1 5 5 5 5 4 1 5 3 4 1 3 2 3 1 5 5 4 4 4 2 2 4 3 3 1 4 4 2 1 2 5 4 4 3 4 3 4 0 2 4 1 4 4 4 5 2 4 2 1
3 2 2 5 2 5 5 3 5 2 1 2 2 4 5 2 2 5 4 4 2 1 2 2 5 1 2 3 1 5 5 3 3 3 3 5 3 2 2 4 3 2 1 1 4 5 4 5 1 4 3 5 4 3 3 3 5 2 3 5 4 2 1 5 4 3 5 4 4 1 1 2 2 3 3 4 4 2 3 0 3 5 4 1 1 3 2 3 3 2
4 1 2 3 1 1 3 2 1 4 5 2 5 1 4 1 5 3 3 5 1 2 5 1 2 1 5 1 2 3 4 5 3 1 2 3 3 1 3 1 1 1 3 4 3 1 2 1 3 4 1 4 2 4 2 2 2 4 5 1 3 5 1 5 4 3 4 5 5 1 5 4 1 3 3 3 4 1 1 1 0 5 1 3 3 3 5 4 1 5
4 4 4 2 3 2 1 1 1 3 2 5 4 4 3 4 5 5 1 4 1 3 5 2 2 2 4 5 1 5 1 1 5 3 1 5 5 1 1 2 5 1 1 2 3 5 5 1 1 1 2 3 2 5 5 5 2 4 5 2 2 5 3 3 1 2 5 3 1 2 2 3 2 3 3 5 2 3 1 5 3 0 4 1 4 5 1 1 2 5
5 2 2 2 5 3 5 5 1 4 2 1 4 5 3 4 5 4 3 5 4 4 1 3 2 4 4 1 3 1 2 2 4 4 1 5 4 4 4 5 2 4 4 2 1 2 4 3 2 5 3 4 2 1 1 1 5 4 3 3 4 3 1 5 5 1 5 3 4 3 3 4 5 2 2 4 5 4 3 1 5 4 0 1 3 5 3 1 4 3
3 3 5 3 3 2 1 3 5 2 3 2 2 1 5 2 4 3 1 3 4 3 2 1 5 3 3 4 1 1 3 3 5 2 3 3 5 1 2 3 5 3 3 3 3 1 4 3 2 5 1 4 5 1 2 3 1 1 5 1 2 2 1 2 4 3 4 2 4 4 2 5 5 4 3 5 1 4 3 5 3 5 1 0 5 4 4 5 5 2
4 5 5 3 1 2 2 3 4 2 4 4 5 3 5 3 4 2 2 3 2 1 3 5 2 4 4 4 1 3 5 5 2 1 3 5 3 1 4 2 1 2 3 2 1 1 2 1 1 2 4 3 3 4 5 1 4 3 2 1 1 2 2 3 1 5 1 2 3 5 2 2 1 1 3 5 4 5 1 3 2 5 1 4 0 1 1 5 3 3
1 4 1 4 3 2 5 1 3 1 1 3 5 3 5 3 3 5 2 4 5 4 3 2 1 3 4 1 2 2 4 1 3 3 5 3 1 1 2 2 1 4 5 3 5 2 4 5 1 1 1 3 3 1 4 1 5 4 2 4 2 1 5 5 1 5 4 3 3 4 5 1 5 3 2 2 3 3 2 2 1 5 2 3 1 0 4 5 4 4
5 5 5 1 3 4 4 5 1 4 1 5 5 2 5 3 3 3 4 1 3 5 4 2 5 1 3 4 4 2 5 2 5 5 5 4 3 4 5 2 4 3 4 2 1 5 1 5 4 3 5 5 4 1 4 1 3 5 1 3 3 4 2 5 2 2 5 3 3 4 2 4 3 3 3 5 3 3 5 4 1 4 3 5 1 5 0 2 1 4
4 2 2 1 1 5 5 3 3 4 1 1 3 5 1 5 2 5 1 3 1 2 4 4 5 3 5 2 1 5 3 2 3 1 3 1 5 2 3 3 4 5 4 3 5 1 5 1 2 1 1 1 4 2 5 4 4 4 2 4 1 5 1 5 2 3 1 3 4 3 5 1 4 5 5 2 1 4 1 1 1 1 2 2 3 4 5 0 5 1
2 4 3 1 4 1 1 3 4 1 3 1 1 4 2 5 2 5 1 2 2 3 5 5 3 1 1 5 1 2 2 3 4 5 4 2 2 5 3 2 4 1 1 2 2 2 5 5 1 2 4 1 2 3 4 5 4 4 1 1 2 3 4 5 3 2 1 2 1 2 3 2 2 2 1 5 1 1 2 5 1 1 1 3 1 5 1 5 0 5
3 1 1 4 3 5 2 1 4 5 3 2 1 1 1 2 1 3 2 4 3 3 5 5 4 3 3 5 3 4 1 5 5 3 5 3 1 3 3 1 3 1 5 2 2 1 5 2 3 4 5 5 4 1 2 4 4 3 3 4 1 3 5 3 2 5 2 1 1 5 3 1 1 4 5 5 1 5 2 5 3 1 2 1 3 2 5 4 4 0
60 29 35 30 26 76 47 85 5 88 90 38 44 29 1 44 27 30 13 6 61 22 60 21 27 56 22 46 42 23 59 30 50 2 30 76 76 76 30 44 1 36 30 89 84 72 9 24 8 74 36 32 26 11 7 24 54 50 28 54 57 86 27 70 38 44 50 13 61 90
27 48 57 22 33 52 7 40 50 73 77 69 3 78 75 16 85 67 54 46 74 84 21 11 65 45 82 28 18 48 74 43 57 38 41 19 10 2 4 53 70 60 44 12 80 3 19 13 47 79 78 85 51 70 74 63 69 90 89 64 29 65 56 64 36 13 38 32 13 1
46 88 36 19 63 68 22 56 45 28 67 78 68 54 62 71 20 75 23 27 24 2 75 79 42 59 11 49 50 19 26 16 63 26 19 35 84 34 86 12 16 5 61 29 52 25 66 90 63 77 4 24 55 7 1 37 3 73 75 4 88 20 31 8 69 56 15 43 77 72
24 1 51 26 20 43 50 53 17 58 80 4 52 69 59 43 14 39 14 51 7 55 49 16 29 46 44 56 7 55 30 4 58 60 52 44 80 57 83 70 37 29 46 70 90 19 16 10 69 86 34 47 12 72 13 85 61 89 18 8 52 83 49 25 13 83 32 40 60 30
90 66 31 48 65 66 5 68 10 49 53 88 6 59 4 77 9 37 52 29 75 63 48 49 39 64 85 3 33 89 2 52 90 67 15 89 24 30 90 88 8 69 67 77 66 53 71 51 48 56 53 36 23 36 58 59 9 34 64 47 5 33 53 44 89 41 16 46 20 66
44 77 44 14 5 61 11 1 42 10 64 82 89 28 46 7 12 10 4 33 38 61 45 37 35 63 21 61 70 57 88 32 6 85 44 15 20 37 3 52 32 49 12 13 62 41 63 27 37 46 52 64 43 58 22 87 57 5 85 81 85 79 32 46 29 89 61 35 42 75
82 28 4 79 50 65 33 15 73 36 52 15 35 17 42 50 6 6 79 49 44 60 76 38 88 8 76 83 46 84 16 65 64 61 72 26 44 85 42 9 87 40 48 58 53 38 27 40 85 41 8 76 31 80 3 16 6 41 22 35 89 42 51 40 14 10 35 34 7 42
84 38 88 21 55 39 42 70 24 37 35 1 56 41 17 64 44 9 40 31 52 76 65 72 68 48 18 80 80 59 53 38 17 68 23 61 22 78 69 62 34 52 85 50 69 24 82 29 26 30 35 13 57 5 42 2 79 33 63 20 14 23 85 28 47 70 14 49 40 47
61 65 19 53 67 77 57 42 13 20 65 70 55 86 63 21 87 55 26 78 55 62 83 22 43 53 23 73 4 60 61 90 39 46 62 77 58 80 50 69 17 11 33 85 13 8 80 63 19 88 10 12 77 79 46 35 19 43 68 58 56 27 19 35 57 53 66 18 85 45
80 41 86 38 61 4 17 8 49 90 75 77 37 53 73 42 65 54 86 35 26 81 47 13 52 67 32 50 71 49 83 19 16 64 57 64 66 56 26 55 77 2 10 68 63 34 54 17 11 54 89 60 14 12 60 42 44 39 74 75 46 9 79 33 35 30 70 75 34 38
8 31 75 76 4 88 27 36 33 27 24 50 79 20 82 36 78 20 46 13 40 52 43 77 48 73 15 43 3 66 62 44 38 24 59 86 60 75 10 14 68 84 4 81 9 9 18 82 89 32 38 71 13 71 80 9 18 38 34 21 86 34 26 51 46 33 72 52 5 80
65 61 39 36 10 70 9 76 31 87 87 56 49 7 88 45 3 12 10 85 69 59 27 45 67 6 12 85 90 20 75 48 42 47 2 52 59 81 22 27 40 66 89 88 46 75 30 78 16 20 20 86 72 15 49 18 67 77 62 69 78 67 64 60 30 21 74 28 83 25
32 5 2 9 76 28 6 62 54 47 8 25 42 66 27 38 70 21 71 81 76 17 6 57 83 86 71 7 89 2 64 78 27 23 40 7 63 49 28 34 2 67 42 72 30 37 89 52 71 34 3 39 33 43 56 64 17 35 3 85 69 21 65 10 67 73 44 74 53 33
74 43 69 50 60 33 25 80 70 16 3 43 46 85 70 76 52 24 34 79 70 78 26 29 77 62 19 12 55 15 6 80 53 40 66 78 89 50 64 63 86 7 36 9 41 1 20 79 81 75 21 31 86 27 34 49 35 42 81 31 20 61 17 56 60 61 43 76 48 23
51 27 12 16 54 32 52 67 1 86 48 73 90 76 12 89 41 3 88 45 14 32 80 35 16 5 14 20 53 27 19 25 40 5 88 54 67 89 2 43 84 82 52 75 29 83 45 76 52 6 51 58 37 81 8 71 28 58 76 53 60 78 90 30 41 25 11 56 68 29
67 46 78 17 22 47 48 87 36 30 37 84 23 82 64 69 16 89 37 17 47 27 74 10 7 52 54 65 19 32 40 73 74 66 27 24 12 61 88 77 60 12 81 30 11 50 26 84 79 10 90 65 1 30 25 38 26 61 19 80 38 81 11 24 55 49 3 8 39 53
49 14 10 82 46 57 65 39 59 34 11 12 31 83 23 70 43 17 41 8 71 82 70 61 80 1 78 30 16 7 69 35 5 81 21 59 4 60 65 24 38 75 51 52 82 42 73 37 66 65 68 84 22 41 66 39 80 46 35 52 34 76 25 65 22 26 1 57 63 71
71 13 83 4 88 35 16 64 35 22 4 17 28 1 74 29 54 82 77 15 84 8 61 39 53 16 70 1 49 79 54 49 36 22 89 80 85 26 80 25 90 4 37 25 49 31 31 77 49 61 27 81 65 73 15 48 1 53 27 87 23 88 33 67 27 88 52 85 35 8
70 8 85 64 12 79 53 38 80 69 33 85 24 21 66 14 4 8 62 25 36 36 12 58 40 87 10 44 20 43 8 51 54 29 83 39 2 70 56 73 31 83 69 21 40 12 37 31 42 14 29 40 68 23 28 6 56 75 78 65 15 31 86 59 50 74 73 51 9 2
50 85 48 60 43 50 69 24 61 23 85 28 32 15 34 51 57 59 3 55 31 57 84 6 10 23 24 70 31 74 29 74 4 35 64 13 53 20 59 71 61 24 25 23 24 30 21 85 36 83 32 20 6 22 76 40 51 36 65 14 12 36 46 68 90 24 7 22 75 44
29 74 30 63 75 19 56 52 44 26 6 64 64 5 20 11 56 90 6 43 1 45 33 83 84 65 55 41 87 18 24 81 76 12 12 27 87 51 62 37 74 9 7 59 4 59 41 56 76 84 58 10 58 29 59 29 2 87 44 30 65 35 16 73 65 63 33 68 67 77
9 55 73 88 24 29 75 5 82 44 7 49 80 81 10 34 53 41 72 47 9 58 67 43 11 79 38 78 52 82 84 71 70 53 28 3 38 33 39 4 41 16 49 22 75 39 72 58 73 81 50 70 89 87 38 58 78 11 21 27 53 29 67 57 28 46 25 73 69 35
86 36 13 54 83 40 1 71 66 43 28 34 76 30 71 10 72 19 70 1 51 38 18 53 21 90 31 24 5 38 52 56 34 15 58 48 65 67 16 18 10 45 86 78 79 33 28 61 57 27 66 59 35 3 57 13 10 79 36 76 74 89 41 1 59 27 24 58 26 78
34 83 28 66 49 37 54 83 48 57 45 39 17 33 72 19 89 26 87 23 20 25 41 23 72 81 1 4 26 81 17 60 33 62 67 75 75 46 54 54 28 14 21 56 67 69 42 74 33 31 71 82 53 90 37 32 40 6 80 51 83 54 35 55 11 54 58 15 74 76
4 62 42 5 74 81 83 58 65 84 57 8 51 3 43 82 29 88 63 80 17 50 46 63 33 68 29 53 38 90 44 37 65 3 37 16 26 1 76 50 75 80 87 36 58 26 86 55 27 22 73 35 29 38 52 27 22 29 4 10 49 87 58 17 31 14 69 48 81 73
64 60 53 80 57 20 44 34 86 77 78 21 38 23 5 78 90 81 83 87 88 16 37 74 49 61 49 36 43 73 57 14 18 73 65 70 43 7 79 81 46 33 18 37 3 89 79 62 78 8 37 55 70 32 54 82 42 56 8 42 7 44 18 90 76 48 82 81 37 28
16 42 21 6 23 63 40 43 77 62 34 24 9 46 32 67 18 72 89 77 56 44 13 19 4 27 68 51 85 3 55 34 11 6 60 43 27 15 61 85 88 62 26 8 33 13 47 44 18 7 42 62 34 50 6 36 66 64 10 41 45 43 5 63 19 51 75 41 14 26
17 49 65 23 36 25 13 18 75 29 81 46 10 6 16 62 63 66 78 66 27 43 31 36 89 70 36 71 23 26 25 61 26 72 35 38 33 69 43 19 5 43 88 20 48 74 13 81 20 26 1 50 62 54 55 70 36 47 72 2 10 6 13 89 80 35 85 50 86 11
41 54 79 70 79 73 30 32 21 59 36 52 8 50 61 75 8 36 15 22 15 34 58 59 71 31 7 57 72 71 82 24 3 63 16 66 74 44 63 48 79 65 53 40 87 70 36 3 2 57 87 21 82 34 88 77 12 30 55 60 79 60 50 14 85 1 79 64 24 61
54 64 15 39 48 26 58 23 22 11 30 60 53 60 25 88 15 1 50 90 66 1 55 90 38 24 47 55 74 63 36 87 41 80 3 33 9 19 13 1 80 15 59 34 76 44 57 7 22 62 45 2 64 82 40 90 29 60 2 68 84 57 69 83 12 45 54 44 32 56
5 52 63 62 81 85 18 16 68 24 86 0 43 12 0 74 22 47 45 26 0 67 44 86 73 13 9 88 76 58 86 10 49 71 61 87 18 73 87 11 20 88 22 46 2 85 88 33 4 42 60 34 8 51 17 25 48 15 54 77 27 80 77 61 62 9 0 5 31 84
89 53 20 90 62 3 81 30 18 4 76 0 20 42 0 83 19 7 38 50 0 49 16 30 17 38 77 0 69 50 0 41 78 65 48 11 7 47 74 0 81 37 57 82 0 4 6 72 0 48 79 22 87 83 30 1 50 37 24 5 22 24 15 34 51 15 0 67 70 51
38 16 1 61 30 0 45 72 39 0 16 0 4 26 0 66 67 61 1 0 0 19 22 76 58 0 69 0 54 29 0 66 9 31 20 12 0 0 75 0 76 74 56 32 0 56 44 64 0 17 25 89 69 46 29 0 76 52 0 9 62 37 39 0 71 34 0 14 33 48
73 19 67 25 0 0 21 11 81 0 50 0 22 0 0 20 49 34 28 0 0 51 63 46 54 0 75 0 51 33 0 0 77 14 77 31 0 0 29 0 89 90 1 53 0 77 49 26 0 5 67 0 5 89 32 0 16 44 0 82 54 46 57 0 39 0 0 0 8 40
0 17 0 7 0 0 0 3 27 0 40 0 67 0 0 63 25 31 60 0 0 53 59 62 57 0 87 0 24 64 0 0 0 0 54 1 0 0 68 0 0 61 20 51 0 0 62 0 0 0 17 0 46 88 11 0 38 3 0 33 21 40 30 0 16 0 0 0 82 7
0 39 0 55 0 0 0 46 90 0 1 0 50 0 0 2 13 68 55 0 0 24 86 69 1 0 89 0 77 85 0 0 0 0 53 5 0 0 85 0 0 23 0 38 0 0 48 0 0 0 49 0 42 35 81 0 68 85 0 56 75 50 38 0 7 0 0 0 59 74
0 40 0 46 0 0 0 0 0 0 58 0 0 0 0 13 61 0 75 0 0 39 73 5 5 0 51 0 15 53 0 0 0 0 0 0 0 0 23 0 0 0 0 74 0 0 53 0 0 0 56 0 54 78 23 0 85 25 0 36 0 71 0 0 17 0 0 0 49 50
0 50 0 0 0 0 0 0 0 0 27 0 0 0 0 73 86 0 0 0 0 4 0 40 0 0 17 0 35 88 0 0 0 0 0 0 0 0 32 0 0 0 0 48 0 0 76 0 0 0 55 0 32 40 79 0 81 0 0 23 0 30 0 0 3 0 0 0 27 13
0 24 0 0 0 0 0 0 0 0 60 0 0 0 0 56 81 0 0 0 0 3 0 0 0 0 84 0 0 41 0 0 0 0 0 0 0 0 0 0 0 0 0 42 0 0 24 0 0 0 16 0 0 55 0 0 0 0 0 71 0 0 0 0 2 0 0 0 56 89
0 0 0 0 0 0 0 0 0 0 0 0 0 0 0 0 0 0 0 0 0 0 0 0 0 0 0 0 0 86 0 0 0 0 0 0 0 0 0 0 0 0 0 0 0 0 0 0 0 0 81 0 0 0 0 0 0 0 0 32 0 0 0 0 0 0 0 0 0 0
