70 90 60 30 40
3
1
5
3
5
1
4
5
5
3
4
3
2
2
3
4
2
4
3
2
1
4
2
5
2
3
3
2
3
5
5
5
4
1
1
4
3
1
1
2
3
1
2
1
1
3
3
4
1
2
5
2
4
3
3
3
2
1
2
4
1
2
1
2
5
3
5
4
2
3
4
2
5
3
4
4
2
2
5
2
3
5
5
4
4
5
4
3
2
5
0 3 3 5 4 4 1 1 5 3 3 1 3 1 5 3 2 1 2 2 4 4 4 2 4 5 4 1 1 2 5 5 1 4 4 5 2 5 5 3 3 4 2 2 5 5 4 2 4 1 2 4 4 5 4 5 4 3 3 3 1 3 4 5 1 2 3 5 2 4 3 5 2 2 3 5 2 3 3 5 5 3 3 2 2 4 5 1 4 5
3 0 3 1 1 1 1 1 3 2 2 3 2 2 5 1 5 4 5 2 3 1 3 1 3 1 5 5 5 2 4 2 3 2 5 1 1 4 2 1 3 4 4 5 4 1 5 5 2 1 5 3 3 2 3 2 3 1 1 3 2 1 4 2 5 5 3 1 5 4 3 1 5 3 5 4 1 4 2 2 5 3 4 2 2 2 5 2 2 1
2 1 0 2 1 5 1 4 1 5 3 5 3 2 3 2 1 5 5 4 2 5 2 5 4 4 1 3 2 5 1 4 5 2 2 4 1 4 5 5 2 3 4 1 2 3 5 3 1 2 1 1 2 2 2 4 4 1 3 1 2 1 4 5 4 3 4 1 1 1 3 1 2 5 2 1 4 5 4 5 2 3 5 2 1 1 5 1 4 1
2 4 1 0 1 2 2 4 3 3 1 1 2 1 2 5 3 4 4 5 1 2 2 3 4 3 3 1 2 4 2 1 3 2 1 5 3 1 5 1 3 2 3 1 1 3 4 3 4 2 1 5 5 4 5 1 3 4 4 2 2 4 5 4 2 4 1 4 1 5 4 1 3 3 2 4 3 5 3 3 3 2 3 5 3 2 2 2 3 3
4 5 5 1 0 1 4 2 2 2 2 1 4 3 1 5 4 2 4 2 4 5 5 5 3 5 3 1 2 3 2 4 5 4 2 2 2 1 5 4 2 2 2 5 2 3 2 5 4 5 1 4 3 1 5 4 3 1 4 4 1 5 5 2 4 4 5 3 3 1 2 4 3 4 1 5 4 1 1 1 2 2 3 5 5 5 2 3 3 4
5 1 4 1 3 0 4 5 2 1 3 4 2 5 5 3 2 1 2 3 4 1 4 4 2 4 5 3 1 2 5 3 3 5 2 5 3 1 3 5 4 1 3 3 5 2 5 3 1 3 5 3 3 4 4 3 4 2 5 5 2 2 5 2 2 2 5 2 3 3 1 4 3 3 4 3 1 2 4 4 2 3 5 2 5 1 4 3 4 4
1 4 2 3 5 3 0 4 4 3 2 4 2 3 1 4 2 2 5 1 5 4 5 2 1 2 2 1 3 5 1 2 5 4 1 3 5 5 2 4 4 5 3 2 3 4 4 3 3 1 5 3 4 1 4 3 1 4 4 4 2 1 3 5 3 3 2 2 1 1 5 1 5 2 1 3 2 4 2 4 2 4 5 5 3 4 4 4 1 4
2 1 5 5 5 4 4 0 2 3 3 5 2 3 4 3 2 4 4 1 2 2 4 3 5 1 5 2 3 1 3 3 2 4 3 2 4 5 2 2 4 4 1 5 1 1 5 4 1 3 4 4 5 2 2 3 4 3 4 4 2 2 4 2 1 4 3 2 2 5 2 4 5 2 3 2 4 1 2 2 4 2 5 1 1 3 5 2 1 2
5 5 3 2 5 4 2 3 0 4 4 4 3 4 4 2 4 5 5 3 2 2 2 2 4 5 1 3 2 4 5 4 1 3 1 4 1 5 3 1 4 4 5 3 1 1 3 2 5 3 4 1 4 1 3 1 5 1 2 3 2 1 5 5 4 3 4 3 1 4 1 1 1 4 3 4 4 2 5 4 4 3 4 2 4 4 2 2 1 5
1 5 2 2 5 1 4 4 1 0 5 4 5 5 4 2 2 1 5 4 1 1 3 1 5 5 1 5 1 2 5 1 5 1 1 4 4 3 4 3 2 1 3 1 5 4 4 3 3 1 5 5 2 2 3 4 4 1 3 5 5 3 3 1 2 1 3 5 4 4 5 3 2 2 5 5 2 1 2 5 1 3 2 4 4 5 1 4 3 4
1 1 4 1 3 1 1 4 2 3 0 5 3 1 3 4 3 5 5 3 4 4 5 5 5 1 2 5 3 1 2 1 3 1 1 1 2 3 5 2 4 2 5 2 2 4 1 3 3 4 2 1 3 1 2 2 1 5 3 5 2 5 1 2 5 2 3 2 2 2 5 1 2 1 3 4 4 1 2 1 3 5 5 4 1 2 1 5 5 4
1 5 3 5 2 2 1 3 1 5 4 0 1 4 4 3 1 5 3 5 2 4 3 4 2 4 4 2 3 4 1 4 3 3 4 2 4 3 4 3 3 5 5 4 1 2 5 4 5 4 3 1 1 3 4 1 4 1 2 5 4 4 1 2 2 5 5 3 1 2 2 1 3 1 4 3 3 5 4 1 3 3 2 1 4 5 4 2 3 2
3 3 5 4 2 1 4 1 3 2 2 2 0 1 5 5 4 4 3 1 2 4 4 4 4 3 3 4 5 5 5 5 3 1 3 5 4 3 4 3 2 1 2 4 3 1 2 2 2 1 1 4 5 4 1 1 1 1 1 5 5 3 4 3 3 1 5 3 4 1 5 5 2 4 4 2 5 2 5 4 2 1 4 4 5 1 5 4 3 3
4 1 4 1 3 4 1 3 2 3 2 4 4 0 4 4 4 1 1 1 3 5 3 5 2 2 3 5 3 3 3 1 2 3 3 5 1 3 1 3 1 5 3 2 1 3 3 2 3 3 1 5 4 5 2 4 2 4 5 3 4 4 2 3 2 5 4 1 5 5 2 5 2 2 4 1 4 1 2 3 2 5 1 5 4 1 2 2 2 4
5 5 5 5 3 3 5 2 1 4 4 3 5 3 0 3 3 5 5 5 1 3 5 3 1 4 4 2 5 3 3 3 1 4 5 5 5 4 3 2 4 1 5 2 5 4 5 5 5 5 2 1 3 5 4 3 1 3 1 4 3 5 3 5 4 4 3 4 5 1 1 4 2 2 4 3 5 3 1 1 4 3 1 2 2 4 5 5 4 2
3 2 4 2 2 3 3 2 1 1 5 2 3 4 4 0 2 4 5 4 2 4 3 5 4 5 5 1 1 3 2 1 1 3 3 1 1 4 4 1 4 2 2 5 2 1 5 1 1 4 1 2 5 5 5 5 4 4 3 5 3 4 4 4 5 3 1 4 5 4 1 3 3 1 4 2 3 1 1 1 3 3 2 2 3 2 5 4 2 4
5 2 1 3 4 3 3 4 3 2 5 4 4 3 3 4 0 3 4 3 4 4 3 1 1 5 5 3 1 5 3 5 3 3 4 1 4 3 4 4 1 1 3 4 3 2 5 5 1 1 5 5 2 3 3 5 4 2 1 2 5 2 2 4 2 2 2 4 3 5 1 4 1 1 2 5 3 4 3 2 1 1 3 3 5 4 4 5 1 3
4 5 2 3 5 5 4 2 2 1 3 1 1 4 4 5 4 0 4 3 3 4 3 2 1 4 3 4 4 4 3 2 1 5 5 3 5 2 1 4 2 2 2 2 5 2 3 5 4 1 3 5 4 3 5 5 4 1 4 1 4 2 5 1 1 1 4 1 1 4 3 2 3 1 3 2 3 3 4 1 2 2 5 3 4 2 2 2 4 1
5 3 1 4 2 1 1 2 3 2 5 3 5 3 3 3 2 1 0 5 4 3 4 1 3 2 5 5 1 5 3 4 2 2 5 2 4 1 5 1 4 3 3 1 3 3 2 4 2 4 4 5 4 2 3 3 4 2 3 3 2 1 5 4 5 4 4 2 2 3 5 1 5 5 3 4 3 3 2 2 1 2 4 4 1 2 3 4 4 1
2 1 2 3 1 5 4 5 2 5 1 3 5 4 2 1 2 3 3 0 1 5 5 3 3 5 2 5 2 2 3 5 5 5 5 4 2 1 5 1 4 4 3 3 3 3 1 5 2 4 5 2 5 4 5 3 1 5 2 4 5 1 3 5 4 5 4 1 5 3 5 1 2 5 1 3 2 1 4 4 1 1 1 5 5 5 1 5 1 5
3 3 1 3 3 1 3 3 4 4 1 1 2 3 1 3 1 4 5 3 0 3 1 2 5 1 4 5 3 2 3 4 3 4 4 1 3 1 3 4 5 4 5 4 4 1 3 1 3 1 1 2 4 2 3 3 1 3 4 5 4 5 5 4 5 5 4 3 5 4 2 2 3 2 2 4 1 3 4 1 1 1 2 1 5 1 3 4 1 3
2 1 4 2 2 2 1 3 5 4 2 5 1 4 5 4 5 3 5 4 1 0 1 4 3 5 4 3 3 4 3 5 3 4 5 5 2 4 2 1 1 3 3 3 5 3 1 5 5 1 3 4 3 2 1 5 5 1 1 4 2 5 1 5 5 1 3 1 3 4 4 1 2 4 1 4 1 1 1 3 5 2 2 5 5 5 3 2 3 4
2 5 2 2 2 5 1 2 5 5 1 3 3 1 3 4 3 5 2 3 2 4 0 3 1 2 5 2 4 4 1 3 5 4 3 1 3 2 5 1 3 3 3 3 4 4 1 1 2 3 1 4 5 3 2 3 4 2 3 3 5 3 3 4 5 4 3 1 1 4 5 1 2 1 5 5 3 3 2 5 2 3 5 5 3 3 5 5 5 3
3 4 3 3 4 5 2 5 2 4 3 2 1 1 2 4 4 3 2 4 4 5 2 0 2 1 5 1 4 2 5 3 4 4 2 3 3 3 1 3 5 1 3 3 4 2 2 3 2 4 4 4 2 5 2 1 4 2 2 4 4 1 5 4 4 1 3 2 5 3 5 2 3 4 4 5 1 1 3 2 4 1 1 4 5 2 5 2 3 1
5 1 4 1 4 4 3 5 3 1 5 2 4 4 5 2 4 2 1 2 1 4 1 4 0 5 5 1 4 1 2 1 1 2 2 5 5 1 1 5 1 2 1 2 4 2 3 5 5 5 4 1 5 3 5 5 1 3 4 1 5 5 5 1 4 3 3 3 4 1 4 1 5 3 5 1 4 5 4 3 3 4 5 5 1 5 2 2 2 5
1 3 1 5 1 2 2 4 2 5 4 4 2 4 3 5 4 5 1 5 5 1 3 4 5 0 3 3 2 2 2 5 2 4 4 1 2 2 2 5 4 5 5 2 4 3 3 4 2 1 1 4 4 2 3 4 2 5 2 1 5 2 4 2 4 2 1 4 2 2 1 5 3 5 2 4 1 2 4 5 5 3 2 5 4 1 3 3 5 4
2 5 3 4 5 4 5 5 5 3 4 2 3 2 5 1 5 1 1 4 4 5 2 5 3 1 0 2 2 4 5 2 4 2 1 5 5 3 5 5 1 2 3 4 2 4 1 2 4 5 5 4 1 5 5 1 3 4 1 2 2 5 2 1 3 2 4 5 2 5 2 5 4 1 3 5 4 5 3 1 3 2 2 1 5 2 3 4 2 4
1 3 2 4 3 5 1 1 4 1 2 5 3 4 3 2 3 1 2 4 1 1 1 1 4 2 1 0 4 3 4 3 1 4 1 2 1 1 2 4 3 1 2 1 4 4 2 5 5 2 2 3 2 4 1 3 2 3 4 5 4 1 3 4 3 4 2 4 3 4 3 2 2 3 3 5 4 2 1 1 1 4 2 3 3 3 5 1 2 1
3 4 4 2 1 4 3 2 2 5 2 1 5 5 4 1 2 3 4 1 1 3 5 5 4 3 4 4 0 1 3 1 3 3 5 4 1 5 4 2 1 4 4 4 4 1 5 5 1 1 5 4 3 5 5 2 2 1 3 5 4 5 1 3 5 3 5 5 3 4 1 2 5 5 5 1 5 5 1 1 2 5 4 1 2 2 2 5 4 2
2 4 5 3 1 4 5 1 2 2 1 4 3 4 3 1 3 2 3 4 1 4 2 3 1 3 3 4 1 0 5 3 5 5 3 4 2 5 3 5 3 4 1 1 4 3 2 1 2 3 5 2 4 2 5 4 3 2 5 4 5 5 1 1 2 3 4 4 3 3 1 2 5 1 2 3 5 5 5 1 5 4 4 1 4 3 5 4 5 3
2 2 2 5 3 3 3 3 4 4 1 1 2 5 2 5 1 2 2 3 2 5 1 1 2 1 3 4 5 4 0 1 5 3 2 4 1 4 3 1 5 1 1 1 4 5 3 3 3 5 1 2 1 5 5 1 5 3 2 4 1 3 4 3 4 5 3 2 5 1 5 1 2 5 4 3 3 3 4 2 5 3 3 1 2 5 4 4 2 3
1 1 3 4 2 5 5 5 1 2 5 2 5 2 2 4 3 5 4 2 5 3 2 3 3 5 2 4 1 3 1 0 4 2 1 4 1 2 5 3 2 3 1 2 1 5 1 4 5 5 1 3 3 5 3 3 3 1 5 2 3 3 5 5 3 4 1 5 5 4 4 5 2 5 5 3 5 3 5 5 3 5 1 4 5 4 4 4 4 3
4 5 4 1 2 5 5 4 3 3 4 2 4 2 4 5 1 1 4 1 2 5 1 5 1 3 3 3 1 5 1 1 0 2 3 1 1 4 2 1 1 1 1 1 4 4 5 2 4 2 1 1 2 5 2 2 2 1 3 2 5 5 2 4 5 3 5 4 2 5 1 2 1 2 4 5 3 5 3 2 5 1 2 2 2 5 2 4 1 4
2 3 5 2 2 2 4 2 2 2 5 4 3 4 3 1 1 1 2 4 1 3 2 1 2 2 2 5 3 5 2 4 3 0 4 2 3 2 2 3 5 5 2 5 5 2 5 1 1 1 3 4 5 5 1 5 2 2 4 2 1 1 2 1 2 5 3 3 4 3 5 5 1 4 1 1 3 2 4 3 2 4 1 2 1 1 4 5 1 5
4 1 1 2 1 3 1 1 1 5 3 4 2 3 3 4 5 4 4 2 2 2 1 2 5 2 5 2 1 1 5 4 4 4 0 2 3 4 3 4 5 3 2 4 5 1 3 3 5 1 4 5 3 1 4 3 3 2 3 5 4 4 5 3 5 2 3 5 3 2 2 1 1 4 4 2 4 4 2 4 3 2 3 4 5 4 3 5 5 4
2 5 4 5 4 3 5 1 2 5 4 1 2 2 2 5 3 3 3 4 4 3 4 5 3 1 2 2 4 4 2 3 4 2 3 0 1 5 3 5 4 3 1 3 2 3 2 1 1 3 3 5 2 1 2 1 4 1 2 2 4 5 5 3 3 5 3 3 2 5 2 5 5 4 1 3 1 2 5 2 2 4 1 2 2 5 2 5 2 1
2 3 3 3 4 3 4 5 4 5 4 1 5 5 1 1 5 2 2 2 2 4 2 4 3 2 5 2 4 4 2 2 1 4 4 2 0 3 4 5 1 1 3 3 3 4 1 4 3 4 4 3 5 3 5 1 2 1 5 5 3 5 3 2 2 4 1 3 4 1 4 1 1 1 5 2 3 4 1 1 4 2 4 5 1 2 2 5 3 3
1 3 4 3 2 2 3 4 5 3 1 4 4 5 2 5 5 3 3 3 3 4 1 3 4 1 2 4 1 3 3 3 3 5 5 2 4 0 2 4 2 2 4 2 3 3 5 1 4 1 5 1 1 1 2 4 5 1 1 4 3 4 4 1 1 1 1 5 5 5 5 5 4 5 5 2 1 4 3 5 5 5 3 1 3 2 1 1 1 5
4 4 4 2 5 5 2 2 5 1 3 4 5 5 1 4 5 3 5 5 3 4 5 4 2 1 1 5 3 1 4 4 3 5 2 5 1 5 0 1 5 5 5 4 3 5 3 4 2 2 2 3 3 5 2 4 1 2 2 2 3 5 2 5 3 5 3 3 4 2 1 3 4 3 5 2 4 4 1 2 1 4 1 2 4 5 5 4 1 4
1 1 5 5 3 1 1 2 5 1 5 5 3 3 3 3 2 2 4 5 3 3 4 3 4 5 2 2 1 1 1 1 2 1 5 5 2 4 2 0 4 1 1 4 3 3 1 1 4 2 3 3 3 2 5 3 2 5 3 5 4 2 2 5 5 1 3 3 4 1 2 5 2 1 3 2 1 2 2 3 2 5 1 1 4 3 1 5 2 2
5 4 1 2 4 1 1 2 2 2 1 1 4 5 1 5 4 5 2 1 3 5 4 4 1 3 5 1 1 1 5 3 4 4 4 1 2 1 4 4 0 3 1 1 4 4 2 1 3 2 1 2 1 3 4 3 4 4 1 5 5 1 5 1 4 4 2 4 1 2 4 1 2 4 2 5 3 4 5 2 5 4 4 3 4 4 4 3 3 1
4 3 4 1 1 1 3 1 4 3 5 1 3 3 2 5 5 2 5 4 2 1 5 4 2 5 1 4 4 2 5 2 1 2 5 3 1 2 5 5 3 0 5 4 4 3 2 4 3 5 5 5 3 5 1 2 1 5 1 1 2 4 2 2 1 3 3 1 4 4 2 5 1 5 1 1 3 5 1 1 4 4 3 5 1 1 3 4 2 4
5 1 4 1 2 1 5 3 2 4 3 4 5 1 4 1 5 1 5 2 2 2 3 1 5 1 1 1 5 1 3 3 2 4 1 5 1 4 1 5 3 2 0 3 3 1 5 4 4 3 4 5 4 2 3 2 1 5 2 3 3 5 4 5 4 4 1 1 4 1 2 3 5 5 5 4 4 2 5 2 4 3 3 3 4 5 5 4 1 4
5 2 3 1 3 5 5 1 2 3 4 4 2 3 1 2 4 3 2 1 1 3 1 3 3 5 3 4 4 3 2 1 5 3 3 1 2 2 3 4 4 2 3 0 3 4 4 4 4 2 1 3 4 1 4 4 3 4 3 4 1 1 5 5 5 1 3 2 2 2 4 3 2 4 2 3 5 5 5 4 2 1 5 1 1 3 1 2 4 3
5 2 3 2 2 4 3 3 3 4 3 1 1 2 2 4 5 3 1 4 4 2 4 1 3 4 2 2 1 1 1 2 5 3 5 4 1 5 5 1 3 1 4 1 0 1 2 1 2 2 5 3 2 2 5 5 4 5 1 4 3 5 1 1 2 5 1 5 1 4 2 5 1 2 4 1 5 2 1 1 4 2 4 3 3 1 5 3 4 3
4 4 3 4 4 3 5 3 1 5 4 2 5 2 3 5 5 3 1 5 1 5 3 3 2 5 3 5 4 4 5 5 1 3 5 4 4 1 4 3 4 2 2 3 3 0 4 3 3 1 4 5 1 4 2 3 1 2 5 1 3 4 3 5 1 2 1 5 5 4 5 5 5 1 2 4 4 4 5 4 1 5 1 4 1 3 3 5 3 4
1 4 5 5 3 2 4 1 4 5 2 1 5 3 3 3 3 3 2 1 4 3 5 4 2 5 2 4 2 1 2 3 3 2 5 1 5 2 1 2 5 2 1 3 4 5 0 1 3 4 5 1 3 2 1 4 4 2 3 4 2 1 1 2 2 3 4 1 3 4 2 4 1 3 4 4 2 1 5 5 3 2 2 1 5 3 1 5 4 2
3 5 5 2 5 2 1 2 1 1 3 1 1 1 2 5 3 3 1 3 1 5 4 5 1 5 3 4 2 2 5 1 3 2 1 2 1 2 5 4 1 5 1 5 2 4 1 0 4 2 4 1 1 5 5 4 3 4 3 5 2 3 3 1 5 2 5 2 1 4 2 1 3 3 3 2 3 1 2 1 4 4 1 3 1 5 5 5 5 1
5 2 4 4 5 2 3 5 5 1 1 4 2 4 2 1 5 1 4 5 4 3 1 2 5 4 3 4 2 1 4 5 5 1 1 1 4 4 1 2 3 3 4 3 1 3 5 1 0 3 4 4 3 4 4 2 1 4 4 3 5 5 4 3 1 4 5 5 1 5 2 2 1 3 4 3 1 4 4 5 3 4 2 5 2 2 5 4 1 5
2 1 4 2 1 3 1 3 1 1 4 2 5 5 5 5 1 1 2 5 3 1 3 1 1 5 2 5 2 2 1 1 3 5 4 1 2 3 5 3 1 4 3 3 5 2 4 4 5 0 3 1 5 1 5 5 2 3 2 4 3 5 2 2 3 5 1 5 3 5 3 3 3 1 3 5 3 2 4 4 4 3 2 2 2 4 4 2 4 2
4 1 4 1 5 5 5 4 1 5 4 3 1 3 5 5 1 3 1 1 3 4 5 1 1 3 5 1 1 4 4 4 1 3 2 5 3 3 1 1 5 5 1 4 4 2 5 4 1 1 0 4 5 3 3 4 2 5 1 5 2 4 1 5 5 1 5 4 4 2 4 4 5 2 1 4 1 2 5 1 5 5 5 2 4 4 5 2 2 3
2 3 2 1 2 2 5 3 4 5 1 1 5 4 5 4 5 2 1 5 2 4 2 1 4 5 4 2 2 3 3 4 2 3 2 5 3 2 2 4 1 2 2 2 2 4 5 5 2 5 1 0 2 1 1 5 5 5 5 5 3 5 3 4 5 2 3 5 4 1 3 1 4 2 1 5 4 3 4 5 3 2 1 2 2 2 3 1 5 3
3 4 1 2 2 3 5 2 5 1 4 5 1 1 4 3 1 2 1 2 2 1 2 1 4 1 5 3 4 3 3 4 1 5 4 4 2 4 3 5 1 5 2 5 1 5 4 1 3 2 2 4 0 3 5 1 5 4 5 4 4 3 5 2 1 1 5 2 2 1 5 3 3 1 1 5 1 5 4 5 4 1 3 2 2 5 5 4 4 5
1 3 1 4 5 4 2 2 5 5 2 2 3 4 4 1 4 5 2 3 4 1 5 4 2 3 2 2 2 4 2 5 1 1 1 5 4 4 1 2 1 2 1 4 5 2 3 3 3 4 4 1 5 0 5 4 4 3 2 2 4 3 3 4 4 5 2 5 3 5 5 5 1 3 3 3 5 2 3 4 2 1 1 1 4 5 3 4 3 3
5 3 4 3 3 5 5 3 4 3 2 3 2 1 4 4 2 2 2 2 1 1 5 3 5 2 3 2 5 3 5 3 1 3 2 3 1 2 1 4 2 3 4 2 5 4 2 5 5 1 2 2 5 2 0 4 2 1 1 2 3 2 4 4 5 1 5 2 4 1 5 5 2 4 5 4 2 5 3 5 1 1 4 4 4 1 3 3 3 5
1 2 1 3 5 1 2 2 2 2 2 4 2 5 1 3 4 2 1 1 5 4 2 5 4 4 2 4 1 5 4 5 3 3 4 1 4 2 5 4 1 4 3 3 1 5 5 2 3 4 5 3 4 3 4 0 4 5 2 1 1 4 1 1 4 1 5 4 3 5 3 3 1 4 4 1 3 3 3 1 1 3 4 2 2 2 5 3 5 3
5 3 5 3 5 4 3 1 4 5 1 5 5 5 1 2 3 1 4 3 2 3 1 2 5 3 1 2 3 3 4 3 1 4 2 2 2 4 4 4 1 3 1 1 5 1 1 5 4 3 2 1 2 4 5 3 0 3 4 4 2 1 2 2 4 4 1 3 1 5 2 2 1 1 2 3 5 3 1 1 4 3 5 1 3 3 3 2 4 5
1 5 4 4 4 4 5 3 3 4 2 1 1 4 2 2 1 5 1 2 5 1 2 2 3 3 3 3 4 5 4 3 3 1 3 2 5 2 3 5 3 2 4 1 4 1 1 4 3 1 5 5 4 5 4 4 2 0 2 3 1 3 3 3 3 4 5 4 4 5 4 5 1 5 2 1 2 5 1 2 3 2 4 2 5 5 2 2 3 5
2 2 1 2 3 4 5 5 2 1 1 3 2 4 1 3 2 1 1 5 2 3 1 2 3 1 2 3 3 3 2 2 2 1 3 3 4 4 5 2 4 1 1 3 4 1 4 4 3 5 1 1 1 2 2 5 4 2 0 2 2 2 3 1 1 3 3 3 3 1 5 4 4 1 4 4 1 3 3 5 2 5 1 4 3 2 5 5 3 2
1 1 2 1 5 1 5 4 2 2 4 1 4 3 5 2 4 1 2 4 5 5 4 4 3 1 2 4 5 1 5 2 4 2 1 3 1 2 5 3 1 3 1 3 2 2 5 3 4 5 5 2 2 3 4 1 4 5 4 0 4 5 1 2 4 5 2 4 2 1 1 1 3 5 4 5 4 1 1 4 3 1 3 3 4 4 3 2 5 3
2 5 4 3 5 3 2 1 1 2 4 3 2 3 2 1 5 4 5 2 2 1 1 3 5 3 5 3 2 3 2 5 4 1 3 1 5 2 1 5 5 4 1 2 1 1 5 2 2 5 1 4 3 3 5 2 4 1 5 3 0 5 5 5 3 4 3 5 5 2 3 2 1 4 3 5 1 2 1 1 5 4 2 4 3 1 2 5 3 1
1 4 3 1 1 5 4 3 1 2 4 2 1 3 2 1 3 3 2 5 5 5 2 1 3 2 3 4 5 4 3 4 5 5 2 2 2 4 3 5 2 1 5 5 5 2 1 5 3 4 3 4 5 3 2 3 1 1 5 4 3 0 1 4 3 3 5 2 2 4 1 4 4 4 4 2 3 1 3 1 4 1 5 2 5 5 3 2 5 4
3 3 4 4 5 5 1 5 4 1 5 3 1 3 4 2 4 3 3 3 5 2 4 2 1 5 4 4 4 2 1 4 2 1 1 5 5 1 3 4 4 2 2 1 4 3 5 1 3 2 5 2 4 1 4 2 1 2 5 1 1 3 0 4 1 1 2 2 4 4 3 4 1 3 1 3 4 1 3 4 5 1 1 1 5 4 2 4 2 3
5 4 2 2 2 4 3 1 4 1 3 5 5 4 5 4 4 4 5 2 4 1 2 1 5 5 3 5 3 3 4 1 5 5 3 4 3 2 1 5 3 4 5 5 3 1 4 1 2 2 1 1 2 3 4 2 4 1 5 1 5 5 5 0 1 3 5 4 5 4 3 5 1 4 3 3 2 5 5 3 1 1 1 5 4 3 5 4 1 2
1 5 4 3 4 3 2 5 2 2 4 3 2 4 1 5 3 5 2 2 1 3 5 2 1 2 1 3 2 5 3 3 2 4 2 1 5 1 1 5 2 3 2 5 5 5 1 1 5 2 5 5 5 5 5 2 5 5 5 1 2 5 3 5 0 5 1 2 1 5 5 3 1 1 3 4 4 1 3 2 2 3 5 3 4 4 2 5 4 2
2 3 2 4 3 5 3 4 1 3 3 1 4 5 5 2 2 1 3 2 4 5 1 1 2 5 3 2 3 3 5 2 4 2 4 1 4 2 1 1 3 4 5 2 5 1 3 5 1 5 1 1 2 2 1 2 5 5 1 5 4 3 1 4 5 0 5 5 3 3 2 2 1 3 1 3 5 4 2 5 1 3 1 2 3 2 5 3 3 5
2 3 5 4 2 2 2 4 2 3 3 1 2 4 4 5 1 3 3 1 3 1 1 3 4 2 4 1 2 3 1 3 5 3 3 5 1 4 1 4 1 5 5 4 1 4 5 4 3 3 2 2 4 5 2 2 4 1 1 3 4 5 5 4 2 3 0 3 4 1 1 4 5 1 2 3 3 1 4 4 3 5 3 5 4 5 5 5 5 4
3 1 3 1 1 2 5 5 3 5 4 3 5 4 3 2 3 3 5 2 3 3 1 3 3 1 4 5 5 2 1 5 5 5 3 4 2 5 4 2 3 2 4 1 2 4 3 5 5 3 2 3 3 2 2 5 3 1 4 5 5 1 3 1 5 1 2 0 5 2 1 2 1 3 1 5 2 1 4 3 4 1 1 5 1 4 4 5 5 4
1 4 2 2 5 3 4 2 4 2 3 2 5 4 3 5 4 1 2 1 1 1 1 1 4 1 4 4 3 4 3 3 5 5 2 1 3 1 4 4 3 1 2 5 1 2 4 2 3 4 4 5 2 2 3 4 4 1 5 4 3 2 2 2 1 2 4 1 0 1 2 5 3 4 5 3 3 4 2 4 2 3 3 2 2 2 3 4 4 2
3 4 1 4 4 5 1 5 1 2 2 3 3 4 5 1 4 4 4 3 2 5 2 5 4 4 5 4 2 2 5 2 3 5 3 5 3 5 1 5 3 1 1 3 2 4 1 1 1 1 1 3 4 3 4 3 3 2 1 3 4 1 4 1 5 3 3 2 3 0 2 4 2 2 5 2 4 5 5 2 4 5 2 3 1 3 4 2 4 2
1 3 3 1 2 3 1 2 3 4 3 2 1 1 4 5 5 5 1 5 1 3 5 1 5 4 5 5 4 5 4 1 2 3 4 3 3 3 3 4 2 1 2 2 4 3 3 2 2 5 3 1 4 3 5 1 5 2 5 3 3 1 4 5 1 3 3 4 1 3 0 5 4 1 4 1 1 4 5 2 3 4 3 1 1 4 2 5 2 4
1 4 3 3 5 4 2 5 5 3 5 5 4 3 1 4 5 2 4 2 4 1 4 5 4 2 5 1 4 5 2 3 3 3 1 2 3 2 5 2 5 4 2 2 5 5 1 2 1 5 5 2 1 1 1 3 4 5 3 2 4 5 2 4 1 2 1 5 1 1 1 0 4 1 4 1 2 1 2 4 4 2 2 2 1 3 2 2 3 1
4 2 4 1 3 4 1 3 3 3 4 1 2 1 4 4 2 4 3 1 5 4 5 5 1 4 2 5 4 3 4 3 2 1 1 4 2 2 2 2 3 5 4 3 5 1 3 4 4 1 4 2 2 5 1 4 1 1 2 5 1 3 3 3 5 5 2 3 1 1 2 3 0 3 3 5 4 3 3 4 2 2 5 2 4 3 4 4 1 1
4 4 3 1 2 5 1 5 2 3 2 4 5 5 2 5 3 5 4 1 3 2 1 5 4 2 3 1 1 2 4 5 3 2 1 5 2 3 1 3 3 5 5 3 1 4 4 3 4 4 3 5 3 4 1 3 1 4 2 5 1 3 2 5 3 2 5 5 4 2 3 4 4 0 3 4 4 5 4 1 1 4 3 4 1 1 3 4 1 3
4 2 5 4 4 4 3 5 1 4 5 3 1 2 3 1 2 2 2 2 1 1 1 1 5 3 4 2 3 3 2 1 3 5 3 4 1 3 4 3 2 5 1 4 3 3 1 5 2 1 3 5 3 2 4 5 2 4 3 2 1 2 4 3 1 1 4 1 1 3 5 1 3 5 0 5 1 1 3 4 5 2 2 4 4 5 3 2 5 5
2 5 1 3 5 2 3 4 5 2 5 5 1 4 2 1 5 4 3 2 1 2 4 3 5 1 5 5 2 4 1 3 4 3 5 5 2 4 4 1 4 4 2 4 3 4 3 4 5 2 5 1 1 1 1 2 5 5 2 1 2 5 5 2 1 1 1 2 3 1 3 2 5 3 3 0 5 5 4 3 2 4 4 3 1 5 1 3 1 2
1 2 3 1 1 2 1 1 2 5 1 4 1 3 3 2 4 2 4 4 5 4 4 2 1 4 3 3 5 1 4 5 3 2 3 3 5 5 4 2 3 4 5 3 3 4 5 4 4 2 1 1 2 2 4 1 4 1 4 4 1 4 4 3 3 1 1 4 1 5 2 4 3 3 4 1 0 4 4 4 3 2 4 5 2 1 5 3 4 5
1 5 1 4 1 4 1 1 3 4 5 2 5 3 3 5 4 4 4 5 3 4 4 5 3 3 4 1 1 4 2 2 4 1 4 4 4 2 5 5 5 5 4 5 1 4 4 2 2 2 5 5 4 3 4 5 1 3 4 1 5 5 2 5 1 3 3 1 4 5 5 1 3 2 1 1 3 0 2 3 4 4 4 5 3 2 5 2 3 5
2 4 4 3 3 5 2 1 3 4 4 5 1 2 4 4 3 2 5 2 4 1 3 5 5 4 4 1 5 5 3 3 5 5 2 3 2 1 4 5 1 3 5 5 3 4 1 1 5 4 4 1 3 2 1 2 3 1 3 1 1 5 4 5 3 5 3 1 2 1 1 5 1 5 1 3 2 4 0 3 1 5 4 1 4 4 4 5 5 3
4 4 5 2 2 1 4 3 1 5 2 1 5 3 1 5 4 5 3 4 2 4 4 2 5 2 3 2 5 2 5 1 1 3 4 1 4 4 3 2 3 4 1 2 2 1 5 2 4 5 4 2 1 2 1 2 5 5 3 2 3 4 1 3 4 4 4 4 2 3 2 5 5 3 2 5 3 4 1 0 3 2 4 3 2 5 2 3 3 2
3 4 5 5 5 1 3 5 3 3 4 3 2 3 3 4 4 4 1 2 4 4 2 2 5 4 4 3 3 3 5 2 2 4 5 3 4 3 4 3 5 4 3 5 2 1 4 3 2 1 1 3 3 2 4 1 4 1 3 3 1 4 5 3 5 2 2 5 2 1 5 4 3 4 2 4 2 3 3 4 0 5 4 3 1 3 5 1 4 2
2 3 2 5 1 2 5 5 2 1 1 1 5 1 3 2 5 2 1 3 2 2 2 3 3 4 3 2 1 4 3 3 3 1 2 3 1 5 4 3 4 3 2 4 5 2 5 1 5 1 3 1 2 2 4 2 4 3 5 1 4 4 4 4 1 5 1 3 3 5 2 4 3 5 3 4 4 3 1 4 3 0 1 3 1 3 5 5 3 2
4 5 3 2 4 2 4 1 5 4 1 5 3 1 2 1 5 2 5 2 2 2 2 2 5 4 5 5 1 2 1 4 5 3 4 1 1 5 3 5 2 1 4 4 5 3 2 4 1 2 2 4 3 1 3 4 4 4 4 2 1 4 2 5 3 2 2 2 2 3 3 4 4 4 5 1 2 5 4 5 3 5 0 2 1 1 4 3 4 3
2 4 5 3 2 2 3 5 3 3 4 1 5 4 2 5 2 3 4 3 4 3 3 5 2 4 2 4 1 3 2 3 1 2 2 2 5 5 5 2 2 5 2 2 5 1 5 1 1 5 3 5 4 4 2 1 1 3 4 1 5 2 4 4 5 5 3 2 2 3 4 3 5 2 1 3 3 4 3 4 3 1 1 0 1 3 2 3 2 3
2 4 5 5 2 4 2 5 5 4 5 4 1 1 3 5 1 4 1 4 5 3 3 4 3 4 3 1 4 3 4 4 3 2 2 3 5 3 5 5 3 5 5 5 1 4 3 4 1 5 3 2 2 2 4 4 4 5 1 4 4 2 1 4 1 3 1 2 4 5 4 2 1 4 2 4 1 2 4 3 3 5 5 5 0 1 2 5 2 4
2 5 2 2 5 2 1 3 2 4 4 1 4 4 3 3 2 2 5 4 2 2 2 2 4 2 4 5 3 1 3 1 5 1 5 1 4 5 4 1 4 2 1 2 1 2 1 4 1 3 2 4 4 4 4 2 5 2 3 3 2 1 1 5 2 5 4 3 3 3 1 4 2 2 3 5 3 2 1 5 2 1 1 1 3 0 2 4 2 5
4 3 5 2 2 3 2 3 4 4 5 5 2 1 1 1 5 3 5 2 2 5 2 4 4 2 5 5 5 5 5 2 5 2 5 2 4 2 5 2 1 1 1 4 1 5 1 1 5 5 1 4 4 1 2 2 4 4 2 4 5 4 4 4 2 4 5 1 3 5 1 4 3 1 5 4 1 4 1 1 2 4 3 3 5 4 0 4 1 4
1 4 5 4 4 4 2 1 4 1 5 3 4 1 3 2 2 3 3 4 5 1 2 5 4 5 5 5 1 2 1 3 5 5 1 4 5 1 5 5 1 3 1 4 1 5 3 5 1 3 2 2 5 3 3 2 1 4 5 2 4 5 1 5 2 5 5 3 2 4 2 2 5 5 1 2 4 2 5 3 1 4 2 5 5 2 4 0 4 1
5 1 5 2 5 4 1 3 5 3 5 2 2 5 3 3 3 4 1 4 4 5 1 3 5 5 1 5 1 3 4 5 2 1 5 3 3 1 4 4 2 5 5 5 4 2 1 5 5 2 3 1 1 1 2 2 1 5 2 3 2 3 3 2 5 5 3 1 3 3 2 1 5 5 3 5 4 1 4 3 5 3 4 2 1 5 1 3 0 5
5 4 3 4 2 2 2 5 5 3 3 2 5 3 2 4 3 2 5 1 3 2 4 3 3 4 1 5 3 1 2 4 2 2 2 1 2 4 4 4 1 3 5 3 1 2 2 3 1 5 3 1 1 3 2 2 4 3 4 3 3 2 1 5 3 1 1 2 4 4 3 5 2 3 2 2 4 1 5 2 2 5 5 5 2 3 5 3 2 0
62 32 32 27 28 69 39 77 45 79 82 21 18 45 78 30 57 43 31 20 37 35 12 36 34 75 58 70 17 12 60 85 8 58 59 22 87 41 53 1 38 37 29 81 69 8 29 7 58 18 32 37 8 21 28 60 43 53 50 59 84 79 17 59 35 43 50 11 53 90
28 51 50 14 35 45 3 48 39 64 68 54 38 28 87 65 2 50 11 25 31 79 27 79 5 85 26 20 13 77 65 84 27 16 65 59 29 8 52 69 66 51 46 77 22 67 4 42 63 69 89 66 4 49 17 89 1 81 77 64 86 19 52 67 89 13 38 27 20 71
48 27 33 22 62 61 16 45 40 25 72 68 27 37 13 80 25 16 29 1 67 17 28 68 16 35 77 25 37 84 76 60 3 73 16 23 1 2 60 16 30 68 11 53 16 32 18 55 69 19 24 43 39 75 61 34 27 11 54 45 56 89 5 53 66 56 15 37 70 58
24 19 43 47 24 59 70 60 14 51 42 70 37 7 26 78 29 4 17 23 20 29 57 14 37 34 62 21 80 81 41 65 63 54 50 31 9 81 5 36 75 53 78 86 50 24 31 84 42 39 49 70 59 22 19 4 4 32 43 14 87 90 48 27 8 83 32 34 52 64
75 70 46 21 22 54 12 22 37 43 55 57 57 23 55 23 59 83 57 17 22 33 75 34 63 78 14 45 48 58 61 23 52 86 43 21 23 87 74 8 46 74 85 4 38 73 55 81 90 1 62 19 22 54 74 48 58 56 34 80 4 14 25 6 87 89 16 40 33 74
46 84 40 81 64 43 26 26 72 8 44 17 28 52 35 69 67 31 23 69 19 58 67 84 18 10 87 72 74 35 37 5 48 43 68 58 71 43 88 31 54 19 36 65 35 63 49 83 88 6 68 33 87 20 73 40 16 76 17 35 57 4 45 44 11 33 61 30 30 47
84 31 85 37 47 58 34 80 8 32 32 66 46 66 86 52 14 2 22 5 16 31 31 26 56 76 47 8 22 6 44 51 82 19 78 65 62 36 36 86 43 11 64 61 1 23 6 74 29 20 80 57 27 30 66 74 77 30 16 48 10 48 90 46 44 70 35 29 7 43
86 41 84 52 55 1 48 28 43 33 56 53 24 29 27 71 65 9 65 61 33 14 41 59 48 33 29 47 60 82 84 16 1 7 30 40 25 55 59 90 57 88 41 49 5 85 45 14 70 87 11 20 65 52 11 44 26 17 41 44 11 40 31 41 32 26 14 43 90 41
63 69 80 45 57 70 20 24 44 17 66 36 7 51 25 6 13 5 48 57 39 34 85 81 52 69 25 5 19 19 12 59 29 77 10 11 40 82 14 17 4 29 82 87 31 83 34 25 22 29 9 73 25 34 30 54 11 57 49 13 25 66 83 14 54 53 66 85 40 29
82 3 12 78 66 87 5 3 33 83 79 87 74 49 23 26 38 13 27 9 1 87 55 31 11 55 54 73 21 4 10 29 83 13 7 50 84 73 16 76 24 40 50 43 23 52 67 12 79 36 75 40 68 46 40 25 34 6 38 49 13 6 62 36 43 32 70 67 76 79
8 44 78 49 14 80 19 68 50 84 19 7 71 50 52 5 86 90 80 87 35 71 68 89 12 16 30 17 63 85 15 49 41 82 4 37 89 10 73 67 72 30 75 20 72 26 12 76 59 34 58 1 56 36 15 5 7 61 1 74 38 72 20 1 13 20 72 46 39 1
67 56 67 17 6 63 15 72 68 78 90 50 79 4 50 55 58 35 73 28 47 82 19 8 87 24 69 33 45 31 38 43 88 65 44 75 81 64 61 38 9 21 90 62 9 4 86 22 20 72 40 21 82 31 18 16 74 13 85 31 19 10 63 34 64 12 74 24 61 19
34 64 25 2 75 27 88 38 30 41 20 20 84 72 61 41 62 57 55 80 43 15 76 85 71 71 20 90 56 55 22 10 38 46 35 9 39 26 62 2 73 13 52 9 21 15 82 18 73 88 20 12 1 59 32 76 6 88 84 63 52 82 22 50 57 73 44 66 25 35
76 46 36 10 59 86 40 90 56 13 22 58 25 89 48 33 64 44 3 79 83 22 42 18 86 67 44 40 18 54 52 38 19 67 6 24 18 19 23 85 40 10 80 29 80 42 56 62 50 35 61 14 62 88 44 41 29 71 26 12 89 35 16 58 14 24 43 90 55 49
53 43 61 85 37 40 76 86 4 77 1 80 47 61 28 63 78 70 49 74 72 75 77 47 20 48 1 10 83 41 54 71 86 49 58 84 70 12 48 83 88 26 38 1 47 13 83 71 7 46 69 55 81 84 47 83 62 72 74 41 45 16 23 88 52 48 11 50 29 70
69 7 27 62 54 50 10 16 27 27 29 3 81 86 16 47 73 17 40 76 88 53 52 73 43 84 82 19 88 60 36 68 77 1 24 90 86 76 45 58 3 49 83 47 28 75 80 46 34 17 88 49 34 57 62 38 47 27 36 70 54 25 7 54 24 25 3 7 22 32
51 49 86 64 2 29 45 44 79 30 26 59 16 3 20 83 3 15 87 51 69 49 59 19 65 61 6 78 67 88 73 4 57 55 12 42 60 68 39 37 81 59 34 34 90 22 89 70 67 55 85 32 54 71 34 50 76 34 90 78 9 83 39 31 9 23 1 51 82 40
73 17 5 63 12 66 32 10 58 19 77 31 63 20 17 38 51 65 67 89 89 64 36 42 90 62 46 34 42 44 67 21 33 37 72 86 14 11 68 89 80 86 3 7 27 33 59 58 68 60 42 11 72 42 8 12 31 74 68 46 66 54 2 63 47 88 52 73 24 4
72 34 75 53 85 72 57 31 13 61 2 10 12 2 85 34 71 84 61 55 45 7 25 40 25 41 45 55 78 70 3 75 30 6 86 54 24 1 17 30 89 58 57 10 56 16 81 33 71 90 36 5 20 33 23 57 19 46 29 20 43 39 30 64 88 9 73 45 80 27
52 11 77 90 50 81 62 63 81 20 85 72 26 43 88 11 20 42 78 38 80 11 17 29 42 23 53 14 76 28 29 50 72 33 11 85 45 86 80 59 11 76 2 79 39 41 9 44 46 14 53 88 35 74 81 56 72 63 56 28 1 87 66 35 59 63 7 19 63 76
30 80 17 67 32 32 36 50 9 23 49 47 6 70 53 18 70 71 69 84 34 84 79 60 36 19 68 49 62 15 72 89 17 88 47 88 64 33 1 73 16 60 12 42 30 74 68 1 19 25 74 46 76 19 38 29 18 14 79 22 39 70 42 65 56 45 33 61 74 77
9 52 18 11 74 36 68 75 63 39 25 46 20 81 80 58 72 47 75 24 84 85 88 88 66 32 88 58 90 76 77 37 32 20 42 35 63 57 31 39 49 1 16 33 66 20 36 5 18 37 66 45 49 83 5 67 37 55 7 54 21 62 54 7 10 29 25 65 15 75
88 58 10 82 44 31 80 35 29 85 70 85 65 57 44 36 75 10 14 53 77 18 13 20 24 50 73 74 10 14 13 66 16 14 63 45 65 69 77 10 15 43 65 89 34 39 60 67 43 82 31 75 13 61 64 66 71 42 24 16 69 13 15 69 28 54 24 52 47 24
36 90 65 54 89 74 37 7 85 50 17 25 29 17 32 32 27 56 53 7 53 50 49 15 41 79 70 42 59 90 70 72 65 3 88 43 74 74 32 27 86 6 87 8 86 90 62 64 61 8 86 4 69 47 33 64 69 73 23 88 85 46 21 89 19 8 58 13 79 20
4 2 28 71 49 24 1 34 74 75 83 71 3 14 82 68 47 80 86 56 46 80 47 4 1 56 84 68 85 24 80 36 85 2 37 33 73 51 75 74 35 89 58 18 74 81 65 50 47 70 63 47 57 80 53 73 70 87 67 27 81 2 3 57 73 47 69 42 11 23
66 65 14 18 73 56 11 30 16 68 9 83 17 74 38 61 18 19 85 3 8 55 15 52 78 17 52 53 16 68 11 74 50 87 82 6 21 71 19 44 68 64 62 73 71 38 78 87 15 56 35 68 63 63 2 21 75 3 81 2 59 30 43 20 77 51 82 71 14 22
16 63 38 60 60 26 49 59 20 55 88 12 61 75 60 64 15 25 15 21 48 13 58 67 73 81 51 80 53 26 40 14 4 8 31 74 82 5 56 87 14 90 33 76 67 11 66 21 81 16 21 42 48 76 13 87 83 52 53 18 78 80 69 26 82 34 75 35 27 52
17 20 47 19 25 16 47 54 66 26 78 9 88 56 18 57 36 1 5 82 38 69 1 1 57 36 2 36 87 43 20 17 49 38 3 15 2 32 12 5 71 63 15 66 41 14 15 69 74 41 22 69 18 53 16 32 36 80 35 61 14 5 81 87 27 61 85 44 60 84
43 39 19 61 48 23 66 64 25 52 45 65 13 79 24 19 32 32 32 68 27 1 22 48 70 3 67 29 36 25 49 32 10 44 13 56 52 88 37 78 7 33 25 58 82 56 32 19 40 43 12 60 29 4 39 15 28 9 32 56 79 75 33 61 4 44 79 57 51 17
56 57 57 8 77 78 7 15 64 86 58 61 44 48 19 42 88 68 39 19 78 16 10 53 81 27 65 7 39 66 17 41 55 71 8 70 66 90 10 79 67 16 56 54 36 78 85 38 4 48 34 80 61 32 55 20 81 5 70 40 80 68 6 85 48 14 54 83 67 72
5 68 71 34 7 20 46 32 80 89 28 42 10 34 73 20 10 37 88 63 70 8 11 33 4 43 90 15 9 59 75 70 13 0 77 32 10 22 67 20 12 44 44 50 10 27 42 31 28 10 0 82 88 68 50 39 67 0 45 39 60 0 53 29 36 74 0 80 75 37
90 55 2 36 79 15 42 8 76 3 27 28 58 87 62 90 0 85 56 0 64 9 34 55 0 70 9 83 5 22 19 35 61 0 46 81 54 77 83 80 25 28 27 36 53 44 38 34 16 57 0 83 2 69 14 81 25 0 78 71 30 0 0 77 68 40 0 82 44 44
40 45 1 0 61 33 54 62 90 24 67 32 59 53 0 62 0 73 68 0 10 19 74 13 0 38 61 13 38 50 56 9 9 0 55 25 8 75 86 75 0 66 55 83 6 46 22 20 87 62 0 0 0 45 75 78 17 0 47 32 0 0 0 62 25 0 0 12 21 73
0 30 55 0 26 21 23 56 0 38 4 86 64 67 0 48 0 74 18 0 4 59 26 0 0 72 23 54 77 32 30 24 71 0 73 4 48 39 28 88 0 55 42 74 0 62 76 82 65 0 0 0 0 78 76 11 63 0 40 72 0 0 0 17 16 0 0 5 1 46
0 22 4 0 81 0 44 79 0 9 51 4 23 24 0 28 0 76 70 0 62 63 35 0 0 39 8 88 44 71 81 0 40 0 19 52 19 40 9 33 0 56 40 16 0 45 0 43 12 0 0 0 0 43 77 47 66 0 25 8 0 0 0 13 38 0 0 60 62 6
0 53 59 0 0 0 0 0 0 21 73 39 35 63 0 22 0 0 81 0 49 81 46 0 0 30 12 0 82 65 89 0 84 0 29 0 51 0 26 0 0 34 24 68 0 51 0 9 10 0 0 0 0 0 69 55 68 0 60 85 0 0 0 55 26 0 0 38 68 89
0 42 88 0 0 0 0 0 0 0 37 33 76 13 0 37 0 0 37 0 61 6 7 0 0 0 0 0 20 80 69 0 18 0 5 0 36 0 25 0 0 0 23 11 0 0 0 61 32 0 0 0 0 0 72 0 0 0 0 90 0 0 0 0 62 0 0 15 78 0
0 16 3 0 0 0 0 0 0 0 50 0 0 0 0 51 0 0 47 0 9 5 78 0 0 0 0 0 2 75 25 0 0 0 33 0 79 0 57 0 0 0 0 0 0 0 0 26 0 0 0 0 0 0 0 0 0 0 0 0 0 0 0 0 33 0 0 68 0 0
0 0 70 0 0 0 0 0 0 0 40 0 0 0 0 74 0 0 0 0 13 42 0 0 0 0 0 0 0 63 83 0 0 0 0 0 0 0 0 0 0 0 0 0 0 0 0 0 0 0 0 0 0 0 0 0 0 0 0 0 0 0 0 0 0 0 0 0 0 0
0 0 13 0 0 0 0 0 0 0 0 0 0 0 0 0 0 0 0 0 23 0 0 0 0 0 0 0 0 0 0 0 0 0 0 0 0 0 0 0 0 0 0 0 0 0 0 0 0 0 0 0 0 0 0 0 0 0 0 0 0 0 0 0 0 0 0 0 0 0
0 0 0 0 0 0 0 0 0 0 0 0 0 0 0 0 0 0 0 0 0 0 0 0 0 0 0 0 0 0 0 0 0 0 0 0 0 0 0 0 0 0 0 0 0 0 0 0 0 0 0 0 0 0 0 0 0 0 0 0 0 0 0 0 0 0 0 0 0 0
0 0 0 0 0 0 0 0 0 0 0 0 0 0 0 0 0 0 0 0 0 0 0 0 0 0 0 0 0 0 0 0 0 0 0 0 0 0 0 0 0 0 0 0 0 0 0 0 0 0 0 0 0 0 0 0 0 0 0 0 0 0 0 0 0 0 0 0 0 0
0 0 0 0 0 0 0 0 0 0 0 0 0 0 0 0 0 0 0 0 0 0 0 0 0 0 0 0 0 0 0 0 0 0 0 0 0 0 0 0 0 0 0 0 0 0 0 0 0 0 0 0 0 0 0 0 0 0 0 0 0 0 0 0 0 0 0 0 0 0
0 0 0 0 0 0 0 0 0 0 0 0 0 0 0 0 0 0 0 0 0 0 0 0 0 0 0 0 0 0 0 0 0 0 0 0 0 0 0 0 0 0 0 0 0 0 0 0 0 0 0 0 0 0 0 0 0 0 0 0 0 0 0 0 0 0 0 0 0 0
0 0 0 0 0 0 0 0 0 0 0 0 0 0 0 0 0 0 0 0 0 0 0 0 0 0 0 0 0 0 0 0 0 0 0 0 0 0 0 0 0 0 0 0 0 0 0 0 0 0 0 0 0 0 0 0 0 0 0 0 0 0 0 0 0 0 0 0 0 0
0 0 0 0 0 0 0 0 0 0 0 0 0 0 0 0 0 0 0 0 0 0 0 0 0 0 0 0 0 0 0 0 0 0 0 0 0 0 0 0 0 0 0 0 0 0 0 0 0 0 0 0 0 0 0 0 0 0 0 0 0 0 0 0 0 0 0 0 0 0
0 0 0 0 0 0 0 0 0 0 0 0 0 0 0 0 0 0 0 0 0 0 0 0 0 0 0 0 0 0 0 0 0 0 0 0 0 0 0 0 0 0 0 0 0 0 0 0 0 0 0 0 0 0 0 0 0 0 0 0 0 0 0 0 0 0 0 0 0 0
0 0 0 0 0 0 0 0 0 0 0 0 0 0 0 0 0 0 0 0 0 0 0 0 0 0 0 0 0 0 0 0 0 0 0 0 0 0 0 0 0 0 0 0 0 0 0 0 0 0 0 0 0 0 0 0 0 0 0 0 0 0 0 0 0 0 0 0 0 0
0 0 0 0 0 0 0 0 0 0 0 0 0 0 0 0 0 0 0 0 0 0 0 0 0 0 0 0 0 0 0 0 0 0 0 0 0 0 0 0 0 0 0 0 0 0 0 0 0 0 0 0 0 0 0 0 0 0 0 0 0 0 0 0 0 0 0 0 0 0
0 0 0 0 0 0 0 0 0 0 0 0 0 0 0 0 0 0 0 0 0 0 0 0 0 0 0 0 0 0 0 0 0 0 0 0 0 0 0 0 0 0 0 0 0 0 0 0 0 0 0 0 0 0 0 0 0 0 0 0 0 0 0 0 0 0 0 0 0 0
0 0 0 0 0 0 0 0 0 0 0 0 0 0 0 0 0 0 0 0 0 0 0 0 0 0 0 0 0 0 0 0 0 0 0 0 0 0 0 0 0 0 0 0 0 0 0 0 0 0 0 0 0 0 0 0 0 0 0 0 0 0 0 0 0 0 0 0 0 0
0 0 0 0 0 0 0 0 0 0 0 0 0 0 0 0 0 0 0 0 0 0 0 0 0 0 0 0 0 0 0 0 0 0 0 0 0 0 0 0 0 0 0 0 0 0 0 0 0 0 0 0 0 0 0 0 0 0 0 0 0 0 0 0 0 0 0 0 0 0
0 0 0 0 0 0 0 0 0 0 0 0 0 0 0 0 0 0 0 0 0 0 0 0 0 0 0 0 0 0 0 0 0 0 0 0 0 0 0 0 0 0 0 0 0 0 0 0 0 0 0 0 0 0 0 0 0 0 0 0 0 0 0 0 0 0 0 0 0 0
0 0 0 0 0 0 0 0 0 0 0 0 0 0 0 0 0 0 0 0 0 0 0 0 0 0 0 0 0 0 0 0 0 0 0 0 0 0 0 0 0 0 0 0 0 0 0 0 0 0 0 0 0 0 0 0 0 0 0 0 0 0 0 0 0 0 0 0 0 0
0 0 0 0 0 0 0 0 0 0 0 0 0 0 0 0 0 0 0 0 0 0 0 0 0 0 0 0 0 0 0 0 0 0 0 0 0 0 0 0 0 0 0 0 0 0 0 0 0 0 0 0 0 0 0 0 0 0 0 0 0 0 0 0 0 0 0 0 0 0
0 0 0 0 0 0 0 0 0 0 0 0 0 0 0 0 0 0 0 0 0 0 0 0 0 0 0 0 0 0 0 0 0 0 0 0 0 0 0 0 0 0 0 0 0 0 0 0 0 0 0 0 0 0 0 0 0 0 0 0 0 0 0 0 0 0 0 0 0 0
0 0 0 0 0 0 0 0 0 0 0 0 0 0 0 0 0 0 0 0 0 0 0 0 0 0 0 0 0 0 0 0 0 0 0 0 0 0 0 0 0 0 0 0 0 0 0 0 0 0 0 0 0 0 0 0 0 0 0 0 0 0 0 0 0 0 0 0 0 0
0 0 0 0 0 0 0 0 0 0 0 0 0 0 0 0 0 0 0 0 0 0 0 0 0 0 0 0 0 0 0 0 0 0 0 0 0 0 0 0 0 0 0 0 0 0 0 0 0 0 0 0 0 0 0 0 0 0 0 0 0 0 0 0 0 0 0 0 0 0
0 0 0 0 0 0 0 0 0 0 0 0 0 0 0 0 0 0 0 0 0 0 0 0 0 0 0 0 0 0 0 0 0 0 0 0 0 0 0 0 0 0 0 0 0 0 0 0 0 0 0 0 0 0 0 0 0 0 0 0 0 0 0 0 0 0 0 0 0 0
0 0 0 0 0 0 0 0 0 0 0 0 0 0 0 0 0 0 0 0 0 0 0 0 0 0 0 0 0 0 0 0 0 0 0 0 0 0 0 0 0 0 0 0 0 0 0 0 0 0 0 0 0 0 0 0 0 0 0 0 0 0 0 0 0 0 0 0 0 0
