70 90 40 30 40
2
2
5
3
4
2
2
4
1
5
5
4
2
5
2
3
5
1
1
5
5
5
1
3
3
5
5
3
3
3
5
5
4
1
1
2
4
1
4
4
5
5
4
4
5
4
5
4
2
3
4
2
4
5
3
4
5
4
5
1
5
3
3
5
4
1
5
3
5
5
4
5
3
1
3
5
1
4
2
3
2
3
4
2
2
4
2
4
1
4
0 5 2 5 3 2 5 5 4 2 2 5 3 2 4 5 1 4 2 2 5 4 3 1 4 2 4 4 5 2 5 4 2 1 1 4 2 5 4 4 5 1 2 1 2 5 1 5 2 2 5 5 5 5 5 5 4 1 4 4 2 1 2 4 1 4 3 1 5 1 1 3 2 3 3 3 1 2 5 3 2 3 5 3 4 3 4 1 1 4
5 0 4 1 2 4 2 3 1 4 2 2 1 1 3 3 4 1 4 3 4 3 1 5 5 5 5 3 5 3 1 1 5 2 5 3 3 1 1 2 5 3 3 5 4 3 1 3 4 5 3 5 4 3 5 4 1 3 4 2 1 1 4 3 1 1 5 1 1 3 5 5 3 4 5 2 1 1 2 5 5 4 5 3 2 1 3 5 3 2
3 2 0 3 2 2 4 2 4 2 5 3 3 5 4 2 3 5 1 1 4 5 5 5 2 1 3 2 4 5 3 2 2 3 1 3 4 3 4 3 5 3 3 4 1 3 5 2 5 1 5 3 4 4 1 5 1 3 2 3 2 4 1 1 2 5 1 2 5 4 1 5 5 1 4 3 2 4 3 2 3 2 2 4 5 3 2 2 1 4
2 5 2 0 4 1 1 2 3 3 2 5 5 5 1 2 5 5 3 2 3 1 5 5 1 1 5 5 3 4 2 5 3 4 4 2 2 5 4 4 4 1 1 5 2 1 4 3 5 2 2 4 3 4 3 3 2 5 3 1 2 2 2 3 2 1 2 3 3 1 1 4 3 5 4 5 3 1 3 5 5 1 1 4 2 4 1 1 1 5
1 1 5 2 0 1 1 1 5 4 3 2 2 2 2 4 1 3 3 3 5 2 4 1 2 5 5 3 5 5 4 5 3 5 3 2 3 2 3 3 1 4 3 5 2 4 1 2 5 1 4 2 2 4 1 3 1 3 1 2 3 3 1 1 2 4 1 3 4 3 5 4 4 4 1 3 3 5 2 4 4 2 1 1 5 5 1 4 3 1
2 2 5 4 1 0 4 3 2 3 3 2 1 1 4 3 1 3 4 4 4 3 1 5 4 1 1 2 5 2 3 4 5 2 1 4 5 2 4 5 4 4 4 3 2 5 1 3 3 2 1 2 1 5 2 3 5 1 4 5 2 3 2 1 1 2 5 5 3 3 5 3 5 5 5 2 5 4 5 3 4 2 5 1 2 2 2 3 3 5
3 2 3 2 1 1 0 1 1 1 1 4 5 1 5 1 1 4 4 3 4 3 4 3 1 5 5 4 5 4 3 4 4 3 5 1 3 1 4 4 3 2 4 5 3 3 1 3 2 2 5 5 1 2 1 2 4 3 1 5 2 2 5 4 3 3 2 1 1 2 5 4 4 5 5 3 1 5 2 4 3 2 5 4 1 1 2 5 5 1
5 1 4 3 5 1 3 0 2 1 4 1 1 3 1 4 2 1 4 4 2 4 4 4 1 3 3 5 2 4 4 3 5 2 2 3 4 5 4 1 3 1 4 4 5 2 3 1 1 2 2 2 2 4 1 2 2 5 1 4 4 2 1 4 4 1 3 4 2 5 5 1 5 3 4 5 1 2 3 4 5 5 1 1 4 2 2 1 3 1
3 2 3 3 1 1 2 2 0 1 2 5 4 4 3 2 3 1 2 1 4 1 4 4 1 5 2 1 1 3 3 1 3 4 5 3 5 2 5 3 2 4 2 2 2 1 3 5 3 3 2 4 2 4 5 5 4 5 3 5 2 4 4 4 3 5 4 4 5 4 5 1 1 2 3 4 1 5 1 4 1 3 3 3 2 2 5 4 2 5
5 3 4 5 1 2 2 2 3 0 5 4 4 4 2 2 1 2 1 5 3 1 2 4 4 2 4 1 5 5 1 1 3 4 4 3 1 4 4 3 3 5 5 4 3 3 5 2 1 4 2 1 4 1 1 1 3 5 1 2 5 2 2 3 4 1 4 2 1 1 5 2 5 4 3 2 5 1 3 3 5 2 1 2 2 5 3 1 5 4
3 2 5 1 5 3 4 1 3 5 0 4 2 3 4 4 1 1 1 4 5 1 1 2 3 4 3 1 4 4 4 3 2 4 2 2 5 3 2 4 2 3 2 1 2 3 1 4 2 5 1 3 5 3 1 4 2 1 1 1 2 4 3 4 5 2 1 1 2 2 1 2 3 5 3 3 4 1 5 2 2 2 1 4 1 2 3 2 3 3
2 5 5 3 5 3 3 2 2 4 2 0 5 4 3 3 1 1 2 2 1 1 2 1 2 1 5 4 2 1 5 5 5 5 4 4 2 5 5 4 4 2 5 5 3 4 1 2 3 1 3 4 3 1 4 4 3 5 1 5 4 5 5 2 3 2 5 3 3 3 5 5 2 2 1 1 4 1 5 5 3 2 3 4 4 2 1 4 1 3
5 4 1 2 5 5 1 1 5 5 2 5 0 1 3 2 3 1 3 4 2 4 4 5 4 1 3 4 1 5 1 5 5 1 3 1 2 1 2 1 3 2 1 2 4 5 1 3 4 2 1 4 4 1 4 4 5 5 4 3 2 2 2 5 2 4 3 2 4 4 3 1 5 1 1 4 4 1 2 3 4 4 3 3 1 4 2 4 1 2
3 1 2 2 3 3 3 1 3 4 3 1 1 0 3 5 3 1 4 1 4 2 4 1 2 5 1 5 4 3 1 3 5 2 4 4 2 4 2 2 4 1 4 4 5 5 2 2 4 1 3 2 5 5 3 3 1 4 5 2 3 5 5 3 1 4 4 3 4 2 3 4 2 5 2 4 5 4 3 3 4 3 4 5 2 4 3 4 2 5
4 5 3 4 3 1 5 5 1 3 4 3 5 5 0 3 5 5 3 4 1 2 3 3 2 1 3 4 5 1 2 2 4 2 5 4 1 5 4 5 4 3 3 4 5 4 5 4 1 1 4 1 1 2 4 1 1 1 2 2 1 2 4 1 1 2 1 2 4 2 1 3 1 1 1 4 4 2 1 5 4 1 5 3 1 2 1 2 2 2
2 2 5 2 3 5 5 2 5 5 5 1 3 4 3 0 3 3 2 1 4 5 3 4 3 3 1 1 4 5 2 1 3 4 3 4 4 4 3 4 3 4 3 2 2 4 3 1 3 5 2 1 3 3 2 5 4 2 5 4 3 3 1 4 2 1 1 3 1 5 4 4 1 4 5 5 5 1 1 1 5 5 3 4 5 1 3 3 5 2
4 2 3 3 2 1 2 2 2 4 1 1 1 4 5 1 0 3 1 2 5 5 5 1 1 1 4 3 3 1 3 1 3 4 5 2 5 2 2 3 2 3 4 3 3 4 4 5 3 3 2 3 4 5 2 3 5 2 4 5 2 1 1 2 5 4 2 4 3 2 4 3 1 1 5 3 2 5 2 4 3 5 5 4 1 2 1 2 5 4
2 4 5 3 5 2 3 2 5 3 5 4 1 2 1 5 1 0 5 4 5 5 1 3 2 2 1 3 3 5 4 3 5 3 2 3 2 2 1 1 4 5 1 2 1 1 5 4 3 4 3 3 3 5 5 4 3 4 5 2 2 5 2 2 4 4 1 5 2 5 5 1 1 4 2 2 2 1 4 5 3 4 1 1 3 1 5 5 3 3
5 1 2 5 2 2 1 1 2 1 1 2 5 4 2 4 3 5 0 1 1 3 3 5 4 3 1 1 1 3 4 2 5 4 3 3 3 3 2 4 2 2 2 4 2 3 3 3 5 4 3 3 5 4 4 5 5 2 2 1 2 2 5 4 3 2 3 3 3 2 3 2 3 2 4 5 5 1 1 4 2 3 1 3 5 4 1 3 4 3
3 1 4 2 3 5 1 4 3 4 5 3 5 2 1 5 2 3 2 0 2 3 5 2 4 1 3 4 1 5 5 2 2 2 3 2 4 5 1 5 1 4 4 2 3 3 1 5 4 2 2 1 2 1 4 4 3 1 2 5 1 4 2 2 2 5 1 3 4 1 3 3 1 1 1 3 1 3 3 5 3 3 3 3 1 5 1 2 1 1
2 4 2 1 5 5 4 1 1 4 5 3 3 4 1 2 1 2 5 1 0 3 5 5 5 1 3 3 3 5 1 2 4 3 1 5 3 5 4 2 5 1 5 5 1 5 3 5 3 2 4 3 1 1 5 3 1 5 2 5 5 4 2 5 3 5 4 3 3 3 2 5 5 4 1 4 4 5 3 1 4 2 4 3 2 1 1 3 1 1
2 3 4 5 1 1 1 4 1 4 5 3 2 1 5 2 3 4 4 4 4 0 2 1 3 5 4 1 4 3 4 3 4 1 3 2 3 2 3 5 3 3 4 5 1 5 5 2 1 5 5 5 4 3 2 3 3 2 4 2 3 4 2 1 3 4 1 1 3 5 1 2 3 2 5 4 2 2 3 4 4 5 5 4 2 4 3 5 4 2
4 5 3 5 4 5 3 1 5 4 5 5 3 4 4 2 1 2 3 2 5 2 0 5 4 1 1 2 2 3 4 2 2 4 3 3 1 2 2 4 1 5 5 1 4 5 4 1 5 4 2 1 1 1 5 1 2 4 2 2 3 5 5 5 1 4 5 4 5 3 5 2 5 5 2 4 4 5 3 4 3 2 4 2 2 4 1 3 3 3
2 1 2 3 3 3 3 3 5 2 2 5 4 2 4 1 5 2 4 2 1 3 3 0 3 1 1 2 1 1 4 3 2 2 2 4 3 1 1 5 2 1 4 4 3 1 2 5 2 1 3 1 5 2 3 5 2 4 3 2 1 3 1 3 3 4 2 3 2 1 2 3 2 1 1 5 1 1 2 5 4 3 4 5 5 3 1 1 2 4
4 3 3 5 2 5 3 3 5 4 2 2 4 4 4 4 5 5 1 2 5 3 4 3 0 4 1 4 2 4 1 2 5 2 3 5 5 1 4 1 1 1 5 5 1 3 5 5 1 2 4 3 1 2 1 2 4 4 5 3 3 4 4 1 1 5 2 3 1 2 1 4 1 3 2 1 1 4 2 1 5 3 5 2 5 2 5 5 2 5
3 2 3 1 1 5 4 4 1 1 5 5 3 2 2 3 4 3 2 4 5 4 2 3 5 0 1 1 5 1 3 3 1 3 1 2 2 2 3 5 4 5 2 3 4 5 1 2 3 5 4 2 1 4 2 2 3 4 4 4 2 4 4 2 4 1 5 2 4 2 3 4 4 4 5 5 5 3 2 2 4 3 3 1 2 1 4 1 1 3
4 5 3 3 5 3 1 4 1 2 3 5 5 5 2 5 4 5 1 2 4 1 4 4 1 4 0 3 1 5 3 1 3 5 1 1 1 3 5 1 2 5 3 2 1 2 4 2 5 5 1 4 3 1 1 3 3 4 3 5 2 1 3 5 3 5 2 2 1 3 1 4 1 5 3 4 4 3 3 3 2 2 2 5 5 2 2 1 3 3
1 1 2 3 1 3 1 1 5 3 3 5 5 4 5 2 2 5 5 5 5 5 2 3 2 5 1 0 5 4 2 4 2 2 5 4 1 5 5 1 1 2 1 2 5 3 4 4 2 4 1 5 3 5 3 3 3 1 5 3 3 4 3 5 1 4 2 5 3 4 4 1 5 1 3 1 3 4 4 1 2 2 4 4 2 2 2 4 1 3
1 4 4 1 3 5 2 1 5 4 3 3 2 3 3 3 5 2 2 5 2 2 4 5 2 3 5 3 0 2 3 3 2 5 4 1 1 5 2 5 2 4 1 4 2 4 2 2 2 5 5 5 4 4 4 4 4 5 2 3 5 3 5 2 2 3 3 5 1 5 2 3 5 1 1 4 2 1 1 4 3 2 3 2 1 5 2 1 3 4
1 3 4 3 3 1 2 2 5 3 3 2 5 5 3 3 3 2 1 4 2 1 1 4 5 5 1 4 5 0 4 4 2 3 5 4 3 1 3 2 2 4 5 5 3 3 2 3 5 5 4 1 2 5 4 4 3 3 3 4 3 1 2 4 4 5 1 4 5 2 2 3 2 4 3 4 5 5 2 1 5 3 5 4 1 2 5 2 4 3
3 4 5 5 1 1 5 2 1 2 1 2 2 3 1 3 5 2 5 3 5 4 4 5 1 4 1 4 2 3 0 5 1 3 2 2 5 5 1 2 3 4 5 1 4 3 1 4 2 4 2 1 5 2 1 1 2 4 4 2 4 5 4 4 4 3 5 4 3 1 4 5 1 3 4 4 5 4 4 5 4 3 5 2 2 4 5 2 5 2
2 5 3 4 3 2 1 3 1 3 5 2 3 4 5 5 5 3 2 4 4 1 4 3 3 3 3 5 5 2 5 0 4 5 4 4 3 2 5 4 1 1 3 2 2 2 3 4 3 3 4 3 3 4 1 5 3 5 3 4 4 5 1 5 2 4 5 4 5 2 1 4 1 5 1 3 3 1 5 4 1 4 4 4 1 4 3 1 1 2
2 5 1 4 2 5 3 4 5 2 3 3 2 5 1 4 5 3 4 5 5 5 3 3 4 1 3 1 4 3 4 4 0 4 3 3 3 1 4 5 4 3 3 5 2 4 3 4 3 3 2 3 3 3 5 4 3 3 1 1 4 4 4 4 1 4 5 4 3 3 1 4 4 4 5 2 1 1 2 4 5 3 1 2 4 4 1 3 1 4
5 2 3 3 4 4 2 5 3 1 1 4 4 3 5 4 3 3 4 1 1 1 2 5 1 5 2 4 1 2 2 3 4 0 3 2 5 4 3 3 5 5 3 1 3 4 3 2 4 2 5 5 3 2 2 3 4 2 5 2 3 3 1 3 4 4 1 3 5 4 3 3 5 5 1 1 2 4 1 1 5 1 4 3 1 1 3 3 4 2
5 1 3 3 3 5 1 2 1 2 3 5 5 3 2 5 3 4 1 5 2 2 5 5 2 3 1 3 2 4 2 2 5 1 0 1 3 3 3 4 3 1 2 4 2 1 3 3 4 5 1 1 5 1 4 5 3 2 5 3 5 2 1 5 3 3 3 1 2 2 2 5 5 3 1 4 5 3 1 3 4 3 2 3 5 4 2 5 4 5
5 5 2 2 2 5 1 3 5 1 5 1 5 4 1 4 1 5 4 5 3 1 3 2 1 1 2 3 3 3 2 5 2 3 5 0 3 5 2 5 3 3 2 3 5 4 4 1 4 5 1 3 3 4 1 1 1 4 2 5 5 3 2 1 4 5 3 3 2 5 4 5 4 1 4 3 5 1 5 2 2 5 1 2 5 5 4 3 4 2
1 2 4 4 2 1 4 4 3 2 5 1 2 4 5 5 3 3 5 3 4 1 3 4 2 3 4 2 3 5 1 3 4 3 4 5 0 2 1 3 2 3 3 3 3 1 4 5 5 2 1 2 5 4 5 1 2 4 5 5 2 4 2 4 4 2 2 4 3 4 2 2 3 5 2 1 3 1 2 5 2 3 3 2 3 3 1 5 3 3
2 4 3 5 1 3 2 4 5 2 4 5 1 1 3 5 3 5 4 5 1 2 1 5 1 3 1 5 2 5 1 5 1 2 3 2 2 0 1 3 2 1 2 4 3 5 1 4 5 3 2 1 5 4 2 2 1 1 4 4 5 4 1 3 5 4 4 3 3 4 5 2 3 4 4 4 2 3 4 5 5 2 1 3 1 4 5 4 1 1
3 5 4 1 4 3 2 4 2 3 4 2 4 1 3 5 2 2 3 1 1 3 4 2 3 3 5 3 1 2 2 4 5 1 3 3 1 1 0 2 2 2 3 3 1 1 4 2 3 1 3 3 1 3 5 2 5 3 2 4 4 4 4 5 2 1 4 4 5 4 3 5 3 2 5 1 1 5 1 3 3 3 1 2 1 2 3 1 4 4
4 3 2 1 2 4 5 1 3 1 1 4 5 1 3 4 4 2 5 2 4 5 3 2 5 5 1 3 1 4 5 3 1 5 3 2 3 2 1 0 4 5 5 5 2 5 4 4 1 2 1 2 3 3 2 4 3 2 1 5 5 4 4 4 2 3 3 1 5 4 3 2 5 2 4 5 1 4 4 4 3 5 4 5 1 3 4 1 3 5
5 3 4 2 5 2 5 2 4 3 2 4 1 3 3 1 2 2 1 5 4 3 4 3 1 3 4 3 1 4 2 2 5 2 1 2 5 1 1 1 0 4 1 2 1 2 5 4 1 2 4 3 3 3 1 3 3 1 3 5 3 5 4 1 3 2 4 4 1 3 3 2 3 5 4 2 4 1 1 3 4 1 4 1 3 5 3 2 1 1
2 4 4 2 2 4 1 2 5 1 4 3 5 3 3 1 3 3 3 4 2 2 1 5 4 2 5 4 4 5 4 2 4 3 1 1 1 5 4 5 4 0 1 3 2 3 4 5 5 3 5 4 2 3 5 4 3 3 3 3 2 2 5 5 2 5 1 4 2 4 2 1 1 5 3 1 4 1 4 2 1 2 4 5 3 2 5 4 5 1
3 5 4 3 4 4 4 4 3 2 4 2 4 2 5 5 5 2 1 1 5 2 5 2 5 3 1 2 2 3 5 1 3 3 2 3 4 5 4 5 1 1 0 4 4 5 1 4 4 4 1 2 5 2 2 4 5 4 1 4 3 1 3 2 3 3 1 5 2 5 5 4 4 4 5 5 5 5 4 2 3 2 1 2 3 1 5 4 4 3
2 3 2 1 5 3 4 2 3 1 5 2 5 4 5 3 2 1 3 1 1 2 1 2 5 5 3 1 4 3 2 3 2 4 4 4 1 5 2 2 3 2 4 0 5 1 3 3 1 5 1 3 3 2 3 1 1 2 2 4 3 4 4 3 3 4 4 3 5 4 1 1 3 4 4 1 5 5 1 4 2 1 5 1 2 5 4 3 1 2
5 2 5 4 2 4 1 3 5 5 4 2 4 4 1 5 3 3 5 3 3 4 1 2 2 5 4 5 1 1 2 3 3 4 3 2 1 3 3 5 4 4 2 3 0 1 3 3 1 1 3 4 2 3 4 5 1 4 5 5 2 1 1 2 4 4 1 5 2 2 2 1 5 4 5 2 5 3 3 5 4 1 5 5 5 5 2 1 4 2
1 2 2 2 4 2 3 1 3 3 1 1 5 1 1 3 5 3 1 2 2 2 2 4 5 3 1 1 1 5 1 4 1 3 1 5 5 1 1 5 1 3 3 1 5 0 1 4 4 1 4 1 2 2 2 1 4 3 3 3 3 3 3 3 4 5 3 2 1 5 5 3 1 1 5 3 3 3 4 2 1 4 2 2 2 2 4 4 1 5
2 5 2 2 2 3 5 4 3 1 2 5 1 2 1 4 1 3 5 4 4 1 2 2 1 4 2 1 2 1 1 2 3 1 5 4 4 2 3 4 1 2 5 2 4 5 0 4 2 2 2 4 4 2 3 1 5 4 5 5 2 3 5 5 3 3 3 5 1 2 2 2 5 1 1 3 4 2 2 3 2 5 2 4 1 5 2 3 3 5
2 1 1 3 5 3 4 4 2 2 2 4 3 2 5 4 5 1 4 5 2 4 2 1 5 1 2 5 5 4 3 3 4 5 4 4 5 4 5 4 4 1 2 3 5 2 3 0 5 2 2 5 4 2 1 3 4 5 2 2 2 3 1 1 4 3 3 2 3 1 2 1 1 2 1 4 2 1 2 5 1 1 1 3 2 1 1 5 1 2
3 4 4 1 3 2 3 2 3 2 4 5 1 1 4 2 2 3 2 1 1 4 2 5 2 5 4 5 5 1 5 1 1 2 2 3 2 1 4 5 1 1 2 4 4 4 2 1 0 4 3 4 2 4 4 4 2 4 5 3 5 3 2 4 4 3 2 4 1 3 3 2 5 1 1 1 5 4 2 1 1 3 2 4 2 1 3 3 4 4
4 3 5 5 2 2 5 3 5 3 2 3 5 5 5 4 2 4 3 1 3 1 2 4 5 1 2 2 4 3 4 4 4 5 3 5 5 1 1 3 1 2 5 4 2 4 2 1 2 0 4 2 5 2 3 3 5 4 5 1 2 4 3 2 2 2 4 2 2 4 1 5 3 3 3 2 2 1 3 4 1 5 3 1 2 4 2 1 2 5
1 4 4 3 3 1 4 2 3 3 5 3 4 4 2 3 4 1 2 1 2 3 3 2 5 2 1 5 2 4 4 5 2 5 3 3 2 1 2 5 4 1 3 1 3 2 4 5 4 5 0 1 5 3 2 5 4 1 4 2 4 2 1 1 4 4 3 4 5 2 2 2 2 3 2 1 1 2 2 5 1 2 4 3 4 3 2 2 2 1
1 1 2 2 3 1 4 3 3 1 5 1 1 2 5 4 1 2 4 1 3 3 5 3 5 4 3 1 3 3 5 1 4 1 3 4 4 4 4 4 1 1 2 5 2 2 4 1 1 3 5 0 2 5 4 4 3 3 2 4 5 5 2 2 1 1 3 4 4 3 3 4 4 2 1 2 4 4 4 1 4 4 5 2 1 1 3 5 1 3
5 3 5 5 5 2 1 2 5 5 5 1 4 1 3 2 5 2 3 1 1 2 2 1 2 3 3 4 4 1 2 2 1 2 4 5 3 4 4 4 3 4 3 4 2 2 3 4 4 3 5 3 0 3 2 4 5 3 3 1 3 4 4 2 1 5 1 3 2 2 5 3 5 5 5 3 5 2 5 2 5 2 4 1 5 3 3 4 5 3
2 4 5 3 1 3 5 1 5 2 4 2 1 1 3 2 4 2 3 1 1 3 5 3 1 5 5 1 3 5 5 2 1 3 1 5 5 5 1 5 1 1 4 2 3 4 4 1 3 3 3 5 1 0 1 3 1 4 3 4 4 3 4 5 4 2 4 3 4 4 1 1 4 4 2 4 3 2 5 2 1 4 3 1 4 3 5 4 2 5
4 1 3 3 5 2 2 1 1 1 3 1 3 1 1 2 4 4 5 2 1 5 1 4 5 5 2 1 3 2 5 3 1 4 3 5 5 5 2 4 1 3 4 3 3 4 4 2 4 1 4 5 4 1 0 2 1 2 5 2 3 4 5 4 3 3 2 1 4 1 1 5 5 3 2 5 5 5 1 3 1 2 2 3 1 2 5 3 3 1
1 3 3 1 5 4 1 3 3 3 4 3 1 2 4 4 5 1 2 4 5 5 1 2 5 2 5 3 5 2 5 2 2 4 1 5 4 1 1 3 5 1 5 5 2 5 2 2 2 3 5 1 1 4 3 0 5 2 5 2 2 1 3 5 3 2 4 5 1 4 2 1 5 1 4 4 1 5 1 2 4 4 4 4 4 4 5 1 2 1
2 4 1 1 1 5 2 1 3 2 4 1 2 4 4 3 2 2 3 3 3 5 5 3 3 2 5 4 2 2 5 2 2 2 2 4 4 1 5 2 2 2 4 5 1 2 5 3 1 1 2 2 4 4 4 4 0 4 5 1 1 2 4 2 2 4 2 2 4 2 1 2 1 5 1 5 5 1 1 1 1 5 2 3 4 2 1 2 1 5
1 4 1 5 1 2 4 1 4 4 1 4 4 4 3 5 4 2 2 5 2 2 4 3 1 3 4 3 5 1 2 2 2 1 3 5 3 3 4 2 4 5 1 2 5 4 1 4 2 3 5 3 1 2 4 5 4 0 2 2 4 1 2 2 3 2 3 1 2 4 5 2 4 3 3 1 1 1 2 5 5 2 4 4 5 2 1 3 4 3
1 4 1 2 2 3 5 1 2 1 3 5 2 4 2 4 5 4 5 4 5 4 4 4 4 5 1 1 1 1 5 5 3 5 2 3 2 2 3 5 2 2 4 5 2 1 4 2 2 3 1 4 1 5 5 3 2 5 0 3 5 1 3 3 2 5 2 2 1 4 1 1 1 2 3 3 4 2 4 3 4 4 5 1 3 1 3 2 2 5
4 5 5 3 5 2 2 3 2 3 3 5 1 4 4 2 3 5 4 2 5 2 5 2 2 2 5 4 4 1 5 3 2 2 1 2 3 3 1 1 3 4 3 2 3 2 2 4 1 3 3 3 2 1 1 4 3 4 3 0 4 1 1 4 5 1 2 1 1 4 1 1 1 5 2 5 1 4 1 4 1 5 4 5 5 2 1 2 5 4
5 5 2 5 3 4 1 1 1 5 4 2 5 1 2 2 2 4 2 1 1 3 5 3 5 3 5 1 5 1 1 3 2 2 2 1 5 5 4 1 5 5 3 5 3 2 3 5 2 5 5 5 2 2 3 2 1 3 5 2 0 5 4 2 4 1 3 3 5 5 3 5 5 2 3 1 2 1 2 3 1 3 4 1 4 5 3 2 4 2
4 3 1 3 1 4 5 2 5 3 4 4 5 1 4 4 1 3 1 5 4 4 5 2 3 4 4 2 1 2 1 4 2 3 5 4 4 5 3 5 4 5 3 2 3 4 4 3 1 5 2 2 2 1 1 3 5 2 5 4 5 0 4 2 4 5 4 4 1 1 3 3 4 1 2 1 5 5 4 4 4 2 4 5 4 2 2 3 5 1
1 5 2 3 5 2 3 4 5 1 2 2 4 4 2 4 3 5 3 1 3 5 4 2 4 1 2 1 3 4 5 4 2 3 4 4 1 3 1 4 5 2 3 5 2 4 3 3 5 4 4 1 3 4 3 1 5 4 4 1 3 4 0 4 4 1 2 2 4 5 5 1 1 3 2 4 3 5 2 1 1 4 5 3 2 2 4 2 4 2
3 5 2 4 4 5 5 2 5 5 5 5 1 2 3 4 3 1 5 5 4 4 5 4 5 2 2 4 2 5 4 4 4 1 5 2 1 1 4 1 3 5 5 4 2 2 2 2 3 3 5 5 4 3 2 3 2 3 3 2 4 4 3 0 1 2 3 2 3 2 3 1 4 3 1 4 2 4 5 4 3 4 4 2 1 4 1 4 1 3
5 1 3 2 2 2 4 5 1 5 2 2 4 2 1 4 3 1 2 2 2 2 1 3 1 5 1 5 3 5 5 1 2 4 1 5 2 2 1 1 5 3 4 3 1 1 1 3 4 4 1 5 5 5 1 2 4 5 5 1 4 1 1 2 0 1 5 5 4 5 1 2 4 1 4 3 2 4 1 4 4 2 2 3 4 2 5 2 3 2
4 4 4 1 5 3 2 4 3 5 5 2 1 2 5 5 4 1 4 5 1 1 3 2 1 5 5 3 2 2 4 4 5 1 1 4 2 2 3 5 1 3 1 2 3 2 1 5 1 1 1 3 2 4 2 1 3 4 4 5 3 2 2 3 3 0 3 3 1 3 5 4 1 3 4 3 2 2 2 3 5 3 1 1 2 5 5 3 2 2
2 5 3 4 3 3 1 5 1 5 1 4 4 2 5 5 3 3 2 5 2 3 1 5 4 4 4 1 5 1 1 5 1 2 3 3 5 5 2 2 5 4 4 2 5 5 4 1 3 2 5 5 2 5 5 5 5 1 5 4 4 5 5 3 4 1 0 1 3 3 2 3 5 4 5 3 1 2 2 2 3 3 1 3 2 5 2 2 1 3
1 2 5 4 5 4 1 2 1 1 2 2 5 5 5 1 5 3 3 3 3 2 2 2 1 2 3 1 1 5 2 2 3 4 1 2 3 3 1 1 1 5 5 4 3 5 5 3 2 2 3 4 2 5 2 3 1 4 2 1 5 3 4 2 4 2 1 0 3 5 2 5 4 5 4 3 3 5 4 4 5 1 2 2 2 3 2 3 3 2
4 5 1 3 2 3 5 2 3 1 3 3 2 3 3 1 3 2 1 4 2 1 2 5 3 3 3 3 1 4 1 1 2 1 3 4 5 3 2 4 5 2 3 3 4 4 4 4 1 4 4 4 5 3 2 1 5 3 1 3 5 5 4 4 4 1 2 1 0 3 4 4 3 3 4 2 2 3 3 4 4 4 5 3 3 4 1 3 4 4
4 3 3 1 5 5 1 1 5 4 3 2 2 1 4 1 5 4 3 1 1 4 4 1 4 2 4 2 1 5 1 3 2 4 2 3 1 1 4 3 2 2 3 1 4 1 5 2 4 1 2 3 5 3 2 3 3 4 5 4 4 3 4 4 3 4 1 3 2 0 2 3 2 3 5 4 4 3 3 4 3 4 2 5 2 4 2 5 1 1
5 1 3 1 5 2 5 3 4 5 5 3 4 4 3 4 5 3 5 5 3 2 4 3 2 1 4 1 5 5 1 1 1 4 2 4 1 4 3 5 2 5 5 4 2 2 4 3 5 3 4 4 2 5 1 3 5 3 4 1 1 4 2 4 3 4 2 2 2 2 0 3 2 1 2 3 3 2 5 1 2 1 3 1 4 3 3 5 5 4
3 5 1 3 4 4 3 3 5 3 1 2 1 5 2 4 2 1 5 2 2 5 4 2 2 2 1 2 1 5 4 3 4 5 2 5 2 3 4 4 5 4 5 4 5 1 1 3 3 4 5 4 1 2 2 2 4 4 1 4 5 5 4 5 5 3 1 2 1 4 2 0 4 3 4 5 3 4 4 1 3 1 2 1 4 5 4 2 4 5
1 3 2 5 4 3 1 3 1 5 2 2 4 4 4 3 3 3 1 4 2 3 1 4 4 5 3 1 5 5 2 5 2 1 2 4 2 2 1 5 3 2 3 4 2 2 4 4 2 2 2 3 4 1 1 1 3 4 1 3 2 3 3 2 5 2 1 2 3 4 2 4 0 5 2 4 4 3 3 3 1 5 3 1 3 5 1 5 5 3
3 2 5 1 5 1 2 5 4 3 4 1 1 4 4 2 1 5 3 4 5 5 4 1 5 1 5 1 3 5 1 3 1 2 1 5 1 2 2 3 4 4 4 4 2 3 2 2 4 2 2 5 5 1 2 2 5 4 5 3 3 1 2 2 4 5 1 1 3 1 5 4 2 0 3 2 4 1 5 1 1 1 1 1 1 1 4 4 5 3
5 4 3 2 3 1 4 5 1 3 4 3 3 3 2 2 3 2 3 4 1 1 2 5 2 1 1 1 4 5 4 4 3 4 2 1 4 5 1 5 5 4 4 5 3 3 4 2 1 3 1 2 2 5 3 4 5 5 1 1 3 1 1 3 4 1 3 1 5 1 3 3 1 4 0 1 4 4 4 2 3 4 5 4 2 5 1 1 1 3
2 5 4 4 4 4 3 2 5 2 1 3 2 5 1 5 5 3 1 2 3 3 4 4 2 3 3 1 1 3 3 4 5 3 2 4 2 5 3 1 4 2 2 1 5 3 1 2 4 5 5 5 2 2 5 5 3 3 4 5 4 3 3 1 1 5 5 1 3 2 5 3 1 4 1 0 3 2 4 4 2 3 5 2 2 5 2 2 2 2
3 4 3 3 4 1 2 4 4 1 4 5 3 5 2 5 2 4 1 5 4 4 5 1 1 4 4 4 4 5 3 2 2 3 5 1 5 4 4 3 5 2 5 4 5 3 3 4 1 3 3 5 2 3 2 2 3 5 5 2 3 1 2 5 4 1 3 2 2 3 3 5 4 2 3 3 0 5 2 4 3 4 4 2 1 3 1 1 4 1
5 2 2 5 1 1 1 4 4 5 3 2 4 1 3 3 1 4 4 5 1 3 5 3 5 3 5 1 3 5 4 4 1 1 2 4 1 4 2 1 1 4 2 5 4 1 3 2 4 5 5 2 5 3 4 5 5 3 2 1 5 2 1 3 2 4 3 3 5 1 2 5 1 5 4 1 5 0 4 1 4 2 2 5 2 2 3 5 1 2
4 5 5 3 3 3 2 5 5 3 2 5 3 4 4 4 2 3 5 1 3 5 3 4 2 3 3 5 4 4 3 2 5 5 4 5 3 3 2 5 1 3 3 4 3 3 2 2 3 3 5 5 3 1 2 2 3 4 1 5 5 2 4 4 4 5 1 3 2 3 4 4 4 2 1 4 4 2 0 1 1 4 3 5 5 4 2 4 2 4
5 1 2 4 3 2 5 5 4 5 1 5 2 2 2 2 4 1 1 4 3 4 1 1 4 3 2 2 3 3 5 1 2 2 2 4 2 1 1 2 4 5 5 1 4 3 2 2 3 4 1 4 2 5 3 1 1 5 5 3 5 2 2 4 2 2 4 4 1 2 5 5 3 1 3 1 4 3 2 0 1 2 2 1 2 3 1 3 5 2
1 5 3 3 3 2 3 5 4 4 3 1 4 1 5 2 3 5 4 5 2 5 4 1 3 4 4 3 5 5 4 3 1 5 1 3 4 4 4 4 2 3 5 3 1 4 3 4 5 2 3 1 3 3 5 1 3 4 4 5 2 3 1 5 2 1 1 4 4 2 4 2 3 3 2 4 1 4 4 4 0 3 5 4 3 5 1 1 2 2
3 2 1 4 1 3 3 4 3 5 3 1 4 5 4 3 5 3 5 2 5 2 4 2 4 1 5 3 3 4 5 2 4 5 1 5 1 1 2 4 4 3 1 4 3 4 5 4 5 1 1 4 5 2 5 4 2 4 2 2 2 4 3 4 4 5 4 4 2 2 1 3 3 2 4 5 4 4 1 1 1 0 4 5 5 1 3 3 3 2
1 3 2 5 5 4 2 1 4 5 2 1 4 3 5 1 3 4 5 3 5 3 3 5 4 3 5 5 3 4 5 1 3 4 1 1 4 3 5 2 5 2 4 2 4 2 3 1 5 3 3 5 4 1 2 2 4 4 2 5 2 2 3 4 5 3 1 4 4 5 2 3 1 4 3 5 5 4 4 5 1 2 0 5 2 3 1 1 3 4
5 3 5 4 2 3 3 1 1 4 4 3 4 1 2 5 5 3 2 5 2 4 5 5 2 2 1 4 5 2 1 4 3 1 2 2 4 1 2 4 5 3 5 1 4 1 5 5 1 3 3 4 4 4 3 4 3 5 2 3 2 1 3 4 3 1 4 5 2 3 2 2 3 2 4 3 4 5 2 5 4 3 5 0 2 5 1 4 2 5
3 1 5 4 1 4 4 1 5 4 3 1 3 4 5 3 3 4 3 1 4 4 3 4 1 5 5 4 3 2 3 1 2 4 3 4 2 2 3 5 2 2 3 5 3 5 1 5 3 2 4 3 2 5 2 5 3 4 2 1 4 3 1 4 5 2 1 1 1 3 5 3 5 4 3 5 3 1 5 5 2 3 2 2 0 2 3 5 2 3
5 5 2 3 3 5 4 5 1 4 4 5 3 3 2 5 5 4 2 2 1 1 2 3 1 5 5 1 4 5 3 5 2 4 3 1 5 5 3 1 4 4 3 2 1 3 2 1 5 3 3 3 4 3 2 3 5 1 2 1 3 4 4 5 2 5 1 2 5 1 4 5 2 5 4 2 3 3 5 5 1 5 4 1 5 0 4 2 3 4
5 2 4 1 3 2 5 1 1 4 1 3 4 1 3 3 3 5 1 1 1 5 4 4 5 3 5 1 1 3 1 1 1 5 1 1 2 2 4 4 2 1 5 5 5 3 1 1 1 2 3 5 3 3 5 5 2 2 5 2 3 4 1 1 3 3 5 5 4 2 2 4 4 2 3 3 3 1 4 4 4 3 1 4 3 2 0 1 5 3
5 2 5 1 4 3 2 4 2 5 1 4 2 4 3 3 3 3 1 3 5 1 4 5 4 1 1 4 5 4 5 5 3 4 1 1 5 3 3 2 3 3 3 3 5 3 1 5 3 2 2 3 5 5 2 2 1 4 5 3 4 1 1 4 2 1 2 5 2 5 1 2 2 2 5 2 2 4 3 4 1 3 2 2 3 4 3 0 3 5
5 3 5 3 3 1 2 2 5 2 5 4 4 2 2 3 5 5 3 5 1 1 1 2 5 3 1 1 4 3 3 3 2 5 2 1 3 1 1 5 2 3 4 1 1 1 5 2 5 4 4 4 2 5 4 5 4 4 2 1 3 4 5 3 3 4 3 1 5 5 3 5 3 3 3 2 5 5 4 4 1 5 4 2 5 1 3 5 0 1
5 4 3 4 3 4 2 5 4 5 1 5 3 4 4 3 4 2 5 3 2 2 5 3 2 5 5 5 3 1 2 2 2 2 5 3 2 4 4 1 2 5 1 1 5 5 1 3 3 4 2 5 5 3 1 1 1 2 1 1 5 5 5 2 4 1 5 2 1 4 1 3 3 2 4 3 2 3 3 3 4 2 3 4 1 4 3 4 3 0
62 33 52 54 37 83 60 13 9 31 83 27 46 29 70 32 35 51 2 3 45 69 47 14 44 53 15 40 38 24 64 25 36 11 30 83 80 68 23 50 5 43 39 33 90 89 3 9 19 76 46 10 48 1 26 31 62 48 58 64 84 46 89 34 71 60 70 72 2 71
28 53 46 37 51 25 68 51 55 81 81 54 1 78 60 68 33 84 71 52 55 38 3 66 65 43 75 43 34 52 77 36 49 28 41 22 34 4 21 59 72 71 30 54 67 88 9 52 6 81 28 55 57 13 34 19 57 9 87 87 86 10 61 69 81 57 30 27 22 3
48 28 74 45 53 72 24 67 51 35 64 78 69 54 49 1 27 67 20 14 16 18 62 20 36 56 2 18 46 62 50 13 44 51 19 40 78 25 89 17 32 6 68 27 45 3 5 11 56 79 3 13 74 40 77 66 36 30 4 69 12 90 86 38 65 61 40 61 42 16
24 20 53 8 86 88 25 20 20 67 53 85 54 69 46 76 4 61 28 28 88 46 35 82 33 24 43 50 29 45 33 3 74 59 52 50 86 51 86 76 21 35 18 89 70 41 35 30 70 88 29 57 78 65 5 21 18 19 1 56 67 1 6 2 30 22 4 30 53 88
75 79 68 41 20 57 72 64 7 57 70 36 12 59 3 58 18 59 43 56 41 43 32 23 8 61 78 55 16 19 39 78 50 52 44 16 83 42 37 56 41 81 73 47 35 19 54 17 76 51 47 11 25 6 56 75 13 20 61 40 6 76 80 64 26 15 1 28 50 70
46 44 35 49 9 85 19 78 3 16 88 18 68 28 35 25 8 55 69 15 27 61 63 59 7 58 29 51 66 64 89 27 23 76 48 1 20 80 16 58 6 59 46 31 31 72 81 24 31 59 67 69 15 27 57 80 50 65 82 46 40 80 9 42 40 33 43 37 38 12
84 32 61 76 25 63 27 17 48 10 50 42 89 17 32 33 16 58 7 26 38 35 52 25 90 60 69 76 47 89 87 79 28 60 74 18 31 75 70 5 36 48 16 75 82 57 88 3 57 49 65 5 20 9 24 79 76 70 10 14 60 45 15 61 56 50 44 55 56 15
86 43 16 19 31 81 2 1 78 44 73 88 58 41 13 2 38 36 34 39 13 67 46 32 48 46 16 66 78 41 44 33 19 56 63 67 51 65 19 31 87 62 21 48 33 24 41 75 38 45 45 84 65 69 10 20 6 29 35 5 55 7 13 49 2 37 68 48 7 52
63 77 25 24 49 70 5 30 28 45 10 38 6 86 84 60 57 33 56 54 40 24 69 64 22 50 25 38 67 67 7 76 39 37 57 84 27 71 12 68 25 14 87 64 78 54 25 70 47 35 42 82 45 72 55 33 46 3 7 53 71 77 27 70 58 70 18 80 23 27
82 3 84 13 3 84 53 81 17 26 89 33 57 53 58 57 83 30 53 30 18 64 8 83 67 51 3 49 31 15 58 16 27 30 60 44 10 50 53 75 38 2 5 28 85 46 32 18 30 25 6 46 5 75 25 10 56 38 62 63 4 68 63 24 53 85 39 41 60 5
8 46 7 48 27 2 18 27 30 22 19 47 80 20 64 75 5 74 58 90 28 26 13 15 85 70 17 78 88 73 84 37 21 16 22 70 70 20 64 61 78 28 31 87 71 42 87 36 4 57 22 31 80 63 50 43 31 28 51 50 66 9 55 47 19 56 62 34 14 49
67 59 17 81 74 13 62 53 54 34 45 12 25 7 67 66 86 19 26 41 57 31 5 89 78 3 64 14 87 1 67 40 59 21 40 58 71 67 11 43 70 77 42 61 26 28 75 67 9 37 48 39 53 62 38 17 27 2 66 36 48 49 79 80 14 19 8 58 44 7
34 69 82 44 78 59 36 45 27 55 42 79 51 66 20 20 1 73 23 7 11 82 50 48 32 7 10 37 49 31 60 65 81 58 67 4 65 72 39 19 13 78 32 14 59 40 61 10 21 19 2 58 51 67 40 16 14 82 13 7 72 14 45 33 48 69 80 87 5 43
76 48 34 64 80 17 16 12 24 28 16 84 44 85 55 23 90 47 35 37 52 1 77 3 81 81 22 59 14 29 78 67 35 19 90 85 64 44 65 33 43 9 23 90 50 50 48 84 37 15 24 89 16 23 62 48 78 18 15 52 32 16 84 81 42 76 45 10 64 41
53 45 30 74 83 49 31 88 59 68 13 44 11 76 9 13 66 46 63 84 34 41 61 78 20 6 46 3 27 34 69 21 25 73 20 60 68 78 83 69 86 45 10 49 79 61 21 28 26 77 57 80 12 68 47 51 41 69 21 34 5 21 76 9 62 32 31 89 24 59
69 7 86 26 14 48 34 73 75 90 28 28 90 82 51 30 54 2 86 81 19 11 48 29 43 23 71 85 45 6 13 61 61 3 53 54 33 43 61 8 85 15 13 39 21 4 34 57 32 5 64 3 26 55 87 4 85 34 76 90 88 34 19 46 70 52 22 56 79 63
51 51 70 62 68 18 11 83 33 36 68 2 24 83 18 48 20 9 16 79 65 25 42 70 55 14 86 24 11 55 57 30 55 83 10 65 72 54 48 23 49 87 50 41 22 53 47 46 78 3 72 76 35 90 66 67 1 85 77 24 35 54 1 25 13 63 53 78 59 79
73 18 12 78 57 24 46 77 5 41 18 68 22 1 59 56 56 42 22 77 82 33 83 5 86 2 12 63 2 85 35 41 1 2 86 49 17 53 25 85 62 5 4 66 9 20 2 59 17 68 62 40 19 41 51 37 52 8 47 77 42 25 10 39 27 82 55 75 17 58
72 35 19 38 47 12 9 9 64 78 54 65 30 21 81 42 68 43 72 36 22 13 30 31 34 90 42 45 85 81 16 43 76 81 65 87 15 40 33 30 90 86 84 12 25 47 64 14 88 11 36 28 64 60 73 7 49 32 17 85 51 64 18 21 66 42 58 2 69 33
52 11 5 27 17 40 74 54 23 17 22 24 9 15 26 83 11 31 62 51 4 36 54 50 72 82 47 71 20 20 73 62 24 13 18 45 87 62 55 80 3 29 67 17 64 35 36 20 8 64 38 62 59 80 36 25 22 79 79 68 80 74 39 40 47 39 61 25 62 73
30 55 44 7 82 21 64 57 8 29 51 81 3 5 79 31 73 13 59 13 90 34 28 22 26 9 24 30 15 35 28 68 43 63 58 13 29 82 79 77 15 11 59 29 15 68 37 76 86 85 76 78 13 30 46 78 59 73 37 48 62 33 29 37 75 27 74 67 70 21
9 54 80 3 4 15 69 49 84 33 2 89 65 81 7 73 71 44 90 34 85 89 24 61 52 62 37 47 48 88 11 90 78 65 68 31 12 81 82 54 63 19 75 76 4 16 44 42 44 86 44 85 33 45 76 35 7 6 68 71 8 8 90 55 77 74 32 66 3 2
88 61 47 35 72 52 8 74 66 52 39 39 81 30 56 72 67 18 78 22 6 44 31 45 37 75 5 44 19 28 59 47 12 64 37 35 89 31 58 15 75 54 61 2 58 11 29 89 73 83 63 29 89 85 37 41 69 78 3 6 18 37 17 20 33 48 6 12 1 86
36 17 27 25 50 60 13 5 86 37 1 58 19 33 57 90 25 79 77 20 31 88 18 39 71 86 31 86 22 87 38 50 90 55 66 6 7 19 4 13 44 17 14 67 18 6 43 79 51 65 87 63 87 7 86 69 34 31 9 47 68 69 69 85 78 6 75 13 63 14
4 2 65 16 77 77 76 41 85 89 12 45 77 3 33 84 17 25 46 11 49 45 78 7 50 87 61 64 83 80 85 32 2 72 61 82 63 32 62 40 22 90 45 72 52 49 55 39 33 32 34 49 34 32 6 13 68 76 60 35 11 75 50 16 69 88 72 20 84 78
66 71 90 90 18 53 35 43 71 6 43 15 26 23 75 40 19 26 25 59 67 19 14 77 73 65 7 73 68 66 18 86 63 12 26 30 79 59 90 60 42 40 88 38 66 78 14 78 46 36 88 38 56 76 64 58 75 77 39 44 20 84 82 58 85 36 52 86 45 80
16 68 13 46 32 55 82 23 37 85 49 55 53 46 78 64 63 85 87 42 51 42 89 63 13 44 11 22 71 21 25 29 62 57 14 77 50 88 88 24 76 73 57 18 49 17 63 61 58 10 5 72 82 18 1 2 17 83 78 84 52 58 26 71 8 31 10 40 89 81
17 21 28 84 60 67 44 82 13 71 80 51 33 6 12 78 23 23 85 16 64 40 57 6 56 64 40 80 73 78 10 51 51 25 27 27 18 15 77 89 10 51 65 59 7 58 66 54 5 13 53 1 17 4 82 15 89 75 32 61 78 51 54 18 67 51 54 74 31 85
43 41 15 65 71 41 40 34 89 66 9 22 7 50 48 61 80 57 67 53 9 4 36 49 1 67 84 84 65 70 34 20 11 36 62 15 6 61 76 4 88 76 89 65 24 87 11 85 83 39 14 59 54 25 78 18 23 40 18 25 31 43 32 3 44 21 14 39 71 20
56 60 59 83 2 4 66 50 81 51 74 64 37 60 19 71 78 27 31 38 26 68 9 56 28 30 70 7 90 65 62 73 40 54 13 72 8 70 69 2 7 18 64 52 89 8 60 82 80 31 70 88 55 54 60 42 2 41 57 59 37 41 23 32 7 34 71 5 8 39
5 75 56 29 62 45 41 7 79 0 57 23 34 12 1 0 12 34 79 1 53 15 45 21 68 59 62 35 12 47 47 81 18 43 35 37 25 3 60 49 80 72 35 44 83 55 74 55 3 60 11 54 76 35 27 60 66 21 86 33 33 65 11 59 39 49 50 49 51 46
90 58 36 17 6 46 78 47 45 0 0 74 55 42 4 0 30 32 89 86 73 50 34 72 0 27 68 0 42 59 66 35 83 0 79 19 40 2 0 0 81 0 90 0 3 75 68 33 65 12 79 79 44 0 53 55 42 74 0 0 47 42 0 23 46 0 78 84 83 48
40 47 0 0 39 11 50 35 42 0 0 63 45 26 24 0 0 40 48 35 63 0 71 44 0 37 87 0 74 54 83 55 0 0 54 8 45 45 0 0 35 0 54 0 13 29 67 80 24 22 0 47 77 0 49 71 40 13 0 0 26 86 0 0 73 0 2 6 27 40
0 31 0 0 1 0 23 15 73 0 0 13 48 0 16 0 0 89 33 50 61 0 60 35 0 77 83 0 51 71 26 44 0 0 0 2 59 34 0 0 82 0 3 0 75 25 45 90 11 46 0 48 68 0 71 82 83 53 0 0 61 89 0 0 74 0 82 0 54 34
0 23 0 0 84 0 29 11 39 0 0 17 39 0 52 0 0 20 8 68 66 0 66 43 0 17 14 0 39 90 2 54 0 0 0 0 0 46 0 0 77 0 60 0 0 0 0 83 85 27 0 20 28 0 72 83 80 0 0 0 0 88 0 0 20 0 63 0 0 66
0 0 0 0 73 0 0 2 41 0 0 11 10 0 50 0 0 83 55 55 56 0 82 86 0 0 8 0 50 0 0 84 0 0 0 0 0 8 0 0 89 0 56 0 0 0 0 64 12 0 0 0 0 0 35 36 43 0 0 0 0 79 0 0 0 0 0 0 0 1
0 0 0 0 0 0 0 63 50 0 0 60 40 0 82 0 0 77 0 89 37 0 33 24 0 0 77 0 0 0 0 8 0 0 0 0 0 90 0 0 0 0 28 0 0 0 0 0 60 0 0 0 0 0 80 0 58 0 0 0 0 0 0 0 0 0 0 0 0 31
0 0 0 0 0 0 0 69 53 0 0 71 52 0 89 0 0 52 0 80 83 0 70 0 0 0 4 0 0 0 0 59 0 0 0 0 0 28 0 0 0 0 36 0 0 0 0 0 34 0 0 0 0 0 0 0 0 0 0 0 0 0 0 0 0 0 0 0 0 44
0 0 0 0 0 0 0 28 70 0 0 30 0 0 0 0 0 0 0 44 10 0 20 0 0 0 63 0 0 0 0 11 0 0 0 0 0 0 0 0 0 0 52 0 0 0 0 0 0 0 0 0 0 0 0 0 0 0 0 0 0 0 0 0 0 0 0 0 0 69
0 0 0 0 0 0 0 0 0 0 0 0 0 0 0 0 0 0 0 78 0 0 86 0 0 0 81 0 0 0 0 80 0 0 0 0 0 0 0 0 0 0 0 0 0 0 0 0 0 0 0 0 0 0 0 0 0 0 0 0 0 0 0 0 0 0 0 0 0 0
