70 90 50 30 40
3
1
1
3
5
1
1
5
1
1
1
1
4
1
4
2
1
5
1
3
2
3
3
4
1
1
1
1
1
1
5
1
3
5
1
4
1
1
1
5
4
1
5
5
1
1
2
2
4
1
3
2
3
5
5
3
3
4
3
3
2
1
1
5
4
2
5
3
3
2
1
2
3
3
1
2
3
2
4
4
1
5
4
2
5
4
3
2
2
1
0 2 1 1 5 3 1 1 5 2 3 5 4 4 5 3 1 4 2 1 1 1 5 2 2 5 5 4 3 3 3 3 5 4 2 1 3 4 3 2 2 4 3 3 4 5 5 3 4 2 2 1 1 3 5 1 4 3 4 3 4 3 5 2 5 3 5 4 1 5 4 5 5 1 3 1 2 3 3 2 4 2 1 2 1 1 5 2 5 5
3 0 2 2 2 4 1 2 2 1 2 2 2 4 2 1 4 5 3 2 1 5 1 4 5 5 1 1 1 1 3 1 3 4 2 2 2 5 1 2 2 4 3 2 5 3 5 4 2 3 5 4 4 3 5 4 1 4 5 5 3 3 4 5 5 2 2 3 3 5 2 2 5 4 1 3 3 3 3 3 1 5 3 3 1 5 1 2 5 2
4 5 0 3 2 5 2 2 5 3 5 3 3 4 2 4 2 5 4 3 5 3 3 1 2 3 1 2 4 4 5 5 5 5 5 3 1 2 2 1 5 5 4 2 3 4 2 3 5 1 1 4 1 5 5 3 2 1 1 4 2 4 3 3 5 1 3 5 5 4 3 4 5 5 3 5 2 5 1 2 4 1 4 4 5 5 3 3 1 1
5 4 5 0 1 4 4 5 2 5 4 3 2 1 2 3 5 4 1 5 5 3 5 1 1 4 4 3 5 1 5 4 2 5 2 4 1 2 1 1 2 3 4 4 2 3 2 5 3 4 5 5 2 4 3 2 3 5 4 4 2 4 1 3 3 5 4 4 4 1 1 4 1 4 5 4 4 4 2 3 1 5 3 4 4 5 1 2 2 5
2 5 1 2 0 5 4 1 4 1 5 4 4 4 2 3 3 1 1 3 1 4 5 3 2 3 4 3 5 2 5 1 3 2 2 4 3 4 3 5 4 3 1 2 5 1 2 4 4 4 4 3 1 1 5 1 2 4 2 5 1 5 5 4 2 2 2 5 4 5 3 1 1 1 1 4 2 3 3 5 5 3 1 5 5 4 4 2 1 2
1 3 4 3 3 0 3 2 2 2 1 5 4 1 3 5 5 3 4 4 3 1 4 2 2 2 5 2 4 3 1 4 5 3 2 2 1 5 3 1 3 1 3 2 1 4 4 3 5 1 4 5 4 3 2 5 4 3 5 1 2 4 2 4 3 1 5 1 4 5 2 2 3 4 4 2 4 4 3 3 5 2 5 2 1 1 4 5 2 4
5 1 1 5 5 1 0 3 1 2 3 3 2 1 2 2 1 1 1 3 4 2 4 5 3 4 5 4 3 2 5 2 1 1 3 2 1 5 4 5 5 5 4 2 3 4 4 1 4 3 4 4 4 4 1 5 5 4 4 4 2 1 5 4 1 2 4 2 1 5 5 3 4 2 5 1 3 4 2 5 2 1 2 3 5 5 2 5 1 4
2 3 5 2 4 2 3 0 1 5 2 3 2 1 3 3 3 2 3 4 3 2 3 3 4 4 5 3 3 4 3 5 3 2 5 4 2 3 1 2 1 2 3 2 1 4 3 1 3 1 2 4 2 1 2 2 4 2 2 2 1 5 2 3 4 4 2 5 2 2 1 4 3 2 2 3 3 4 3 4 1 2 3 2 2 2 3 1 1 4
3 4 3 1 3 2 4 5 0 1 4 1 3 5 5 4 2 3 3 3 1 4 3 5 4 3 4 3 2 2 2 4 4 1 1 5 3 3 3 1 2 1 2 4 5 3 3 2 3 4 1 5 5 2 2 1 1 2 3 4 5 5 2 4 2 1 3 2 5 4 4 4 1 5 2 2 3 2 4 5 1 1 1 2 2 4 4 1 2 2
5 3 4 3 5 5 4 1 3 0 1 3 4 5 1 3 4 4 3 4 1 5 2 1 1 5 1 3 4 5 5 5 5 1 2 5 5 2 3 1 1 4 2 4 1 4 2 4 1 5 5 3 3 5 5 1 1 5 3 4 5 5 5 2 4 1 5 2 5 2 2 2 5 4 3 2 4 5 4 5 4 1 4 1 1 3 4 2 3 3
5 3 4 1 5 3 4 2 2 2 0 2 4 1 1 1 1 3 1 1 5 1 2 3 5 5 3 1 4 5 4 5 3 1 5 4 2 5 4 3 3 4 5 2 1 5 2 5 4 1 5 5 1 1 4 3 1 3 1 3 5 4 3 5 5 2 2 3 4 4 5 1 1 4 4 5 2 5 2 5 3 3 3 5 5 3 2 3 2 2
2 1 1 2 4 4 3 5 3 1 4 0 5 5 4 1 2 3 5 2 5 1 5 4 1 4 1 4 1 5 5 5 5 3 4 5 4 5 3 1 5 1 4 4 5 4 1 3 2 3 3 4 3 3 4 3 1 4 4 1 3 3 3 5 3 4 4 2 2 5 4 4 1 3 5 2 1 5 2 2 5 2 5 2 5 2 5 3 5 3
3 2 1 3 1 1 2 1 3 1 2 1 0 3 4 5 4 4 5 3 3 5 3 3 5 2 4 2 4 4 2 1 2 2 3 2 1 5 3 1 2 2 5 4 2 2 2 3 5 4 5 5 2 2 2 5 3 2 5 1 2 4 1 4 1 5 4 3 1 3 2 1 2 5 5 1 5 5 1 4 3 5 4 3 3 1 3 1 3 2
4 5 1 4 5 1 4 2 1 2 3 3 5 0 4 2 3 2 2 2 2 2 2 3 2 4 4 4 4 2 4 2 3 2 5 5 4 4 5 2 1 2 3 3 3 3 4 2 2 5 3 4 3 4 2 1 4 3 4 4 3 3 5 2 5 5 4 2 3 4 1 1 2 4 2 2 2 5 5 2 5 2 1 4 5 4 4 1 5 2
3 3 2 5 4 1 3 5 1 1 3 5 3 4 0 2 1 2 5 4 2 5 5 4 1 1 3 5 4 4 1 5 4 3 1 4 4 4 1 2 5 4 2 3 2 5 4 5 4 3 2 3 3 2 1 4 5 2 5 4 5 4 3 2 1 3 1 4 5 4 5 3 2 5 4 5 5 5 5 4 2 3 3 3 4 1 4 1 2 4
5 2 5 3 3 2 5 1 3 4 4 2 5 1 1 0 2 4 3 3 4 5 4 2 3 3 2 2 3 2 5 3 3 3 1 2 2 5 5 2 4 5 1 2 2 2 3 1 2 1 1 5 2 3 4 5 5 3 5 1 1 4 4 3 5 5 5 1 5 3 2 1 2 3 5 1 2 1 5 4 1 4 5 5 5 1 3 1 2 1
2 5 1 5 5 5 3 2 5 4 3 2 2 4 1 1 0 5 4 5 4 2 1 3 4 1 3 1 5 2 5 3 2 1 4 4 5 4 5 2 2 3 4 1 2 3 2 3 5 1 1 2 1 2 3 1 1 1 4 1 4 1 4 5 3 5 5 2 3 4 3 1 1 1 3 2 2 4 4 3 1 1 4 1 4 2 5 5 3 3
5 1 4 5 2 1 4 3 1 1 1 1 4 1 1 3 2 0 4 5 5 4 5 5 5 1 3 1 5 3 5 1 4 3 2 2 3 1 4 2 1 3 5 5 4 2 2 1 2 2 4 5 1 4 1 4 3 4 4 2 3 4 5 3 4 3 2 5 5 2 1 5 3 1 5 1 2 1 3 2 2 5 3 2 2 2 4 2 2 1
5 2 5 4 4 2 2 4 5 1 4 1 3 3 3 2 4 3 0 4 5 4 4 5 1 5 5 5 2 2 1 1 2 1 4 1 3 1 1 5 3 5 1 4 4 2 4 2 4 4 5 4 2 3 1 4 2 3 3 3 2 3 3 1 3 3 4 4 5 4 2 4 3 4 3 2 2 2 3 4 5 5 2 4 1 3 5 2 2 2
3 5 4 1 5 1 3 2 3 3 2 4 4 5 2 3 5 5 4 0 4 4 1 1 4 2 2 2 4 5 1 4 3 1 4 2 1 5 5 3 2 1 3 5 1 2 4 5 2 1 2 2 2 4 2 4 4 5 3 4 1 2 5 3 4 3 1 4 2 5 1 4 5 3 5 2 3 1 2 3 3 3 3 1 5 3 1 3 3 5
3 2 2 4 5 4 2 2 2 3 4 3 2 5 4 5 3 4 5 1 0 3 5 3 2 2 4 3 5 2 1 4 3 2 3 5 3 4 4 5 1 5 3 3 4 5 2 1 5 3 4 4 2 5 1 5 1 1 2 2 3 1 1 3 2 4 3 5 2 3 4 5 3 5 5 1 2 5 2 1 1 5 2 3 2 1 2 4 3 2
1 4 5 5 3 2 1 4 4 3 4 2 2 5 3 1 3 4 2 3 2 0 2 2 5 5 2 4 5 3 1 5 3 1 3 4 3 3 1 2 1 3 2 5 4 2 3 5 5 5 5 1 1 4 5 2 3 3 2 5 2 3 1 2 1 2 4 3 5 2 2 5 5 2 5 4 3 5 3 3 2 5 4 1 2 2 1 4 3 4
3 5 4 4 1 5 3 1 3 5 5 5 2 4 5 3 4 2 2 5 3 1 0 3 4 5 5 4 4 2 1 4 3 2 5 3 3 3 3 1 4 3 3 5 2 2 5 5 1 3 1 2 3 1 1 1 4 2 4 1 1 1 2 1 2 1 1 1 3 5 4 4 1 1 5 5 1 2 2 4 1 5 5 5 2 5 3 3 1 5
3 5 5 1 1 1 1 1 4 3 1 4 4 5 3 1 5 3 3 3 4 4 1 0 1 4 3 1 2 2 3 1 5 1 2 5 2 4 5 3 4 4 4 1 5 1 2 1 5 4 2 2 3 5 2 5 1 3 4 2 2 3 3 2 2 3 5 1 3 4 2 1 2 2 3 2 1 5 5 3 5 2 1 3 5 3 1 3 5 1
3 1 1 5 1 4 4 1 5 4 5 5 3 2 5 1 4 1 3 1 4 2 5 2 0 2 2 4 2 1 4 3 4 2 5 5 1 4 2 5 1 2 4 3 3 2 1 3 1 1 4 4 4 5 5 5 5 3 2 4 1 5 1 5 4 2 1 4 5 3 3 2 4 2 4 4 3 3 3 5 2 4 5 4 2 2 4 2 3 2
5 1 1 2 3 4 1 3 1 5 4 2 1 2 3 3 5 5 1 2 3 1 5 4 4 0 5 2 2 3 3 4 2 1 1 3 5 1 3 5 5 4 5 3 3 4 2 4 5 2 1 2 5 5 4 4 2 5 2 4 4 3 2 4 2 5 5 2 3 1 5 2 3 2 2 1 4 3 4 2 5 5 2 2 5 4 5 5 5 3
3 2 3 2 4 2 3 2 1 4 1 2 5 2 4 3 3 3 4 2 1 4 2 5 4 5 0 2 1 4 4 5 2 1 4 5 4 1 5 2 1 3 5 2 5 3 1 5 3 1 1 3 5 3 1 5 5 1 5 4 1 5 1 3 4 4 5 3 3 3 2 4 5 2 5 2 4 2 3 2 3 1 4 2 3 3 1 4 4 5
1 2 4 5 4 1 4 2 5 4 3 2 1 5 2 5 1 1 4 2 4 5 4 5 2 5 3 0 4 1 4 4 3 5 4 3 2 4 1 2 1 4 1 1 1 3 4 4 1 5 3 1 2 3 4 4 2 4 4 4 5 5 4 3 3 2 3 1 4 1 1 3 2 1 5 1 1 4 4 3 2 3 5 2 2 4 1 3 5 1
3 1 3 1 2 4 5 3 1 5 1 4 4 2 1 4 2 2 3 5 4 1 1 5 5 4 5 5 0 1 4 3 5 4 1 5 5 3 1 1 5 1 1 3 1 2 5 5 1 4 3 1 1 5 4 2 3 1 1 1 2 3 1 1 5 4 3 4 4 1 1 3 3 4 4 1 2 5 2 5 3 2 4 5 2 5 1 5 3 2
1 1 2 4 2 3 1 5 2 2 5 3 3 4 3 2 1 1 5 1 5 4 3 1 1 1 3 3 1 0 2 2 5 2 1 1 5 4 1 2 3 2 1 3 3 2 2 2 3 2 4 2 3 4 4 2 5 2 3 1 1 5 1 4 4 2 1 3 3 2 1 3 4 2 1 3 1 1 1 2 5 1 3 3 1 2 5 3 2 2
1 4 3 5 4 3 1 5 1 1 1 1 4 2 1 3 4 4 4 2 5 2 2 1 1 5 2 2 3 5 0 1 5 1 2 3 2 1 2 3 2 4 5 3 2 4 4 5 3 4 1 2 2 3 1 3 1 1 1 3 4 5 4 5 5 1 1 2 4 5 1 5 3 1 5 4 5 2 3 4 1 3 1 5 2 4 3 1 1 1
1 1 1 2 2 4 1 2 1 4 3 2 1 1 2 4 4 4 1 2 1 3 4 5 3 4 3 2 2 3 4 0 4 1 2 4 5 4 4 2 4 5 3 1 5 4 3 1 5 5 3 3 2 3 1 4 4 5 5 2 2 5 5 5 3 3 2 4 2 3 1 4 4 5 3 3 3 4 1 1 3 5 5 5 4 3 5 3 3 4
3 1 5 3 5 5 4 1 3 5 4 4 4 5 3 5 5 3 3 4 3 4 5 4 4 2 4 4 2 1 5 1 0 3 4 2 1 5 5 5 4 2 5 2 4 3 2 3 4 1 1 5 1 4 3 3 5 1 2 2 5 1 3 3 3 5 5 3 4 1 3 3 3 2 1 3 1 5 1 3 3 2 1 4 1 2 4 1 5 4
4 5 3 4 2 3 3 4 1 3 4 5 1 1 1 4 4 3 4 5 5 1 3 1 4 2 3 5 2 4 1 4 5 0 4 4 5 5 5 1 2 3 4 3 1 3 5 4 1 3 3 2 4 2 2 3 3 3 4 2 5 4 4 2 3 5 1 4 4 5 5 1 3 2 5 3 2 3 1 1 3 2 5 2 5 3 5 3 5 5
1 2 3 2 1 5 5 1 4 4 2 3 1 3 1 4 1 4 4 1 5 2 5 4 3 3 2 2 2 3 4 5 2 4 0 1 3 3 2 5 2 1 5 5 5 3 4 1 4 3 2 2 4 3 4 3 1 3 3 2 5 1 4 3 1 5 4 4 2 3 2 4 4 1 5 3 3 4 1 2 5 5 1 3 5 3 3 2 3 4
4 4 1 5 3 1 4 4 4 2 1 4 4 1 3 4 2 2 5 2 4 2 5 1 4 1 2 1 5 1 4 2 5 2 3 0 2 1 4 3 3 3 4 2 1 1 1 3 2 4 2 4 4 1 3 3 5 5 4 5 2 4 4 2 2 4 2 5 3 3 2 2 4 2 3 3 5 5 2 1 5 1 5 3 2 2 5 2 3 5
1 5 3 3 4 4 4 2 3 4 3 4 2 1 1 3 3 5 4 2 2 1 1 3 1 4 4 3 4 5 3 1 2 2 2 5 0 4 2 2 1 4 4 1 2 3 3 3 3 3 4 2 4 5 5 3 5 3 2 5 2 5 4 1 5 3 5 5 3 5 3 3 3 2 3 4 3 4 2 4 3 2 5 2 5 3 2 4 1 5
2 3 1 2 5 3 1 3 4 3 1 5 2 1 1 3 2 2 5 3 4 3 1 5 5 4 5 3 2 3 5 1 3 1 4 3 5 0 1 1 2 2 4 1 2 5 4 2 1 4 1 5 1 2 1 4 3 2 1 4 5 2 4 1 5 5 2 4 3 2 1 2 1 5 1 3 2 4 5 5 2 3 1 4 1 4 4 2 5 5
1 2 5 5 1 3 5 2 3 2 3 3 5 3 4 1 5 2 2 4 3 2 5 2 1 3 3 4 2 2 2 2 5 1 1 2 2 1 0 2 5 5 4 4 1 2 1 3 1 5 5 2 3 1 2 3 3 5 2 2 4 5 2 4 4 1 3 3 1 4 4 5 3 1 5 2 4 2 4 5 4 2 4 5 4 4 4 2 4 3
5 5 3 3 2 5 5 5 3 5 4 3 2 2 2 5 1 3 3 2 3 1 5 4 4 3 5 5 4 5 3 4 3 5 2 5 2 4 3 0 4 5 5 1 3 1 3 5 2 3 1 2 1 4 2 2 5 4 4 5 1 5 4 3 2 3 4 2 2 3 5 4 2 4 3 4 3 5 5 2 2 3 1 2 2 4 5 3 1 1
4 5 3 3 2 2 4 2 4 3 1 4 5 5 1 2 3 4 1 2 2 4 4 2 4 3 2 1 3 2 4 4 5 3 2 4 5 5 5 2 0 2 2 3 4 5 1 2 2 3 4 1 3 3 1 4 2 3 3 5 3 4 2 2 5 4 3 1 3 2 1 5 1 2 3 4 3 4 2 4 2 5 3 5 1 4 2 3 2 4
1 4 2 5 3 4 3 4 4 3 1 2 3 1 4 5 3 2 3 2 1 3 4 2 5 2 1 4 3 1 1 5 1 1 2 4 3 1 5 4 3 0 5 5 1 3 3 1 2 2 5 1 1 4 3 3 2 2 3 1 2 5 1 1 1 5 5 5 2 3 2 2 5 3 1 3 3 5 1 1 2 2 1 1 4 1 5 3 2 2
4 1 5 2 3 2 1 1 2 1 4 1 5 3 2 1 3 2 1 2 5 4 4 2 5 4 3 3 1 2 2 1 5 3 3 1 3 2 4 5 2 5 0 3 2 2 5 4 1 3 3 5 2 2 2 2 1 4 5 2 4 5 4 2 2 3 3 3 2 3 5 1 3 1 1 2 1 2 4 2 3 3 2 5 2 1 4 3 5 2
4 4 1 1 1 5 1 3 2 4 5 1 5 4 3 1 2 3 2 1 1 4 3 3 2 1 5 1 1 2 3 1 4 5 4 4 2 1 2 3 3 4 4 0 4 4 2 2 2 2 3 5 4 4 2 3 1 1 5 3 3 2 3 5 3 1 5 4 3 4 3 3 5 5 2 5 4 1 3 3 2 4 2 4 5 3 3 5 5 1
3 2 4 1 1 5 1 1 3 2 1 2 3 4 4 4 5 4 2 2 1 2 3 4 4 4 5 3 4 5 3 4 2 4 5 2 1 3 5 2 5 5 4 1 0 2 5 4 2 2 3 4 2 3 2 1 2 2 2 5 2 5 1 4 3 1 5 3 1 3 4 4 5 3 2 4 5 3 3 4 4 1 4 3 1 5 1 2 2 2
5 4 2 1 2 4 1 2 1 3 2 1 5 3 4 1 4 5 4 1 1 4 1 2 2 2 1 1 2 1 3 1 5 1 2 1 4 4 3 4 3 2 4 2 5 0 3 4 4 3 1 4 1 1 4 4 1 3 4 2 1 5 1 4 3 5 2 2 2 2 3 5 3 1 1 3 5 4 1 3 1 4 3 1 4 3 2 5 2 5
4 5 1 3 2 4 5 1 3 4 5 1 5 1 5 4 4 2 2 2 3 2 3 5 4 1 4 2 3 5 5 5 2 3 3 4 2 1 4 2 2 2 2 5 1 1 0 5 5 5 5 1 4 1 5 5 3 3 3 1 2 1 1 5 1 3 4 5 5 3 1 2 3 3 5 5 5 5 2 2 3 2 3 4 2 2 5 3 3 2
3 1 5 1 5 1 3 2 3 1 1 1 3 2 2 1 4 4 3 5 2 2 5 3 1 5 2 4 3 5 5 4 2 5 5 4 1 1 5 5 3 4 2 2 5 3 2 0 4 5 4 1 5 5 5 2 5 3 3 1 4 1 2 1 3 1 4 4 1 5 2 4 1 1 1 1 5 4 5 4 4 4 3 3 2 4 3 2 5 1
3 3 4 1 5 3 4 3 4 5 4 3 3 2 4 5 2 5 2 1 4 2 5 5 4 2 1 4 1 5 5 5 4 3 5 4 5 5 2 4 5 2 5 1 1 3 4 4 0 1 4 1 3 4 5 2 1 3 2 5 2 2 4 5 4 2 5 5 2 2 4 1 4 5 4 2 2 5 2 4 4 5 1 3 2 5 5 5 3 5
1 1 5 1 5 4 1 2 2 3 4 3 2 1 4 2 4 5 4 1 4 4 4 4 3 3 1 2 1 1 4 5 3 2 5 1 1 5 1 1 1 3 1 2 2 4 5 3 5 0 3 3 4 4 1 4 4 4 4 5 2 4 1 4 1 5 1 4 3 1 5 2 1 2 5 4 2 2 3 1 3 2 1 3 5 5 1 1 5 2
4 3 1 5 5 3 5 2 5 5 4 2 5 1 4 1 5 1 4 1 2 3 2 1 4 1 4 2 2 1 1 5 1 1 1 4 5 1 3 2 5 5 5 5 1 1 5 5 2 4 0 4 5 2 2 1 3 1 1 3 5 2 4 1 3 4 5 2 5 1 4 2 4 1 3 2 1 1 1 4 3 2 2 2 3 5 5 5 3 3
3 2 4 5 2 1 2 5 1 3 3 1 1 4 3 3 4 3 2 1 1 5 5 1 2 2 4 5 4 1 1 4 5 5 4 3 5 2 5 1 3 4 1 3 3 4 2 3 2 2 4 0 5 5 2 2 1 4 4 5 1 2 4 1 1 5 2 2 1 1 1 5 3 4 5 3 5 5 3 3 1 1 1 3 3 3 2 4 4 2
2 5 5 1 5 1 2 5 5 4 1 2 5 4 4 4 3 3 2 2 3 4 1 3 2 4 5 2 1 4 5 2 3 1 5 1 2 3 5 3 3 2 2 5 2 2 2 1 1 3 4 1 0 1 4 5 3 3 5 5 3 4 1 4 5 4 4 5 2 1 2 3 1 5 4 2 3 3 5 2 3 4 2 3 2 2 3 2 5 4
4 3 4 4 5 5 1 3 3 4 5 1 4 3 4 3 4 5 4 5 5 4 3 2 5 1 4 5 4 5 5 3 1 4 3 2 1 3 4 4 4 5 1 3 5 5 5 4 5 5 4 3 3 0 3 3 5 3 2 5 5 3 5 4 4 5 5 2 1 1 4 5 5 3 4 5 2 2 3 1 5 2 3 2 4 1 2 5 1 2
2 3 1 5 4 2 2 3 1 2 1 2 3 3 4 5 2 1 3 3 4 1 1 5 4 4 3 1 3 3 2 3 3 1 2 3 2 4 3 4 3 2 1 4 1 1 5 3 1 1 2 4 4 3 0 5 2 2 4 3 1 4 3 5 4 4 4 5 2 5 1 4 5 4 2 5 2 3 1 5 2 2 2 4 3 1 4 2 1 5
2 2 5 4 1 4 2 5 5 2 2 1 4 4 3 5 1 4 1 4 2 3 1 1 2 5 3 3 2 4 4 4 5 4 1 3 4 4 4 3 5 5 2 4 3 4 4 3 4 4 2 3 2 3 1 0 2 3 5 4 3 5 4 3 4 3 5 2 2 3 3 3 5 5 5 4 2 2 2 3 4 2 5 1 3 5 2 4 4 2
4 4 2 5 4 2 5 1 2 4 2 2 1 4 1 1 4 2 5 1 4 5 4 1 5 2 5 5 5 2 3 2 2 4 3 4 5 2 5 2 3 4 3 3 4 2 4 5 2 2 1 3 2 2 5 5 0 5 1 2 5 2 5 2 3 1 4 4 2 3 2 5 1 5 4 2 4 5 1 4 2 5 3 3 5 2 1 3 3 1
3 4 2 5 4 2 3 5 4 1 5 4 1 5 5 2 5 4 4 1 4 3 2 3 5 3 2 2 1 5 3 2 4 5 1 1 5 5 2 5 1 3 4 3 3 5 3 3 3 2 2 2 4 1 2 1 5 0 3 1 1 4 4 5 5 2 2 2 2 2 4 5 2 1 3 2 2 4 4 4 1 2 5 3 4 4 5 1 5 3
1 5 2 5 5 3 4 4 3 3 5 5 5 5 3 5 2 4 3 3 1 4 4 5 4 5 2 5 2 3 1 4 1 5 1 4 2 5 1 4 1 1 4 5 5 3 5 3 5 4 1 4 2 1 4 4 5 5 0 4 3 3 4 1 3 2 4 2 2 5 5 5 5 2 4 5 1 5 4 1 2 2 2 3 2 4 5 4 1 4
5 1 2 4 2 5 2 2 4 3 2 3 1 1 5 4 2 5 2 3 5 4 4 3 1 1 5 1 2 5 4 4 3 4 4 1 4 2 2 2 1 4 4 5 1 1 5 4 5 2 4 4 1 4 5 1 5 1 2 0 3 3 4 2 4 1 5 5 1 3 2 5 1 4 5 3 1 1 1 4 3 1 1 5 4 1 5 4 4 4
1 2 3 4 4 2 2 1 4 5 2 1 4 2 5 5 2 5 1 4 1 5 2 1 5 3 4 2 4 5 5 3 3 4 2 1 5 1 1 4 1 1 4 5 5 5 5 3 4 5 4 1 5 1 2 5 4 5 4 4 0 4 1 3 3 1 5 4 5 2 5 2 5 5 5 3 1 1 4 3 4 5 4 1 4 3 4 3 3 5
2 3 5 3 2 1 2 2 1 2 3 5 3 4 4 5 1 4 2 3 5 5 4 4 1 3 5 5 4 4 3 4 3 4 4 1 4 5 2 2 4 2 1 4 4 4 5 3 5 3 3 1 3 5 4 1 2 2 5 3 2 0 1 3 1 5 5 5 4 4 1 2 3 4 2 5 5 1 4 1 1 2 1 1 4 1 3 4 3 1
3 2 4 5 5 4 5 2 3 2 5 1 5 2 5 5 4 4 1 4 2 1 4 4 1 3 3 2 3 4 4 2 4 3 1 2 2 5 3 5 4 4 3 5 1 1 1 2 3 1 1 4 2 2 3 4 1 3 1 1 2 2 0 1 3 2 3 5 1 4 5 5 5 2 3 3 2 4 5 5 3 1 1 5 1 3 4 1 1 4
4 4 3 2 2 1 4 3 2 5 4 5 1 4 2 3 2 1 2 5 4 2 2 5 5 3 1 1 4 1 1 2 3 3 4 5 1 3 5 5 2 5 4 3 1 3 4 3 1 4 2 1 3 2 4 2 4 4 3 3 4 2 2 0 1 1 5 2 4 5 1 5 5 2 4 2 4 3 3 1 1 1 2 2 3 2 2 2 3 1
2 3 2 1 4 4 3 5 2 2 3 1 2 1 1 4 4 2 4 1 5 4 4 5 4 4 1 5 1 3 2 2 2 4 2 5 4 3 1 4 2 4 2 1 1 4 4 1 3 5 5 1 4 3 3 5 5 5 1 5 2 2 4 5 0 1 2 5 4 5 3 3 2 2 3 4 2 5 1 1 4 3 3 2 4 4 1 2 1 4
2 2 5 3 5 5 2 3 2 2 3 3 4 2 1 3 4 4 5 3 5 1 3 3 4 4 4 4 1 1 3 4 2 5 2 2 5 2 3 5 2 4 5 3 5 5 5 1 3 3 5 3 1 3 1 3 4 3 3 5 3 1 5 1 4 0 5 3 3 5 1 2 1 3 2 3 5 1 5 4 5 1 4 5 3 2 1 4 3 5
2 3 1 1 4 4 5 2 2 4 1 1 1 5 2 1 4 4 1 1 5 5 3 5 4 2 5 1 1 1 1 5 5 5 4 5 5 1 4 5 2 3 3 5 4 5 4 5 5 1 4 1 3 4 1 5 4 5 2 1 1 3 3 1 2 5 0 4 4 4 1 2 3 5 5 1 1 3 4 4 4 5 4 4 3 1 2 3 1 4
3 2 1 5 5 4 2 5 5 2 1 3 1 1 2 3 3 2 5 1 1 1 4 2 4 1 4 5 4 3 1 3 3 3 5 5 5 4 1 1 5 3 5 5 4 2 3 2 4 2 4 5 1 2 2 2 1 1 2 4 5 4 1 5 2 1 5 0 5 1 3 2 2 1 5 2 5 5 3 5 1 5 2 4 1 2 3 2 4 2
4 4 1 2 1 5 5 3 5 5 3 1 4 4 2 3 3 5 4 4 4 1 1 4 4 1 4 5 1 5 1 4 1 4 2 3 2 5 1 4 5 2 2 5 3 5 4 3 3 1 5 4 2 1 5 3 1 5 1 4 2 2 4 4 2 2 5 3 0 4 5 5 3 3 5 3 5 3 4 1 4 1 1 1 5 1 1 1 5 3
1 4 1 3 3 3 5 2 1 1 4 5 2 2 3 2 2 4 2 3 3 2 2 2 1 1 1 1 4 2 3 5 4 3 5 4 3 3 5 4 5 2 1 4 3 1 1 5 2 4 2 2 3 2 1 2 1 3 2 5 2 1 5 1 1 4 4 4 3 0 3 4 3 5 3 2 1 3 5 4 3 2 2 3 3 3 2 1 4 1
4 2 3 1 1 5 5 3 1 4 3 5 2 3 4 4 1 5 5 2 2 1 1 2 2 4 5 4 3 4 3 5 2 5 5 5 4 4 5 1 1 1 3 4 5 2 3 4 3 2 5 1 1 3 1 5 3 5 4 2 2 5 4 4 3 3 1 2 2 4 0 5 1 4 4 5 3 1 3 1 5 4 4 2 3 4 1 4 1 3
2 5 2 4 4 1 4 4 2 1 4 5 2 1 3 5 5 4 4 2 3 5 3 1 4 1 1 1 5 2 5 3 2 5 2 4 2 4 2 4 1 1 2 5 5 4 1 2 4 2 4 2 1 4 2 3 2 3 2 3 3 1 3 4 2 5 3 2 1 4 2 0 2 2 2 4 1 2 2 4 5 3 4 4 4 2 3 3 5 5
5 3 1 5 4 5 2 2 5 5 2 2 3 3 2 1 4 3 1 4 2 2 3 5 2 4 2 1 5 1 5 1 1 2 5 1 2 3 5 4 3 5 5 1 1 1 4 5 1 5 4 2 5 5 1 5 2 5 1 5 5 1 5 3 3 1 4 1 5 5 4 1 0 2 2 4 2 5 4 5 3 4 2 1 2 3 5 1 3 1
5 3 2 3 3 1 4 5 3 5 1 2 3 5 3 1 5 3 4 3 2 1 5 3 5 1 1 1 2 5 1 5 3 3 5 1 4 5 2 1 3 3 5 3 4 2 4 3 1 2 2 4 2 5 5 5 1 2 4 4 2 5 2 3 5 5 5 1 1 3 3 1 5 0 3 3 4 4 2 5 3 2 5 5 4 2 3 3 5 3
4 3 5 1 4 3 4 5 5 1 4 5 4 1 5 4 3 2 2 5 2 1 3 2 1 3 3 4 1 1 3 4 2 2 5 5 4 2 3 4 1 5 1 5 1 3 3 1 5 3 3 3 4 5 3 4 5 5 2 2 3 1 1 1 3 1 3 4 4 5 2 3 3 3 0 1 4 4 2 3 1 3 3 1 1 4 5 2 2 5
2 2 5 3 3 3 2 4 5 2 3 4 4 3 2 1 2 1 3 5 2 2 4 5 5 4 5 2 3 2 1 3 5 3 1 1 2 2 2 2 3 2 1 5 4 4 2 2 4 2 1 1 2 1 4 5 3 1 5 5 4 3 5 2 3 2 5 2 3 3 4 4 3 2 5 0 3 2 5 5 2 4 3 3 3 3 4 4 5 5
4 3 1 2 3 4 5 2 3 3 2 3 2 3 5 2 2 3 3 4 2 2 3 3 5 2 5 3 4 3 2 5 4 4 3 1 2 2 2 3 2 5 3 1 5 4 2 1 4 3 1 2 1 3 3 3 4 1 5 3 1 2 5 5 1 3 5 4 4 1 5 4 4 1 4 1 0 4 1 4 5 5 1 1 3 3 1 1 1 4
2 1 1 4 4 1 2 1 5 3 3 3 5 3 2 3 3 5 3 5 4 2 3 4 3 2 3 5 1 3 5 5 1 4 4 1 4 2 3 5 4 4 5 2 5 4 3 5 1 4 1 3 2 2 4 4 2 2 4 1 1 1 5 4 4 2 4 4 3 4 4 4 5 1 2 1 1 0 2 2 4 4 1 5 2 2 1 2 2 5
4 4 3 1 2 3 5 5 4 5 2 1 5 3 4 1 3 2 5 2 2 3 2 5 3 4 3 5 4 4 2 5 1 2 4 2 4 3 2 3 4 3 5 5 3 2 2 2 4 4 2 5 5 5 3 2 1 1 3 4 4 5 1 4 5 3 3 3 4 5 3 3 1 2 2 4 2 3 0 3 5 1 2 4 3 2 1 3 3 1
2 3 1 4 5 3 5 2 4 1 5 1 5 4 3 5 4 5 5 2 2 4 2 4 2 3 4 3 3 3 3 2 4 1 2 3 2 4 2 1 1 4 3 3 5 4 1 1 2 1 1 4 3 4 4 3 3 3 3 4 4 3 4 2 5 5 5 3 1 2 3 5 3 5 5 2 5 3 5 0 1 5 1 3 1 2 5 1 2 2
3 4 3 1 4 5 1 5 3 3 4 1 4 5 5 2 5 5 5 1 4 1 3 2 1 3 1 5 1 4 5 1 4 1 5 3 1 1 2 1 3 3 2 3 4 2 5 4 1 2 2 3 1 3 5 3 3 2 1 1 3 2 2 2 1 2 2 2 4 1 5 4 4 2 2 5 3 1 3 3 0 5 1 2 1 1 3 3 5 2
1 4 1 5 4 4 4 5 2 4 1 5 5 4 1 2 2 4 3 1 4 3 4 4 5 2 1 2 3 2 1 3 3 1 3 4 1 3 3 3 2 2 4 4 1 3 4 1 2 3 1 1 4 5 3 1 1 1 5 4 1 5 3 2 2 5 1 3 1 5 4 3 2 1 4 4 2 5 5 1 5 0 3 2 4 4 5 4 3 5
5 3 4 5 3 2 5 3 3 1 3 2 4 3 4 3 1 5 3 5 4 4 3 1 1 3 1 4 3 4 4 3 4 2 4 3 3 3 4 1 5 5 3 5 4 4 3 4 5 5 5 2 3 3 1 4 3 5 4 5 4 4 5 2 3 2 4 4 5 4 3 2 2 5 5 3 3 1 2 3 3 2 0 4 1 4 2 1 3 3
1 1 1 3 5 2 5 3 3 1 3 2 3 2 2 1 5 2 1 5 2 3 3 4 4 3 4 2 3 1 2 2 5 2 4 5 4 3 4 2 3 4 2 4 2 5 2 1 5 5 3 2 4 4 5 3 3 1 4 1 1 2 5 2 1 1 4 4 3 5 3 3 3 1 1 5 4 4 1 3 2 3 4 0 4 2 2 3 2 3
4 4 4 3 4 2 5 3 5 5 5 1 4 2 1 1 1 2 3 3 1 4 4 2 1 3 4 3 3 5 4 1 4 5 1 5 3 5 5 3 3 4 4 1 2 4 4 3 4 2 4 2 5 1 5 1 2 5 4 2 4 2 1 4 5 3 4 3 5 1 3 1 2 4 5 4 1 4 2 5 5 2 1 3 0 1 5 2 2 4
3 1 2 5 3 4 1 5 2 3 5 3 2 3 3 4 4 1 3 5 3 1 1 5 4 3 3 1 5 1 3 2 3 3 3 2 4 2 4 4 4 5 5 3 1 5 4 4 5 1 4 3 1 3 4 4 1 1 2 2 1 5 2 4 5 5 2 2 2 1 3 1 5 1 1 3 3 2 3 4 4 1 4 4 2 0 1 5 4 4
1 3 5 5 3 2 1 5 5 1 2 4 5 2 5 5 4 1 4 1 4 1 1 4 4 5 1 1 3 5 5 5 1 1 1 2 4 4 3 2 2 1 1 1 1 5 1 1 2 5 3 1 2 5 4 2 2 2 2 1 4 1 5 4 3 5 4 2 5 5 1 3 1 5 4 3 4 2 5 2 3 4 4 2 4 2 0 1 1 4
1 2 3 4 4 3 1 4 5 5 3 4 5 5 2 4 4 2 4 5 5 4 2 3 5 1 1 5 4 4 2 1 4 4 2 4 1 5 2 1 1 4 2 5 3 1 5 1 3 1 3 1 1 2 3 1 3 2 2 2 2 4 4 4 2 4 1 1 3 1 1 2 5 2 1 3 2 3 2 1 1 1 2 4 4 5 3 0 4 4
4 2 1 2 2 5 5 1 1 1 1 1 2 4 3 5 3 2 4 5 1 4 1 3 3 4 1 1 1 4 3 2 1 2 4 3 3 3 2 3 1 5 1 4 1 3 1 2 1 2 2 3 5 2 2 1 3 1 2 4 1 3 5 1 2 1 2 4 3 4 1 2 1 1 4 5 1 3 4 2 5 1 2 4 3 3 4 3 0 4
2 5 3 2 2 5 1 4 1 1 3 4 5 2 3 5 2 3 5 4 4 2 5 1 4 4 2 3 5 1 1 2 1 1 4 3 4 3 3 4 1 1 2 1 1 1 2 2 2 4 4 3 1 2 5 2 4 4 3 5 1 4 4 4 3 2 3 4 3 2 4 4 2 3 1 5 5 4 3 1 5 2 2 4 3 1 4 2 4 0
58 30 40 32 25 56 30 63 26 61 84 26 18 52 90 12 69 53 3 29 30 48 30 7 22 84 5 88 8 12 61 83 9 58 55 89 34 54 77 13 68 43 48 86 37 2 35 11 85 36 16 37 8 15 22 56 39 40 83 88 78 71 10 81 77 80 4 76 3 30
26 50 27 24 31 48 2 37 84 43 65 49 38 32 35 83 2 61 43 12 41 22 45 51 44 40 60 16 9 79 66 82 28 8 61 49 12 18 76 27 12 54 68 79 90 5 41 54 90 43 88 66 4 38 54 88 78 64 54 47 69 63 44 49 40 32 9 7 25 46
44 25 60 21 56 23 33 34 18 20 71 69 27 42 89 54 3 24 5 33 77 30 11 89 10 27 77 20 79 86 77 59 70 72 13 23 18 4 84 90 84 86 29 34 41 82 19 69 88 90 45 68 90 66 14 12 23 22 8 10 70 64 36 77 11 69 49 21 85 83
23 20 41 28 19 46 61 48 75 82 49 71 37 7 7 36 27 13 41 17 23 28 81 80 15 45 63 17 42 83 43 64 16 4 46 87 45 52 6 19 47 18 26 82 13 28 13 75 30 8 37 70 56 42 49 41 3 43 12 65 82 10 90 4 49 16 60 12 75 3
88 75 55 50 81 41 25 17 49 74 7 63 57 26 36 11 4 84 27 31 12 41 46 44 72 88 54 85 71 59 62 23 57 54 51 33 75 87 43 58 33 33 27 50 20 51 17 63 57 28 56 3 20 43 67 33 53 60 17 20 41 32 59 82 20 35 35 75 41 22
42 41 26 8 5 45 40 24 25 18 50 59 28 61 34 3 44 41 69 10 25 26 4 17 11 79 87 63 12 35 39 5 67 83 64 54 65 20 38 6 17 69 66 39 51 87 43 43 66 61 35 57 82 29 66 71 13 34 25 87 85 74 4 50 14 33 57 44 80 1
80 40 49 80 89 6 6 65 86 66 64 10 46 79 72 80 71 5 4 59 22 71 90 29 46 20 11 7 56 6 32 50 89 44 73 30 39 56 8 68 63 61 62 46 77 64 65 44 55 11 71 31 25 41 59 37 71 44 75 21 74 4 56 39 18 43 25 6 88 77
82 17 17 63 49 57 5 82 87 67 80 67 24 33 41 74 77 18 35 73 37 75 13 49 4 85 27 41 10 84 46 16 30 36 4 3 56 50 81 38 73 50 58 31 32 79 25 13 50 60 69 42 87 34 8 49 22 90 4 59 7 49 37 12 4 63 63 57 64 17
59 73 70 41 59 73 27 21 7 30 2 55 7 60 53 53 53 9 76 32 43 43 33 67 65 29 49 4 59 19 85 58 3 23 8 40 90 69 56 29 26 27 85 89 65 39 22 3 38 32 81 73 23 21 34 6 9 47 14 46 73 29 17 16 51 89 14 20 39 2
89 32 47 55 54 66 35 55 46 77 8 39 74 57 32 44 12 7 18 66 38 24 49 72 35 78 32 64 38 4 18 29 90 76 2 35 87 19 83 12 78 71 25 48 62 7 57 33 28 42 46 11 65 16 13 31 30 42 62 39 30 7 83 2 75 2 17 32 55 88
8 44 10 48 4 20 78 58 9 40 16 87 71 58 38 65 76 21 60 62 10 47 60 90 61 65 4 14 52 87 3 48 18 45 40 63 19 85 36 63 52 36 76 16 4 78 44 26 64 39 36 20 53 32 26 30 6 84 61 54 38 78 74 9 26 48 7 8 60 26
63 66 89 77 10 27 11 52 20 15 9 29 79 4 45 13 40 86 44 57 39 90 12 25 34 10 56 27 32 31 38 43 41 80 89 16 52 65 18 61 71 7 72 83 55 52 75 17 40 7 28 19 78 83 6 73 68 89 36 63 71 75 28 69 29 30 67 54 58 33
30 45 78 38 68 71 83 75 37 73 23 13 84 89 9 26 39 47 90 90 52 2 78 62 90 13 53 79 83 56 40 10 19 6 1 17 74 78 49 14 80 30 36 72 6 69 70 19 21 24 77 13 1 80 41 1 5 24 87 37 17 84 85 37 69 66 31 1 10 9
72 28 21 52 53 37 14 78 56 90 77 52 25 14 69 5 32 68 84 13 53 82 67 54 21 7 69 34 37 55 54 38 79 64 27 74 5 6 85 28 34 57 77 73 52 57 48 29 16 45 89 55 59 89 11 81 25 20 70 14 80 15 3 51 7 17 51 48 87 19
49 48 44 19 48 17 49 33 42 1 41 60 47 72 43 72 36 11 67 83 84 11 28 31 80 80 6 8 88 41 56 70 10 5 54 81 20 43 61 65 53 2 37 41 33 46 86 77 86 34 17 49 77 46 55 40 57 58 32 85 25 73 80 55 48 9 10 46 63 70
65 15 72 18 21 53 28 1 78 69 89 81 81 27 67 20 55 80 13 36 15 20 29 35 79 76 1 15 31 61 15 67 86 89 7 18 49 35 86 89 18 47 74 90 22 21 6 87 6 10 9 33 32 62 3 11 43 71 56 5 40 22 70 6 70 14 71 64 42 29
47 14 9 9 42 59 54 22 74 88 68 35 16 3 78 58 8 27 30 82 80 27 9 15 26 51 19 68 76 90 19 4 35 66 67 76 67 89 34 16 8 8 41 29 59 33 87 40 3 6 50 10 51 18 17 53 70 17 11 42 13 47 11 54 13 4 61 68 48 47
69 8 81 83 76 76 23 25 44 48 30 61 63 23 17 81 73 25 23 77 73 19 16 46 51 58 82 28 58 44 74 21 31 49 9 58 15 16 52 32 89 38 28 40 68 45 66 85 77 53 65 4 69 65 10 5 27 31 43 89 51 82 22 76 60 87 16 83 12 18
68 52 2 2 12 9 59 51 61 9 72 45 12 2 62 50 88 76 61 79 26 69 61 9 14 70 14 48 7 72 42 74 80 39 81 75 68 81 20 46 44 24 17 37 25 60 84 72 12 78 72 88 18 17 72 63 16 55 29 83 60 41 18 1 22 84 86 63 23 44
48 89 86 66 39 32 70 61 24 6 85 34 26 49 65 49 75 83 78 8 54 66 40 18 74 71 29 12 90 28 6 49 34 55 43 78 79 71 24 71 90 28 60 38 40 89 74 27 72 49 87 80 33 30 38 21 66 88 58 19 68 76 75 11 53 47 66 45 66 82
27 58 66 65 90 13 36 27 83 33 43 73 6 85 37 68 82 40 49 61 51 83 74 11 28 48 2 43 29 15 31 86 8 24 10 27 78 31 72 25 45 65 40 11 61 35 82 9 25 57 85 45 72 76 57 62 15 69 30 11 43 62 7 58 15 1 12 78 84 41
9 38 88 23 23 61 41 15 51 70 78 31 20 80 46 59 6 81 88 68 3 17 84 85 6 6 48 51 85 78 73 37 13 2 59 82 66 9 69 36 66 84 64 60 3 34 85 56 51 41 34 75 46 4 9 70 33 4 85 30 61 34 88 52 41 75 76 53 61 5
84 42 25 88 80 43 39 7 15 72 34 6 65 67 2 10 50 52 80 19 89 12 31 8 57 49 55 65 4 14 78 65 72 3 83 25 88 3 63 45 50 60 78 77 36 42 68 4 13 5 59 43 12 60 47 24 65 39 46 56 81 36 68 70 61 39 77 26 36 66
32 55 52 56 44 12 58 39 41 56 27 3 29 19 44 55 46 58 68 87 48 25 14 34 52 26 68 36 13 65 13 71 43 85 33 48 53 28 29 78 59 74 47 25 74 24 31 55 73 68 42 47 66 72 12 86 88 63 19 25 63 58 50 33 66 74 32 10 20 25
4 68 76 68 66 15 37 19 57 14 40 85 3 15 79 19 80 45 85 28 60 5 54 41 47 46 88 60 87 24 81 36 52 7 77 62 10 42 1 87 37 45 56 14 66 41 76 82 35 23 47 18 54 67 82 26 64 2 55 57 90 59 73 86 42 8 22 49 1 80
62 57 6 25 51 30 1 86 53 60 12 72 17 39 3 42 64 90 34 72 50 10 24 48 75 60 73 46 48 70 70 73 4 12 87 44 69 84 33 7 40 76 52 23 50 31 73 49 39 27 76 40 60 6 32 60 69 5 80 6 44 45 65 10 81 46 45 82 57 79
16 51 20 81 22 64 89 81 66 8 11 15 61 74 50 75 48 23 29 45 6 29 44 56 53 33 67 69 74 26 14 14 53 18 3 46 25 86 40 22 69 51 87 19 17 88 46 25 11 81 27 69 45 2 24 17 74 48 89 71 3 69 66 45 16 24 58 71 7 15
17 4 7 40 33 50 46 8 11 2 66 83 88 66 70 64 79 54 65 26 18 18 37 6 30 42 84 30 30 43 21 87 17 17 16 32 85 13 55 69 51 14 4 67 46 59 54 24 14 2 66 46 16 19 27 34 32 8 10 82 62 70 43 61 58 57 70 84 53 73
39 71 8 72 70 19 9 23 69 59 52 56 13 62 77 35 81 17 26 7 42 77 66 73 66 43 62 89 35 25 22 32 60 20 5 9 63 82 47 49 88 46 63 78 18 62 9 1 42 83 86 60 27 59 44 78 82 70 21 26 36 81 20 40 82 82 11 85 51 37
52 65 56 64 43 79 31 3 3 3 33 50 44 56 16 39 84 67 81 11 34 46 53 1 87 81 65 6 75 68 51 41 62 84 72 70 38 8 25 88 85 17 49 64 83 43 83 84 34 70 26 82 58 54 33 75 73 57 68 27 2 38 5 68 63 64 52 90 11 50
5 56 12 6 72 8 66 50 58 29 0 66 10 0 42 79 61 8 16 30 90 16 35 69 82 66 47 13 11 60 24 69 54 10 42 28 0 47 50 72 11 81 83 20 63 56 69 79 67 44 67 83 83 51 68 44 61 85 16 31 66 11 52 23 79 56 39 25 86 64
87 43 82 62 55 72 17 44 12 89 0 18 58 0 20 34 70 79 59 84 11 88 17 33 12 34 33 71 82 22 76 35 44 40 25 24 0 0 60 0 75 80 5 65 30 68 3 58 0 59 3 0 2 70 69 52 21 56 26 44 75 17 12 8 33 0 6 74 69 51
36 18 35 90 28 67 0 88 35 28 0 16 59 0 56 82 10 33 52 15 71 6 43 10 0 37 17 11 63 51 68 9 0 11 68 88 0 0 17 0 35 19 79 0 89 36 7 34 0 4 1 0 62 35 81 50 14 78 1 75 49 50 30 5 23 0 78 51 8 20
71 29 68 16 73 83 0 70 82 0 0 22 64 0 0 38 35 0 39 60 70 65 15 61 0 53 90 47 55 32 58 24 0 70 26 80 0 0 41 0 60 72 50 0 80 63 89 0 0 63 19 0 36 48 70 0 58 0 23 0 9 60 0 14 52 0 69 19 38 85
78 0 33 27 57 88 0 47 21 0 0 25 23 0 0 51 26 0 51 2 2 33 82 66 0 44 30 77 0 73 16 17 0 47 39 5 0 0 80 0 54 75 57 0 14 4 28 0 0 58 51 0 0 77 65 0 60 0 79 0 28 61 0 67 62 0 30 17 13 54
0 0 36 7 45 5 0 85 81 0 0 86 35 0 0 69 37 0 73 0 81 57 70 79 0 0 46 23 0 67 82 0 0 0 31 14 0 0 0 0 48 67 0 0 58 11 50 0 0 17 43 0 0 0 62 0 62 0 81 0 24 54 0 71 8 0 89 5 19 34
0 0 19 57 67 0 0 13 30 0 0 9 76 0 0 46 24 0 79 0 0 0 52 21 0 0 70 39 0 82 89 0 0 0 29 42 0 0 0 0 10 0 0 0 56 73 60 0 0 65 63 0 0 0 28 0 81 0 44 0 72 90 0 0 78 0 0 39 46 48
0 0 0 11 0 0 0 43 0 0 0 42 0 0 0 0 0 0 0 0 0 0 0 30 0 0 7 61 0 77 71 0 0 0 20 15 0 0 0 0 42 0 0 0 29 12 0 0 0 76 0 0 0 0 90 0 1 0 51 0 0 0 0 0 86 0 0 36 9 0
0 0 0 0 0 0 0 64 0 0 0 36 0 0 0 0 0 0 0 0 0 0 0 0 0 0 13 82 0 0 27 0 0 0 38 0 0 0 0 0 19 0 0 0 0 15 0 0 0 77 0 0 0 0 0 0 24 0 0 0 0 0 0 0 5 0 0 38 43 0
0 0 0 0 0 0 0 0 0 0 0 0 0 0 0 0 0 0 0 0 0 0 0 0 0 0 24 0 0 0 84 0 0 0 0 0 0 0 0 0 86 0 0 0 0 0 0 0 0 15 0 0 0 0 0 0 63 0 0 0 0 0 0 0 68 0 0 0 0 0
0 0 0 0 0 0 0 0 0 0 0 0 0 0 0 0 0 0 0 0 0 0 0 0 0 0 0 0 0 0 0 0 0 0 0 0 0 0 0 0 0 0 0 0 0 0 0 0 0 0 0 0 0 0 0 0 0 0 0 0 0 0 0 0 0 0 0 0 0 0
0 0 0 0 0 0 0 0 0 0 0 0 0 0 0 0 0 0 0 0 0 0 0 0 0 0 0 0 0 0 0 0 0 0 0 0 0 0 0 0 0 0 0 0 0 0 0 0 0 0 0 0 0 0 0 0 0 0 0 0 0 0 0 0 0 0 0 0 0 0
0 0 0 0 0 0 0 0 0 0 0 0 0 0 0 0 0 0 0 0 0 0 0 0 0 0 0 0 0 0 0 0 0 0 0 0 0 0 0 0 0 0 0 0 0 0 0 0 0 0 0 0 0 0 0 0 0 0 0 0 0 0 0 0 0 0 0 0 0 0
0 0 0 0 0 0 0 0 0 0 0 0 0 0 0 0 0 0 0 0 0 0 0 0 0 0 0 0 0 0 0 0 0 0 0 0 0 0 0 0 0 0 0 0 0 0 0 0 0 0 0 0 0 0 0 0 0 0 0 0 0 0 0 0 0 0 0 0 0 0
0 0 0 0 0 0 0 0 0 0 0 0 0 0 0 0 0 0 0 0 0 0 0 0 0 0 0 0 0 0 0 0 0 0 0 0 0 0 0 0 0 0 0 0 0 0 0 0 0 0 0 0 0 0 0 0 0 0 0 0 0 0 0 0 0 0 0 0 0 0
0 0 0 0 0 0 0 0 0 0 0 0 0 0 0 0 0 0 0 0 0 0 0 0 0 0 0 0 0 0 0 0 0 0 0 0 0 0 0 0 0 0 0 0 0 0 0 0 0 0 0 0 0 0 0 0 0 0 0 0 0 0 0 0 0 0 0 0 0 0
0 0 0 0 0 0 0 0 0 0 0 0 0 0 0 0 0 0 0 0 0 0 0 0 0 0 0 0 0 0 0 0 0 0 0 0 0 0 0 0 0 0 0 0 0 0 0 0 0 0 0 0 0 0 0 0 0 0 0 0 0 0 0 0 0 0 0 0 0 0
0 0 0 0 0 0 0 0 0 0 0 0 0 0 0 0 0 0 0 0 0 0 0 0 0 0 0 0 0 0 0 0 0 0 0 0 0 0 0 0 0 0 0 0 0 0 0 0 0 0 0 0 0 0 0 0 0 0 0 0 0 0 0 0 0 0 0 0 0 0
0 0 0 0 0 0 0 0 0 0 0 0 0 0 0 0 0 0 0 0 0 0 0 0 0 0 0 0 0 0 0 0 0 0 0 0 0 0 0 0 0 0 0 0 0 0 0 0 0 0 0 0 0 0 0 0 0 0 0 0 0 0 0 0 0 0 0 0 0 0
0 0 0 0 0 0 0 0 0 0 0 0 0 0 0 0 0 0 0 0 0 0 0 0 0 0 0 0 0 0 0 0 0 0 0 0 0 0 0 0 0 0 0 0 0 0 0 0 0 0 0 0 0 0 0 0 0 0 0 0 0 0 0 0 0 0 0 0 0 0
